dataset_name	HanniganGD_2017	HanniganGD_2017	HanniganGD_2017	HanniganGD_2017	HanniganGD_2017	HanniganGD_2017	HanniganGD_2017	HanniganGD_2017	HanniganGD_2017	HanniganGD_2017	HanniganGD_2017	HanniganGD_2017	HanniganGD_2017	HanniganGD_2017	HanniganGD_2017	HanniganGD_2017	HanniganGD_2017	HanniganGD_2017	HanniganGD_2017	HanniganGD_2017	HanniganGD_2017	HanniganGD_2017	HanniganGD_2017	HanniganGD_2017	HanniganGD_2017	HanniganGD_2017	HanniganGD_2017	HanniganGD_2017	HanniganGD_2017	HanniganGD_2017	HanniganGD_2017	HanniganGD_2017	HanniganGD_2017	HanniganGD_2017	HanniganGD_2017	HanniganGD_2017	HanniganGD_2017	HanniganGD_2017	HanniganGD_2017	HanniganGD_2017	HanniganGD_2017	HanniganGD_2017	HanniganGD_2017	HanniganGD_2017	HanniganGD_2017	HanniganGD_2017	HanniganGD_2017	HanniganGD_2017	HanniganGD_2017	HanniganGD_2017	HanniganGD_2017	HanniganGD_2017	HanniganGD_2017	HanniganGD_2017	HanniganGD_2017
study_condition	CRC	CRC	CRC	CRC	CRC	CRC	CRC	CRC	CRC	CRC	CRC	CRC	CRC	CRC	CRC	CRC	CRC	CRC	CRC	CRC	CRC	CRC	CRC	CRC	CRC	CRC	CRC	control	control	control	control	control	control	control	control	control	control	control	control	control	control	control	control	control	control	control	control	control	control	control	control	control	control	control	control
k__Archaea.p__Euryarchaeota.c__Methanobacteria.o__Methanobacteriales.f__Methanobacteriaceae	0	2.65387	0	2.06922	0	3.61987	0	0.10064	0	0	0	0.40508	8.56939	0	0	1.0564	0	0	0	0	0	0.16822	0	0	0	0	4.88678	0	0	0	0	0	0	0	0	0	0	0	3.63518	0	0	0.35803	0	1.76247	0	0	0	0	3.99734	0.04154	0	0	0	3.23825	0.01009
k__Bacteria.p__Actinobacteria.c__Actinobacteria.o__Actinomycetales.f__Actinomycetaceae	0.14116	0	0.04663	0	0	0	0.02895	0.26895	0.47263	0.01624	0	0	0	0.01269	0	0	0	0	0	0	0	0	0	0	0	0	0	0	0	0.02999	0	0	0	0.02353	0	0.4137	0	0	0	0	0.08173	0.07999	0.34179	0	0	0	0.00672	0.07208	0	0.12066	0.0123	0	0.01351	0	0.26717
k__Bacteria.p__Actinobacteria.c__Actinobacteria.o__Bifidobacteriales.f__Bifidobacteriaceae	8.0156	0	9.31638	3.10217	12.62047	4.12886	46.59807	0.0	16.72463	0	0	13.43161	0	4.56578	4.03215	0.74203	0	6.09727	1.77361	2.43378	4.90697	28.31649	29.73815	27.22602	0.32433	7.31025	6.58672	0	0	4.32924	14.66715	48.21434	0.70754	0	10.1353	14.87207	14.23224	36.43415	0	0.06908	0	4.37116	57.77258	41.13176	6.77621	0	0.26945	6.56474	0	30.04765	0	13.19574	7.99502	0	1.71099
k__Bacteria.p__Actinobacteria.c__Actinobacteria.o__Micrococcales.f__Micrococcaceae	0.24743	0.56125	0.0	0	0	0	0	0.09093	0	0	0	0	0	0	0	0	0	0	0	0	0.04257	0.00934	0.11432	0	0	0	0	0	0	0	0	0.00798	0	0.08909	0	0	0	0	0	0	0	0	0.00274	0.0	0.0	0	0	0.10335	0	0.17424	0	0	0	0	0.08592
k__Bacteria.p__Actinobacteria.c__Actinobacteria.o__Propionibacteriales.f__Propionibacteriaceae	0.0	0.0	0.18189	0.0	0.0	0.0	0.0	0.0	0.0	0.0	0.0	0.0	0.0	0.0	0.0	0.0	0	0.0	0.0	0.0	0.0	0.0	0.0	0.0	0.0	0.0	0.0	0.0	0.0	0.0	0.0	0.0	0.0	0.0	0.0	0.0	0.0	0.0	0.0	0.0	0.0	0.0	0.0	0.01914	0.03334	0.0	0.0	0.0	0.0	0.0	0.0	0.0	0.0	0.0	0.0
k__Bacteria.p__Actinobacteria.c__Coriobacteriia.o__Coriobacteriales.f__Coriobacteriaceae	3.0129	7.05855	10.15848	47.82234	10.94843	2.05688	14.35379	14.8971	11.87339	6.31974	7.76483	6.74588	0.0	0.0	3.38804	2.58915	0	7.24885	0.0	0.1039	26.02355	7.80137	0.0	0.0	0.24275	12.69789	12.76279	0.0	0.0	24.76136	0.0	14.60014	0.0	0.0	0.23087	28.46907	33.89524	0.40298	3.33886	0.0	0.0	11.12128	0.0	12.9393	5.22448	1.7032	6.01091	12.4162	3.62779	20.54305	8.27752	0.0	27.25855	6.6265	11.49025
k__Bacteria.p__Actinobacteria.c__Coriobacteriia.o__Eggerthellales.f__Eggerthellaceae	0.64433	1.54961	1.27124	5.35874	0.94626	0.14697	2.40889	17.70925	1.61254	4.61081	0.68353	3.74062	0.66344	0.60189	0.21905	0.71456	0	0.25433	0.2497	2.32172	2.00557	0.10711	3.89696	0.8962	0.60269	1.45834	2.10583	1.4219	4.03537	2.45816	5.24016	1.67894	1.59383	3.00587	1.37876	2.00384	2.46289	0.0	0.0	0.18334	5.51511	0.26325	0.76282	0.47732	3.56137	0.34118	1.48838	0.50317	0.01682	1.35799	1.33314	4.13708	2.79557	8.59328	1.60191
k__Bacteria.p__Bacteroidetes.c__Bacteroidia.o__Bacteroidales.f__Bacteroidaceae	0.74746	0.0	0.0	1.1538	2.02661	2.12619	0.0	18.01071	4.3897	10.51364	0.0	0.0	0.10086	0.0	5.06622	0.75707	0	6.68269	1.49116	3.17597	0.53846	0.15423	0.09768	0.0	0.33362	0.1404	0.7687	4.95767	0.0	0.0	0.00732	0.39543	12.26313	0.84934	3.3049	5.68277	0.73289	0.0	0.73692	32.40727	2.4446	3.78058	0.20564	6.98015	8.15288	7.13208	0.10291	0.24345	1.631	0.01844	9.8522	0.45345	0.19884	7.5846	0.49021
k__Bacteria.p__Bacteroidetes.c__Bacteroidia.o__Bacteroidales.f__Barnesiellaceae	0.0	0.0	0	0.0	0.0	0.29874	0	0.0	0.55299	0.0	0	0.0	0.0	0	0.0	0.0	0	0.85333	0.0	0.0	0.0	0.0	0.0	0.0	0.0	0.0	0.01231	0.0	0.0	0	0.0	0.0	0.0	0	0.0	0.07082	0.0	0	0.0	0.0	0.0	0.21357	0	0.96758	0.10242	0.15936	0	0.0	0.0	0.0	0.26591	0.0	0.466	0.45661	0.0
k__Bacteria.p__Bacteroidetes.c__Bacteroidia.o__Bacteroidales.f__Odoribacteraceae	0.0	0.0	0	0.02094	0.0	0.0	0	0.07009	0.0	0.0	0	0.0	0.08932	0	0.0	0.0	0	0.0	0.0	0.0	0.0	0.0	0.0	0.0	0.0	0.0	0.0	0.0	0.0	0	0.0	0.0	0.4319	0	0.0	0.0	0.0	0	0.0	1.15045	0.0	0.34485	0	0.0	0.03109	0.0	0	0.0	0.04495	0.0	0.0	0.0	0.0	0.0	0.0
k__Bacteria.p__Bacteroidetes.c__Bacteroidia.o__Bacteroidales.f__Porphyromonadaceae	0.0	1.24509	0	0.0	0.0	0.0	0	0.0	0.72128	0.0	0	0.0	2.70585	0	0.0	0.0	0	0.0	0.0	0.0	0.0	0.0	0.0	0.0	0.0	0.0	0.0	0.0	0.0	0	0.0	0.0	0.0	0	0.0	0.0	0.0	0	0.0	0.0	0.0	0.0	0	0.0	0.0	0.0	0	0.0	0.0	0.0	0.0	0.0	0.0	0.07514	0.0
k__Bacteria.p__Bacteroidetes.c__Bacteroidia.o__Bacteroidales.f__Prevotellaceae	0.0	0.0	0	0.0	0.80845	2.21984	0	0.0	0.08145	0.0	0	0.0	0.02509	0	0.0	0.0	0	0.59271	0.0	0.0	0.0	0.0	0.0	0.0	0.0	0.0	0.0	0.0	0.0	0	0.0	0.0	0.0	0	0.0	0.0	0.0	0	0.0	35.85569	0.0	0.0	0	0.0	0.0	0.0	0	0.0	0.0	0.01456	0.0	0.0	0.0	0.21056	0.0
k__Bacteria.p__Bacteroidetes.c__Bacteroidia.o__Bacteroidales.f__Rikenellaceae	0.03599	0.22508	0.0	0.54189	0.23085	1.21424	0.0	13.40825	0.1966	0.24562	0.0	0.0	0.0	0.0	1.1652	0.07416	0	3.17766	0.55151	0.0	0.0	0.0	0.0	0.09164	0.0	0.66754	0.61825	0.0	0.0	0.0	0.0	0.08881	4.41625	0.0	0.30973	0.04623	0.1466	0.0	0.0	0.15459	1.46774	0.85912	0.0	2.31032	2.04574	0.53503	0.0	0.06102	0.02673	0.0	0.0	0.0	8.01088	0.12276	0.02804
k__Bacteria.p__Bacteroidetes.c__Bacteroidia.o__Bacteroidales.f__Tannerellaceae	0.0	0.0	0.0	0.1464	0.02448	0.4925	0.0	0.08204	0.67529	0.0	0.0	0.15194	0.0173	0.0	1.9901	0.0085	0	1.7223	0.03763	0.07816	0.0	0.0	0.24493	0.0	0.00539	0.03987	0.0	0.0	0.02393	0.0	0.0	0.0	0.73232	0.0	0.0	0.18433	0.0	0.0	0.0	5.30135	0.25791	0.0269	0.0	0.21848	1.18741	0.29123	0.0	0.0	0.06638	0.0	0.70731	0.0	0.07571	0.11539	0.0
k__Bacteria.p__Firmicutes.c__Bacilli.o__Bacillales.f__Bacillales_unclassified	0.04752	0.07843	0.0	0.0	0.0	0.0	0.0	0.0	0.0	0.11875	0.0	0.0	0.0	0.0	0.0	0.0	0	0.0	0.0	0.01017	0.0	0.0	0.02724	0.0	0.0	0.0	0.0	0.0	0.0	0.0	0.0	0.0	0.0	0.0	0.0	0.0	0.0	0.0	0.0	0.0	0.0	0.0	0.0	0.0	0.0	0.0	0.0	0.0	0.0	0.0	0.0	0.0	0.0	0.0	0.01619
k__Bacteria.p__Firmicutes.c__Bacilli.o__Lactobacillales.f__Enterococcaceae	0.0	0.0	0.0	0.0	0.0	0.0	0.0	0.0	0.0	0.0	0.0	0.0	0.0	0.0	0.0	0.088	0	0.0	0.0	0.0	0.0	0.0	0.3527	0.0	0.0	0.0	0.0	0.0	7.14695	0.0	0.0	0.0	0.0	0.0	0.0	0.0	0.0	0.0	0.0	0.0	0.0	0.0	0.02229	0.0	0.0	0.0	0.0	0.0	0.0	0.0	0.0	0.0	0.0	0.0	0.0
k__Bacteria.p__Firmicutes.c__Bacilli.o__Lactobacillales.f__Lactobacillaceae	0.0	0.0	0.0	0.0	0.0	0.0	0.0	0.00531	0.0	0.0	0.0	0.0	0.0	0.15792	0.0	0.0	0	0.0	0.0	0.0	0.25854	0.0	0.73093	0.0	0.0	0.0	0.38456	0.0	0.01471	0.01258	0.0	0.0	0.0	0.0	0.0	0.0	0.0	3.52446	0.0	0.0	0.04242	0.0	0.0	0.0	0.0	0.0	0.0	1.48138	0.0	0.0	0.0	0.0	0.0	0.0	0.0
k__Bacteria.p__Firmicutes.c__Bacilli.o__Lactobacillales.f__Leuconostocaceae	0.0	0.0	0.0	0.0	0.0	0.0	0.0	0.0	0.0	0.0	0.0	0.0	0.0	0.0	0.0	0.0	0	0.0	0.0	0.0	0.0	0.0	0.0	0.0	0.0	0.01641	0.0	0.0	0.0	0.0	0.0	0.0	0.0	0.0	0.0	0.0	0.0	0.0	0.0	0.0	0.00661	0.0	0.0	0.0	0.17012	0.0	0.0	0.0	0.0	0.0	0.0	0.0	0.0	0.0	0.0
k__Bacteria.p__Firmicutes.c__Bacilli.o__Lactobacillales.f__Streptococcaceae	4.38483	16.94639	0.25951	0.04015	0.0	0.33235	0.56827	0.29373	0.09401	0.74818	0.06238	0.0	0.0	5.24614	0.0	0.05267	0	0.0	0.0436	0.75042	3.62986	8.32885	8.21363	0.03791	0.01218	3.48762	4.485	1.32705	6.15764	0.21969	0.24173	3.10492	0.45611	2.72275	0.52063	0.55548	0.06174	11.94622	0.01174	0.29355	0.4082	2.96216	0.37259	2.91504	0.44595	0.87402	0.58076	13.41796	0.13501	1.27777	1.10801	0.77165	0.56131	1.49763	5.31904
k__Bacteria.p__Firmicutes.c__Clostridia.o__Clostridiales.f__Catabacteriaceae	0.0	0.0	0.0	0.0	0.0	0.0	0.0	0.2886	0.0	0.0	0.0	0.0	0.0	0.0	0.0	0.0	0	0.0	0.0	0.0	0.0	0.0	0.0	0.0	0.0	0.0	0.0	0.0	0.0	0.0	0.0	0.0	0.0	0.0	0.0	0.03243	0.0	0.0	0.0	0.0	0.0	0.0	0.0	0.0	0.0	0.0	0.0	0.0	0.0	0.0	0.0	0.0	0.0	0.0	0.0
k__Bacteria.p__Firmicutes.c__Clostridia.o__Clostridiales.f__Christensenellaceae	0.0	0.0	0.0	0.06486	0.0	0.0	0.0	0.0	0.00726	0.0	0.0	0.0	0.0	0.0	0.0	0.0	0	0.0	0.0	0.0	0.0	0.0	0.0	0.0	0.0	0.0	0.0	0.0	0.0	0.0	0.0	0.0	0.02452	0.0	0.0	0.0	0.0	0.0	0.0	0.0	0.0	0.0	0.0	0.0	0.0	0.0	0.0	0.0	0.0	0.0	0.0	0.0	0.0	0.0	0.0
k__Bacteria.p__Firmicutes.c__Clostridia.o__Clostridiales.f__Clostridiaceae	0.0	0.0	0.0	0.80363	0.34735	0.21365	0.0	0.0	0.0	0.00698	0.0	0.46361	0.0	0.07742	0.05367	0.00632	0	0.22533	0.46606	0.0	0.0	0.13857	1.14806	0.04022	0.0	0.0	0.14225	0.0	0.3562	0.0	0.0	0.0	0.01741	0.0	0.0	0.0	0.0	0.0	0.0	0.0	0.0	0.31181	0.0	0.0	0.03641	0.29723	0.0	0.0	0.03242	0.0	0.51594	0.0	0.61653	0.0	0.0488
k__Bacteria.p__Firmicutes.c__Clostridia.o__Clostridiales.f__Clostridiales_Family_XIII_Incertae_Sedis	0.0	0.0	0.0	0.0	0.0	0.0	0.0	0.00415	0.0	0.0	0.0	0.0	0.0	0.0	0.0	0.0	0	0.0	0.0	0.00614	0.0	0.0	0.0	0.0	0.0	0.0	0.0	0.0	0.0	0.0	0.0	0.0	0.0	0.0	0.0	0.0	0.0	0.0	0.0	0.0	0.0	0.0	0.0	0.0	0.0	0.0	0.0	0.0	0.0	0.0	0.0	0.0	0.0	0.0	0.0
k__Bacteria.p__Firmicutes.c__Clostridia.o__Clostridiales.f__Clostridiales_unclassified	0.11389	0.0	0.0	0.61875	0.01627	1.11562	0.27939	0.30164	0.11654	0.0	0.00356	0.0	0.0	0.0	0.0	0.35571	0	0.02871	0.1473	0.0	0.0	0.0	0.0	0.0	0.0	0.0	1.13979	0.0	0.0	0.16005	1.18351	0.26271	0.0	0.0	1.9393	0.0	0.0	0.0	0.54619	0.15705	1.10984	0.0	0.0	0.0	0.0	0.18778	0.0	0.0	0.75124	0.54104	0.24128	1.10788	4.03755	0.20325	0.0
k__Bacteria.p__Firmicutes.c__Clostridia.o__Clostridiales.f__Eubacteriaceae	6.3851	1.84296	4.70346	0.80919	4.18752	4.16433	0.0	3.23615	2.52751	0.07128	9.28345	0.58383	14.64931	0.40995	1.40227	2.99605	0	7.4189	1.21599	5.22974	5.19983	6.69868	0.0	7.4601	0.2276	0.20804	4.32717	3.07072	3.74226	6.38473	10.79895	4.56319	6.42519	0.16172	1.35824	3.26129	19.42809	3.50866	0.32038	0.13997	4.08776	4.23581	0.0	5.26243	5.60879	0.92627	9.64868	0.67833	0.49088	7.62256	1.79131	8.05391	3.12693	16.97834	4.91612
k__Bacteria.p__Firmicutes.c__Clostridia.o__Clostridiales.f__Lachnospiraceae	56.02161	63.53788	56.57224	25.26823	45.04238	24.30994	34.55653	13.19832	37.02813	62.60739	75.85533	15.75759	44.95585	69.48073	58.61941	27.51898	0	24.03553	49.57166	77.05399	47.9215	27.05109	30.30352	59.83957	15.36799	72.27189	52.74321	32.68482	25.6055	59.71779	54.02688	20.62757	46.41581	89.20653	44.82822	31.23888	20.19475	39.95842	5.41771	11.78534	56.05715	57.86953	34.44899	16.26969	41.74678	17.49245	69.63658	40.94581	6.37171	29.6713	71.42894	56.29486	25.06983	42.31806	52.70007
k__Bacteria.p__Firmicutes.c__Clostridia.o__Clostridiales.f__Oscillospiraceae	0.0	0.0	0.0	0.0	0.4276	3.95474	0.0	0.02955	1.27696	0.0	0.0	0.0	0.15512	0.0	0.0	0.01097	0	5.72473	0.0	0.0	0.0	0.0	0.0	0.0	0.34164	0.0	0.27395	0.0	0.0	0.0	0.0	0.0	0.0	0.0	0.0	0.0	0.0	0.0	0.0	0.12618	0.0	0.15058	0.0	0.15962	0.0	0.00932	0.0	0.0	0.09064	0.0	0.0	0.0	0.24362	0.47619	0.0
k__Bacteria.p__Firmicutes.c__Clostridia.o__Clostridiales.f__Peptococcaceae	0.0	0.0	0.0	0.0	0.0	0.0	0.0	0.05429	0.0	0.0	0.0	0.0	0.0	0.0	0.0	0.0	0	0.0	0.0	0.0	0.0	0.0	0.0	0.0	0.0	0.0	0.0	0.0	0.0	0.0	0.0	0.0	0.0	0.0	0.0	0.0	0.0	0.0	0.0	0.0	0.0	0.0	0.0	0.0	0.0	0.0	0.0	0.0	0.0	0.0	0.0	0.0	0.0	0.0	0.0
k__Bacteria.p__Firmicutes.c__Clostridia.o__Clostridiales.f__Peptostreptococcaceae	0.0	0.0	0.0	0.0166	0.0	0.0	0.0	0.00418	0.0	0.05154	0.0	0.0	0.03988	0.0	0.0	0.0	0	0.0	0.0	0.9421	0.19435	1.58953	2.56729	0.64111	0.0	0.0135	0.60307	0.0	0.30883	0.0	0.37344	0.0	0.27513	0.0	0.0	0.0	0.0	0.0	0.0	0.0	0.0	0.12932	0.02408	0.0	0.04362	0.0	0.0	0.0	0.0	0.0	0.0	0.0	0.02599	0.0	0.0207
k__Bacteria.p__Firmicutes.c__Clostridia.o__Clostridiales.f__Ruminococcaceae	17.44614	4.25473	5.81323	2.00059	20.92353	15.35992	0.46783	6.44138	5.07191	5.5591	5.16328	15.74519	6.65938	2.50052	21.68653	24.66112	0	32.85793	7.32378	0.77262	9.2788	0.02686	0.0	1.44094	11.67584	0.28062	7.13488	31.9587	44.70136	1.07919	3.74256	5.65023	18.76741	1.20347	7.51559	6.70637	3.0568	0.20716	17.07404	9.85278	6.01828	11.89933	0.21632	4.47808	24.53668	63.33226	11.79593	6.08824	17.46337	8.20656	3.43539	12.75888	15.78573	4.2211	18.52074
k__Bacteria.p__Firmicutes.c__Erysipelotrichia.o__Erysipelotrichales.f__Erysipelotrichaceae	0.0	0.04616	9.80894	1.43447	0.0	0.12288	0.73828	0.21588	0.01033	1.63845	1.18001	0.04966	0.26777	0.1697	0.0	0.0	100	0.0	0.06721	0.48913	0.0	0.03624	10.03252	0.96686	0.13161	0.06991	0.65255	0.0	0.12756	0.70288	4.65242	0.80573	2.57055	2.73771	2.29508	0.0	0.29609	0.0	0.35709	0.01657	0.18431	0.32669	0.8728	0.0	0.09298	0.0	0.45969	11.38446	0.47766	0.13828	0.03757	2.55041	0.08589	0.13443	0.28468
k__Bacteria.p__Firmicutes.c__Firmicutes_unclassified.o__Firmicutes_unclassified.f__Firmicutes_unclassified	1.37955	0.0	0.0	8.6598	0.11276	0.15632	0.0	11.24819	0.37332	1.96428	0.00364	0.05885	0.0	0.0	2.09655	0.08858	0	0.64033	0.15453	4.55557	0.0	0.32244	0.0	0.75733	3.70578	1.25471	0.12957	6.62035	0.0	0.14436	0.0	0.0	0.5809	0.0	0.0	0.22883	0.0	0.0	0.1529	0.0	1.95977	0.69604	0.0	0.89775	0.07463	0.61414	0.0	0.0	0.27837	0.0	0.91594	0.1161	2.01609	0.0	0.00918
k__Bacteria.p__Firmicutes.c__Negativicutes.o__Acidaminococcales.f__Acidaminococcaceae	0.0	0.0	0.0	0.06822	0.66877	0.26971	0.0	0.0	0.0	0.03691	0.0	0.0	0.0	0.0	0.0	0.03634	0	2.31851	0.44213	0.0	0.0	0.0	0.0	0.0	0.04004	0.0	0.0	0.0	0.0	0.0	0.0	0.0	0.00641	0.0	0.75987	1.06653	0.0	0.0	0.0	0.0	0.0	0.0	0.0	0.0	0.07367	0.19679	0.0	0.0	0.0646	0.0	0.0	0.0	0.0	0.0	0.0
k__Bacteria.p__Firmicutes.c__Negativicutes.o__Selenomonadales.f__Selenomonadaceae	0.0	0.0	0.63946	0.0	0.0	0.0	0	0.0	0.0	0.0	0.0	0.0	0.0	0.0	0.0	0.0	0	0.0	0.0	0.0	0	0.0	0.0	0.0	0.0	0.0	0.0	0.0	0.0	0.0	0.0	0.0	0.0	0.0	0.0	0.0	0.0	0	0.0	0.0	0.0	0.0	0.0	0.0	0.0	0.0	0.0	0	0.0	0.0	0.0	0.0	0.0	0.0	0.0
k__Bacteria.p__Firmicutes.c__Negativicutes.o__Veillonellales.f__Veillonellaceae	0.0	0.0	0.0	0.0	0.0	0.0	0	0.03236	0.07864	0.0	0.0	0.0	0.0	0.0	0.03744	0.59698	0	0.0	0.0	0.0	0	0.0	0.06288	0.0	0.0	0.0209	0.0	1.16179	2.30891	0.0	0.0	0.0	0.0	0.0	0.0	0.0612	0.59793	0	0.0	0.87825	0.0	0.0	0.01295	0.0	0.0	0.0	0.0	0	0.0	0.0	0.0	0.31266	0.0	0.0	0.02278
k__Bacteria.p__Firmicutes.c__Tissierellia.o__Tissierellales.f__Peptoniphilaceae	0.0	0.0	0.0	0.0	0.0	0.0	0	0.0	0.0	0.02451	0.0	0.0	0.0	0.0	0.0	0.0	0	0.0	0.0	0.0	0	0.0	0.0	0.0	0.0	0.0	0.0	0.0	0.0	0.0	0.0	0.0	0.0	0.0	0.0	0.0	0.0	0	0.0	0.0	0.0	0.0	0.0	0.0	0.0	0.0	0.0	0	0.0	0.0	0.0	0.0	0.0	0.0	0.0
k__Bacteria.p__Fusobacteria.c__Fusobacteriia.o__Fusobacteriales.f__Fusobacteriaceae	0.0	0.0	0.0	0.0	0.0	0.0	0	0.0	0.0	0.0	0.0	1.13367	0.0	0.0	0.0	0.0911	0	0.0	0.0	0.0	0	0.0	0.0	0.0	0.0	0.0	0.0	0.0	0.0	0.0	0.0	0.0	0.0157	0.0	0.0	0.0	0.0	0	0.0	0.0	0.0	0.0	0.0	0.0	0.0	0.0	0.0	0	0.0	0.0	0.0	0.0	0.0	0.0	0.0
k__Bacteria.p__Proteobacteria.c__Betaproteobacteria.o__Burkholderiales.f__Oxalobacteraceae	0	0	0	0	0.0	0.0	0	0.0	0.0	0.0	0	0.0	0	0.0	0.0	0.0	0	0.07448	0.0	0.0	0	0.0	0.0	0.0	0	0	0	0	0.0	0	0	0	0.0	0	0.0	0.0	0	0.0	0	0.0	0.0	0	0.0	0	0.0	0	0	0.0	0.0	0	0.0	0.0	1.21141	0.0	0.0
k__Bacteria.p__Proteobacteria.c__Betaproteobacteria.o__Burkholderiales.f__Sutterellaceae	0	0	0	0	0.0	0.0	0	0.0	0.0	0.0	0	0.0	0	0.0	0.20757	0.0	0	0.04639	0.15809	0.0	0	0.0	0.0	0.0	0	0	0	0	0.15248	0	0	0	0.0	0	0.0708	0.0	0	0.0	0	0.38109	0.0	0	0.0	0	0.0	0	0	0.0	0.0	0	0.0	0.0	0.00779	0.0	0.0
k__Bacteria.p__Proteobacteria.c__Deltaproteobacteria.o__Desulfovibrionales.f__Desulfovibrionaceae	0	0	0	0	0.40905	0.0	0	0.0	0.0	0.0	0	0.0	0	0.0	0.0	0.0	0	0.0	0.01463	0.0	0	0.0	0.0	0.0	0	0	0	0	0.0	0	0	0	0.0	0	0.0	0.0	0	0.0	0	0.0	0.0	0	0.0	0	0.0	0	0	0.0	0.0	0	0.0	0.0	0.0	0.0	0.00679
k__Bacteria.p__Proteobacteria.c__Gammaproteobacteria.o__Enterobacterales.f__Enterobacteriaceae	0	0	0	0	0	1.95129	0	0.00831	1.10887	5.46657	0	41.73247	0	16.70796	0	37.46977	0	0	0	2.07658	0	19.02176	12.4692	0.6021	0	0	0	0	0.0	0	0	0	4.29989	0	0	5.00747	0	4.01796	0	0	0.80404	0	4.94441	0	0.0	0	0	6.01612	0.28172	0	0.07723	0.24739	0	0.04274	0.61072
k__Bacteria.p__Proteobacteria.c__Gammaproteobacteria.o__Enterobacterales.f__Hafniaceae	0	0	0	0	0	0.02444	0	0.0	0.0	0.0	0	0.0	0	0.0	0	0.0	0	0	0	0.0	0	0.0	0.0	0.0	0	0	0	0	0.0	0	0	0	0.0	0	0	0.0	0	0.0	0	0	0.0	0	0.0	0	0.0	0	0	0.0	0.0	0	0.0	0.0	0	0.0	0.0
k__Bacteria.p__Proteobacteria.c__Gammaproteobacteria.o__Pasteurellales.f__Pasteurellaceae	0.0	0	0.0	0	0.0	0.0	0	0	0.0	0	0	0	0.0	0.0	0.0	0.0	0	0	0.0	0	0	0.0	0	0	0.0	0.0	0.0	0.0	0.03163	0	0.0	0	0	0	0.0	0.0	0.0	0	0.0	0.0	0.0	0	0	0.0	0.05542	0.0	0	0.0	0.0	0.0	0	0	0.0	0.0	0.0
k__Bacteria.p__Proteobacteria.c__Proteobacteria_unclassified.o__Proteobacteria_unclassified.f__Proteobacteria_unclassified	0.0	0	0.0	0	0.0	0.0	0	0	0.0	0	0	0	0.0	0.0	0.0	0.0	0	0	0.0	0	0	0.0	0	0	0.0	0.0	0.0	0.0	0.0	0	0.0	0	0	0	0.0	0.09866	0.0	0	0.0	1.24742	0.0	0	0	0.0	0.0	0.00362	0	0.0	0.0	0.0	0	0	0.27395	0.0	0.0
k__Bacteria.p__Verrucomicrobia.c__Verrucomicrobiae.o__Verrucomicrobiales.f__Akkermansiaceae	1.37649	0	1.22855	0	0.25923	31.72071	0	0	15.00604	0	0	0	21.10144	0.06929	0.03578	0.08554	0	0	36.29139	0	0	0.22922	0	0	66.98852	0.0621	0.24262	16.79701	5.28667	0	5.06588	0	0	0	25.35271	0	4.89473	0	68.409	0	19.55452	0	0	3.21088	0	5.90405	0	0.02369	64.15138	0.22438	0	0	0.12331	7.10517	1.83959
