dataset_name	Heitz-BuschartA_2016	Heitz-BuschartA_2016	Heitz-BuschartA_2016	Heitz-BuschartA_2016	Heitz-BuschartA_2016	Heitz-BuschartA_2016	Heitz-BuschartA_2016	Heitz-BuschartA_2016	Heitz-BuschartA_2016	Heitz-BuschartA_2016	Heitz-BuschartA_2016	Heitz-BuschartA_2016	Heitz-BuschartA_2016	Heitz-BuschartA_2016	Heitz-BuschartA_2016	Heitz-BuschartA_2016	Heitz-BuschartA_2016	Heitz-BuschartA_2016	Heitz-BuschartA_2016	Heitz-BuschartA_2016	Heitz-BuschartA_2016	Heitz-BuschartA_2016	Heitz-BuschartA_2016	Heitz-BuschartA_2016	Heitz-BuschartA_2016	Heitz-BuschartA_2016	Heitz-BuschartA_2016	Heitz-BuschartA_2016	Heitz-BuschartA_2016	Heitz-BuschartA_2016	Heitz-BuschartA_2016	Heitz-BuschartA_2016	Heitz-BuschartA_2016	Heitz-BuschartA_2016	Heitz-BuschartA_2016	Heitz-BuschartA_2016	Heitz-BuschartA_2016	Heitz-BuschartA_2016	Heitz-BuschartA_2016	Heitz-BuschartA_2016	Heitz-BuschartA_2016	Heitz-BuschartA_2016	Heitz-BuschartA_2016	Heitz-BuschartA_2016	Heitz-BuschartA_2016	Heitz-BuschartA_2016	Heitz-BuschartA_2016	Heitz-BuschartA_2016	Heitz-BuschartA_2016	Heitz-BuschartA_2016	Heitz-BuschartA_2016	Heitz-BuschartA_2016	Heitz-BuschartA_2016
study_condition	T1D	T1D	T1D	control	control	control	control	control	control	T1D	T1D	T1D	control	control	T1D	T1D	T1D	T1D	T1D	T1D	T1D	T1D	T1D	control	control	control	T1D	T1D	control	control	control	control	control	T1D	T1D	T1D	T1D	T1D	control	control	T1D	T1D	T1D	T1D	T1D	control	control	control	control	control	control	control	control
k__Archaea.p__Euryarchaeota.c__Methanobacteria.o__Methanobacteriales.f__Methanobacteriaceae	0.52288	0.22834	0.45593	0.00216	0.20628	0.02242	0	0	0	1.21879	1.696	0.25036	1.67828	0.65814	0.00634	0.0105	0.00739	0	0	0	0	0	0	0	0	0	0	0	0	0	0	0	0	0.02233	0.58628	0.70679	0	0	0	0	0	0	0	0	0	0	0	0	0	0	0	0.06331	1.81715
k__Archaea.p__Euryarchaeota.c__Thermoplasmata.o__Methanomassiliicoccales.f__Methanomassiliicoccaceae	0	0	0	0	0	0	0	0	0	0	0	0	0	0	0	0	0	0	0	0	0	0	0	0	0	0	0	0	0.37712	0.84453	0	0	0	0	0	0	0	0	0	0	0	0	0	0	0	0	0	0	0	0	0	0	0
k__Bacteria.p__Actinobacteria.c__Actinobacteria.o__Actinomycetales.f__Actinomycetaceae	0	0	0.00597	3.00E-04	0	0	0	0.02967	0.01166	0.03897	0.02745	0.01719	0.00296	0.00207	0.00096	0	0	0.00324	0.0023	0.00479	0	0	0	0	0	0.00328	0.01426	0.02152	0	0	0.08729	0.00257	0.00198	0.00292	0.02511	0.0343	0.00223	0.00162	0.00123	0.02791	0.00176	0.00604	0	0	0	0	0	0.00061	0.06064	0	0.00857	0	0.00156
k__Bacteria.p__Actinobacteria.c__Actinobacteria.o__Bifidobacteriales.f__Bifidobacteriaceae	1.82528	0.44247	1.2886	1.24529	0.28578	0.57279	0.49395	0.48662	0.7872	0.4323	4.03218	0.01091	2.07703	1.6871	0.66712	0.12919	1.35224	0.00306	0	0.17155	0	0	0	0.07729	0.03976	1.92653	1.32744	0.73479	3.96834	4.41874	9.79325	14.11818	24.50401	2.59783	2.20663	8.4127	0.81624	2.35119	4.45822	5.275	0.08603	4.28264	0.69232	0.44425	0.38153	3.66354	0.21079	6.54126	12.00059	0.23004	0.09625	0.11099	0
k__Bacteria.p__Actinobacteria.c__Actinobacteria.o__Micrococcales.f__Micrococcaceae	0	0	0	0.00774	0	0	0.0	0.00213	0	0.0247	0.0	0.01006	0	0	0	0	0.00103	0.00187	0.03409	0.00414	0	0	0	0	0.0	0.0	0.00283	0.02048	0	0	0	0	0	0.01208	0.00025	0.01046	0	0	0	0.04711	0.01158	0	0.00039	0.00083	0	0	0	0	0.02609	0	0.02388	0	0
k__Bacteria.p__Actinobacteria.c__Actinobacteria.o__Propionibacteriales.f__Propionibacteriaceae	0.0	0.0	0.0	0.0	0.0	0.0	0.00337	0.00096	0.0	0.0	0.03507	0.0	0.0	0.0	0.0	0.0	0.0	0.0	0.03606	0.0025	0.0	0.0	0.0	0.0	0.00281	0.01334	0.0	0.0	0.0	0.0	0.0	0.0	0.0	0.0	0.0	0.0	0.0	0.0	0.0	0.0	0.0	0.0	0.0	0.0	0.0	0.0	0.0	0.0	0.0	0.0	0.0	0.0	0.0
k__Bacteria.p__Actinobacteria.c__Coriobacteriia.o__Coriobacteriales.f__Atopobiaceae	0.0	0.0	0.0	0.0	0.0	0.0	0.0	0.00095	0.0	0.0	0.0	0.0	0.0	0.0	0.0	0.0	0.0	0.0	0.0	0.0	0.00203	0.0	0.0	0.0	0.0	0.0	0.0	0.0	0.0	0.0	0.01466	0.0	0.00135	0.0	0.0	0.0	0.00184	0.0	0.00104	0.0032	0.00291	0.00316	0.0	0.00068	0.0	0.0	0.0	0.0	0.0	0.0	0.0	0.0	0.00278
k__Bacteria.p__Actinobacteria.c__Coriobacteriia.o__Coriobacteriales.f__Coriobacteriaceae	2.5614	0.51344	2.45457	1.49406	0.72716	0.63892	2.21764	1.8303	1.08472	0.65729	0.74472	0.32314	1.15343	0.80253	0.79223	0.40433	0.37488	0.72573	0.1987	0.25454	0.0	0.0	0.0	0.71519	0.36386	0.53267	0.0	0.0	0.18115	0.369	6.24083	3.38668	4.97593	1.1025	1.12612	2.83713	0.20082	0.14859	3.97966	3.47807	3.88196	11.66873	0.98212	4.63271	1.34755	1.23312	1.11513	2.57726	4.95614	0.98429	1.06988	0.42817	2.16089
k__Bacteria.p__Actinobacteria.c__Coriobacteriia.o__Eggerthellales.f__Eggerthellaceae	0.50905	0.23514	0.47024	0.5025	0.63054	0.35042	0.50788	0.15916	0.32226	0.25241	0.4833	0.11419	0.16247	0.05051	0.44166	0.16122	0.26093	0.48917	0.6607	0.39978	0.26797	0.15747	0.13483	0.82104	0.24193	0.44825	0.56077	0.35724	0.32543	0.35497	0.36113	0.20451	0.29342	0.18527	0.27614	0.38308	0.25447	0.23921	0.08801	0.13363	0.05718	0.15615	0.04644	0.17867	0.02514	0.05594	0.01776	0.02649	0.03586	0.01855	0.01972	0.02363	0.127
k__Bacteria.p__Bacteroidetes.c__Bacteroidia.o__Bacteroidales.f__Bacteroidaceae	17.30015	21.76906	23.45133	30.10943	21.25377	21.40995	40.36617	34.832	51.697	5.09203	10.24218	1.48173	4.8802	3.62565	24.61511	42.64108	28.0021	10.83495	21.05705	19.24144	49.10373	63.80959	60.11334	26.59883	24.76092	34.89218	36.37265	36.02351	31.55182	29.97107	28.66715	37.34289	27.42967	27.63008	35.42625	18.97796	63.90237	49.57224	2.99393	1.18984	4.19084	15.68733	5.41886	20.54287	10.75185	53.11353	11.94374	50.21595	32.54511	13.20916	10.61416	5.74041	9.32317
k__Bacteria.p__Bacteroidetes.c__Bacteroidia.o__Bacteroidales.f__Barnesiellaceae	0.89779	1.87716	1.96601	0.53405	0.78198	0.99063	2.33217	1.0135	2.28795	0.17151	0.49226	0.09393	0.05771	0.07352	2.83764	2.29112	1.55861	0.36734	0.45713	0.77821	0.0793	0.10625	0.10952	4.58576	4.69937	4.52547	0.0	0.0	2.88565	2.18725	0.36913	0.87192	0.70332	2.40605	1.20088	1.20347	0.0	5.07525	0.0	0.0	0.0	0.21992	0.05279	1.07874	0.4664	0.0	0.67449	0.05097	0.26085	1.16587	0.01968	0.12783	0.0
k__Bacteria.p__Bacteroidetes.c__Bacteroidia.o__Bacteroidales.f__Odoribacteraceae	2.30918	2.25083	2.35018	1.06477	0.53143	0.64792	1.1517	0.67579	0.96337	1.66435	2.22522	0.38945	1.32367	0.69871	0.71773	1.3263	0.73609	1.42772	0.87062	1.28782	1.49594	1.34413	1.82086	0.82216	0.98571	1.32125	0.0	0.0	1.0947	1.27086	0.89402	1.11924	0.88611	4.16779	4.40297	2.82879	0.0	1.9985	0.0	0.0	0.05228	1.03887	0.47756	4.7928	0.42733	0.47565	0.56891	0.78985	1.5338	0.78131	0.25838	0.63295	0.1097
k__Bacteria.p__Bacteroidetes.c__Bacteroidia.o__Bacteroidales.f__Porphyromonadaceae	0.0	0.0	0.0	0.0	0.0	0.0	0.0	0.0	0.0	0.0	0.0	0.0	0.0	0.0	0.0	0.0	0.0	0.0	0.0	0.0	0.0	0.0	0.0	0.0	0.0	0.0	0.0	0.0	0.0	0.0	0.0	0.0	0.0	0.02806	0.32526	0.09823	0.0	0.0	0.0	0.0	0.24153	0.0	0.01243	0.03218	0.0	0.0	0.0	0.0	0.0	0.0	0.0	0.0	0.0
k__Bacteria.p__Bacteroidetes.c__Bacteroidia.o__Bacteroidales.f__Prevotellaceae	9.18944	5.37	0.86791	0.00359	0.0	0.03183	0.0	0.0	0.00288	39.27769	12.57761	67.92337	38.70716	54.27005	0.0	0.0	0.0	0.0	0.00262	0.03114	0.0	0.0	0.0	0.0	0.0	0.0	0.03036	0.0	0.0	0.0	0.0	0.00205	0.01092	6.42806	2.61356	0.76351	0.0	0.0	73.10552	54.87006	56.36783	37.774	72.36269	20.1271	61.64656	0.0	60.0797	0.73029	0.09162	59.36878	62.18986	67.55816	23.38716
k__Bacteria.p__Bacteroidetes.c__Bacteroidia.o__Bacteroidales.f__Rikenellaceae	6.78748	11.46161	9.92469	4.28967	8.82817	6.99042	4.33185	1.77103	5.41539	2.93198	4.49825	1.22113	3.99244	2.03567	4.77403	7.12569	3.42085	4.94701	2.5463	3.0242	13.07234	3.17288	8.51515	5.76333	6.56705	10.4459	0.0	0.0	8.15888	6.38511	7.2973	7.22059	6.98903	2.00854	2.80357	2.09713	0.03571	1.37325	0.00772	0.08169	0.02488	1.01862	0.1394	7.36589	2.23143	4.41449	2.71887	5.77485	3.4896	3.45989	0.0382	0.00333	0.20949
k__Bacteria.p__Bacteroidetes.c__Bacteroidia.o__Bacteroidales.f__Tannerellaceae	1.31149	3.43205	1.5185	1.81334	1.02392	1.01578	0.86108	0.98857	1.13745	1.67624	1.38744	0.56424	1.71978	1.62408	2.87911	4.146	1.11287	0.6242	1.26309	0.88678	1.41014	2.23083	2.47341	2.2757	1.67311	2.51696	1.44018	1.57572	4.49765	3.40541	1.0736	2.84245	3.07528	3.27872	5.14429	2.43093	0.01604	2.06279	0.28507	0.10355	0.44938	2.78093	0.62873	2.04031	1.071	1.81907	1.21453	0.54081	0.8466	1.14648	1.11481	0.25925	0.73524
k__Bacteria.p__Firmicutes.c__Bacilli.o__Bacillales.f__Bacillales_unclassified	0.0	0.0	0.0	0.00856	0.0	0.0	0.0	0.0	0.0	0.0	0.0	0.0	0.0	0.0	0.0	0.00096	0.0	0.01384	0.00636	0.0124	0.0	0.0	0.0	0.0	0.0	0.0	0.0	0.0	0.0	0.00276	0.01114	0.0	0.0	0.0	0.00251	0.0	0.00236	0.0	0.0	0.04601	0.03045	0.0	0.0	0.0	0.01617	0.0	0.0054	0.0	0.05469	0.02582	0.02038	0.02142	0.0
k__Bacteria.p__Firmicutes.c__Bacilli.o__Bacillales.f__Staphylococcaceae	0.0	0.0	0.0	0.0	0.0	0.0	0.0	0.0	0.0	0.0	0.0	0.0	0.0	0.0	0.0	0.0	0.0	0.0	0.0	0.0	0.0	0.0	0.0	0.0	0.0	0.0	0.0	0.0	0.0	0.0	0.0	0.0	0.0	0.0	0.0	0.0	0.0	0.0	0.0	0.0	0.12028	0.0	0.0	0.0	0.0	0.0	0.0	0.0	0.0	0.0	0.0	0.0	0.0
k__Bacteria.p__Firmicutes.c__Bacilli.o__Lactobacillales.f__Aerococcaceae	0.0	0.0	0.0	0.0	0.0	0.0	0.0	0.0	0.0	0.0	0.0	0.0	0.0	0.0	0.0	0.0	0.0	0.0	0.0	0.0	0.0	0.0	0.0	0.0	0.0	0.0	0.0	0.0	0.0	0.0	0.0	0.0	0.0	0.0	0.0	0.0	0.0	0.0	0.0	0.00064	0.0	0.0	0.0	0.0	0.0	0.0	0.0	0.0	0.00027	0.0	0.0	0.0	0.0
k__Bacteria.p__Firmicutes.c__Bacilli.o__Lactobacillales.f__Carnobacteriaceae	0.0	0.0	0.0	0.0	0.0	0.0	0.00268	0.0	0.0	0.0	0.0	0.0	0.0	0.0	0.0	0.0	0.0	0.0	0.0	0.0	0.0	0.0	0.0	0.0	0.0	0.0	0.0	0.0	0.0	0.0	0.0	0.0	0.0	0.0	0.0	0.0	0.0	0.0	0.0	0.01302	0.0	0.0	0.0	0.0	0.0	0.0	0.0	0.0	0.00951	0.00212	0.00046	0.00791	0.0
k__Bacteria.p__Firmicutes.c__Bacilli.o__Lactobacillales.f__Enterococcaceae	0.0	0.0	0.0	0.0	0.0	0.0	0.0	0.00768	0.0	0.12889	0.0	0.0	0.0	0.0	0.0	0.0	0.0	0.0	0.03733	0.43356	0.0	0.18917	0.0	0.00699	0.0	0.0	0.0	0.0	0.0	0.0	0.0	0.02352	0.01421	0.01921	0.0	0.0	0.0	0.01013	0.0	0.00552	0.02349	0.0	0.0	0.0	0.0	0.0	0.0	0.01311	0.0	0.0	0.0	0.0	0.0
k__Bacteria.p__Firmicutes.c__Bacilli.o__Lactobacillales.f__Lactobacillaceae	0.0	0.0	0.021	0.28091	0.04211	0.35218	0.01386	0.01812	0.03979	0.95805	0.05701	1.3751	0.02843	0.0	0.03164	0.0	0.0	0.0	0.0	0.0	0.0	0.0	0.0	0.16207	0.08748	0.10934	0.0	0.0	0.0216	0.04109	0.0	0.0531	0.07474	0.00466	0.02085	0.0221	0.0	0.0	0.0	0.13581	0.00126	0.00123	0.0	0.00133	0.00717	0.0	0.00722	0.12231	0.01758	0.00989	0.00522	0.08623	0.02319
k__Bacteria.p__Firmicutes.c__Bacilli.o__Lactobacillales.f__Leuconostocaceae	0.0	0.0	0.0	0.0	0.0	0.0	0.0	0.0	0.02477	0.0	0.0	0.00356	0.0	0.0	0.0	0.0	0.0	0.0	0.00678	0.00056	0.0	0.0	0.0	0.0	0.0	0.0	0.0	0.0	0.0	0.0	0.0	0.0	0.0	0.0	0.0	0.0	0.0	0.0	0.0	0.08278	0.0	0.0	0.0	0.0	0.0	0.0	0.0	0.0	0.0	0.0	0.0	0.16334	0.0
k__Bacteria.p__Firmicutes.c__Bacilli.o__Lactobacillales.f__Streptococcaceae	0.19841	0.38351	0.32927	0.89913	0.20488	0.09898	0.03383	0.26047	0.2163	0.28607	0.07132	1.76474	0.31293	0.39445	0.10765	0.05512	0.11409	0.55745	1.32444	0.49187	0.0	0.00873	0.0682	0.0332	0.06158	0.14354	0.81924	0.63156	1.05145	3.19215	0.25592	0.253	0.15592	0.49235	0.41325	2.69408	0.28741	0.53669	0.1335	0.86109	0.46011	0.16597	0.05947	0.01626	0.0431	1.53654	0.01943	0.28948	0.92297	0.06482	0.11204	0.11779	0.19562
k__Bacteria.p__Firmicutes.c__Clostridia.o__Clostridiales.f__Catabacteriaceae	0.0	0.0	0.0	0.0	0.0	0.0	0.0	0.0	0.0	0.0	0.0	0.0	0.0	0.0	0.0	0.0	0.0	0.0	0.0	0.0	0.0	0.0	0.0	0.0	0.0	0.0	0.0	0.0	0.0	0.0	0.0	0.0	0.0	0.0	0.0	0.00183	0.0	0.0	0.0	0.0	0.0	0.0	0.0	0.0	0.0	0.0	0.0	0.0	0.0	0.0	0.0	0.0	0.0
k__Bacteria.p__Firmicutes.c__Clostridia.o__Clostridiales.f__Christensenellaceae	0.0	0.0	0.0	0.0	0.0	0.0	0.0	0.0	0.0	0.0	0.0	0.0	0.00051	0.0	0.00348	0.0	0.0	0.00803	0.01093	0.00542	0.0	0.0	0.0	0.0	0.0	0.0	0.0	0.0	0.0	0.0	0.0	0.0	0.0	0.0	0.0	0.0	0.0	0.00114	0.0	0.0	0.0	0.0	0.0	0.0	0.0	0.0	0.0	0.0	0.0	0.0	0.0	0.0	0.0
k__Bacteria.p__Firmicutes.c__Clostridia.o__Clostridiales.f__Clostridiaceae	2.11267	3.21582	2.93251	0.74846	0.28648	0.31117	3.98183	3.06879	1.99637	0.09248	0.01946	0.23804	0.04221	0.00255	0.48656	0.23587	0.5562	0.04855	0.02136	0.04658	0.0	0.00467	0.04766	0.006	0.01992	0.04132	2.2722	0.30491	0.15138	0.46964	0.03589	0.02474	0.02482	0.06281	0.15464	0.037	0.02369	0.10825	0.33927	7.4358	0.57482	0.0	0.21278	0.07006	0.01888	0.08592	0.02782	0.022	0.02293	0.03478	0.0	1.30614	0.00574
k__Bacteria.p__Firmicutes.c__Clostridia.o__Clostridiales.f__Clostridiales_Family_XIII_Incertae_Sedis	0.0	0.0	0.0	0.0	0.0	0.0	0.0	0.00713	0.0	0.00235	0.00466	0.00553	0.00151	0.001	0.0	0.0	0.0	0.0	0.0	0.0	0.0	0.0	0.0	0.0	0.0	0.0	0.0	0.0	0.0	0.0	0.01762	0.00063	0.0	0.0	0.00107	0.0	0.0	0.0	0.0	0.02412	0.05547	0.00479	0.0	0.00731	0.00432	0.00128	0.00882	0.00207	0.00339	0.00355	0.0	0.0	0.0
k__Bacteria.p__Firmicutes.c__Clostridia.o__Clostridiales.f__Clostridiales_unclassified	0.01082	0.00257	0.05756	0.15289	0.07948	0.05117	0.05449	0.03109	0.15769	0.00779	0.01454	0.00522	0.00919	0.00428	0.1911	0.05117	0.0153	0.76179	0.7319	0.68544	0.15734	0.08625	0.08447	1.79315	1.46675	0.71364	0.05879	0.17742	0.18877	0.29567	0.00619	0.00897	0.00854	0.0	0.0	0.0052	0.01924	0.0188	0.0	0.0	0.0	0.00036	0.0	0.00832	0.0	0.00025	0.0	0.0	0.0	0.0	0.0	0.0	0.00384
k__Bacteria.p__Firmicutes.c__Clostridia.o__Clostridiales.f__Eubacteriaceae	13.00738	7.87676	12.56004	5.23358	11.31883	7.60778	4.39392	4.88651	1.0443	1.35146	2.5898	2.64408	7.13198	2.81438	9.98938	14.64089	15.78943	40.02444	34.67975	22.42051	11.71768	4.9025	5.6328	4.95048	2.66244	2.24292	5.1428	6.98688	9.59842	9.82033	4.70397	2.71243	2.54272	15.88683	9.04811	17.25967	5.93584	6.49554	0.84602	2.01461	2.08168	2.35977	0.78845	1.50827	0.73643	1.41483	0.80777	0.8588	1.73527	0.79776	1.12022	2.83165	1.7081
k__Bacteria.p__Firmicutes.c__Clostridia.o__Clostridiales.f__Lachnospiraceae	16.07545	16.80075	17.08718	32.8257	36.48952	47.06185	14.53252	13.86631	11.94205	13.75208	14.02222	8.59091	18.65024	16.15477	13.21918	13.13171	17.6118	16.38933	13.73271	23.05035	6.69337	8.61859	7.1729	22.64874	15.13651	14.42822	24.92795	15.98124	14.78845	12.74836	19.58933	19.41295	16.81465	16.15261	22.2208	28.7032	20.30486	13.62419	5.49078	15.50059	21.82185	13.55518	12.51044	21.62876	10.50138	11.18066	9.55247	14.36007	22.4445	9.85485	7.97735	12.44247	21.81138
k__Bacteria.p__Firmicutes.c__Clostridia.o__Clostridiales.f__Oscillospiraceae	1.09657	0.34184	0.88262	0.4601	0.58606	0.3547	0.05808	0.19919	0.0845	0.93201	0.95228	0.5431	0.72842	0.23973	0.28014	0.42282	0.12483	1.4549	1.93888	0.41248	1.09292	0.56308	0.44497	0.66008	0.58086	0.78848	0.0	0.0	0.16733	0.24318	0.0	0.0	0.0	0.36297	0.42549	0.27075	0.0	0.0997	0.14473	0.14586	0.09358	0.71775	0.15536	1.1868	0.07794	0.54063	0.0465	0.8169	0.50364	0.04748	0.82539	0.4736	3.80263
k__Bacteria.p__Firmicutes.c__Clostridia.o__Clostridiales.f__Peptostreptococcaceae	0.0	1.04006	0.85311	2.49368	0.27945	0.54227	1.15832	0.23741	0.03587	1.41958	0.93755	0.60864	0.34125	0.29164	0.02298	0.0	0.16423	0.01462	0.04807	0.25899	0.12064	0.21932	0.46092	0.01821	0.0	0.01479	0.10981	0.12165	0.00071	0.00967	0.01514	0.21808	0.18898	0.00349	0.57152	0.04622	0.06385	0.42941	0.15531	0.63784	0.33753	0.06832	0.27987	0.30294	0.10112	0.11916	0.16845	0.04935	0.06132	0.13909	0.0	0.02638	0.00052
k__Bacteria.p__Firmicutes.c__Clostridia.o__Clostridiales.f__Ruminococcaceae	14.90973	12.00919	6.95005	11.17738	12.50603	8.83335	21.44175	32.93528	18.10291	21.10116	31.26062	9.37668	13.77133	11.37387	22.62326	10.02125	18.72595	19.85881	17.70164	22.02217	8.36207	9.31954	7.45441	19.12062	13.68449	12.3676	25.43042	33.93438	17.66012	17.55699	6.8236	5.29269	5.82979	13.80002	7.01005	7.20361	6.92831	13.32028	1.44668	5.12193	6.3333	4.52111	4.06299	6.94557	7.72519	15.21031	7.58541	4.49834	7.42037	5.67252	1.90234	4.90253	30.20255
k__Bacteria.p__Firmicutes.c__Erysipelotrichia.o__Erysipelotrichales.f__Erysipelotrichaceae	1.06875	0.34309	0.93084	0.34972	0.05719	0.1124	0.01552	0.54365	0.01683	0.24953	0.08697	0.11911	0.04733	0.18419	0.48785	0.17036	0.14093	0.17811	0.20516	0.25607	0.04539	0.09699	0.07523	1.90141	1.88158	1.5127	0.76183	0.40469	0.24197	0.5269	0.66152	0.47603	0.50927	0.0	0.05997	0.02407	0.46543	0.16157	1.02987	1.30995	1.4572	1.28357	0.60361	0.73555	0.2964	0.72537	0.34644	1.62791	5.25924	0.38477	2.13067	0.37772	0.9641
k__Bacteria.p__Firmicutes.c__Firmicutes_unclassified.o__Firmicutes_unclassified.f__Firmicutes_unclassified	0.74169	1.07808	1.95741	0.25847	0.14842	0.14808	0.21342	0.18195	0.18176	0.75639	2.21337	0.04953	0.33879	0.04581	0.89346	0.75524	0.26821	0.1561	0.24931	0.24652	0.16571	0.22793	0.10322	0.93922	1.36383	3.08448	0.01165	0.19503	0.72552	1.31526	1.49809	0.60066	0.51243	0.86551	0.73939	0.60116	0.7393	2.11491	0.05788	0.03993	0.00834	1.94	0.09918	2.22857	0.04493	0.56601	0.03904	1.03384	1.02272	0.03225	0.02311	0.0206	0.70829
k__Bacteria.p__Firmicutes.c__Negativicutes.o__Acidaminococcales.f__Acidaminococcaceae	4.55566	7.21873	6.8999	0.02673	0.02324	0.00118	0.0	0.0	0.0	0.0	0.00606	0.0098	0.00945	0.0163	0.0	0.0	0.0	0.77693	0.83076	1.15125	0.81713	0.4102	0.25732	0.0	0.0	0.0	0.0	0.0	0.0	0.0	1.08205	0.7873	0.68068	1.36988	1.72657	1.54182	0.0	0.0	3.39762	0.37927	0.0	0.0	0.0	0.0	0.0	0.0	0.0	1.86454	2.31265	0.0	9.01056	1.99977	2.47224
k__Bacteria.p__Firmicutes.c__Negativicutes.o__Selenomonadales.f__Selenomonadaceae	0.0	0.0	0.0	0.0	0.0	0.00554	0.0	0.0	0.0	0.25788	0.28561	0.04981	0.0	0.0	0.0	0.0	0.0	0.0	0.0	0.0	0.0	0.0	0.0	0.0	0.0	0.0	0.0	0.0	0.0	0.0	0.0	0.0	0.0	0.0	0.0	0.0	0.0	0.0	0.0	0.0	0.0	0.0	0.01759	3.2714	1.65838	0.0	2.44812	0.0	0.0	2.3081	0.0	0.0	0.0
k__Bacteria.p__Firmicutes.c__Negativicutes.o__Veillonellales.f__Veillonellaceae	0.0	0.03912	0.18419	0.67644	0.26347	0.11526	0.09742	0.70606	0.00634	1.8474	1.16633	1.41364	1.15637	0.53921	0.03013	0.33383	0.35223	0.0	0.01092	0.0	0.0	0.0	0.01417	0.00517	0.0	0.01391	0.34239	0.34076	0.15432	0.50486	0.0153	0.0	0.0	0.02164	0.10226	0.05697	0.0	0.05424	0.16729	0.28943	0.10338	0.04024	0.03856	0.63368	0.27128	0.0627	0.27343	0.0	0.5425	0.17585	0.29259	0.02162	0.01247
k__Bacteria.p__Firmicutes.c__Tissierellia.o__Tissierellales.f__Peptoniphilaceae	0.0	0.0	0.0	0.0	0.0	0.0	0.00044	0.00574	0.00284	0.00259	0.00345	0.00038	0.0	0.0	0.0	0.0	0.0	0.0	0.0	0.0	0.0	0.0	0.0	0.0	0.0	0.0	0.0	0.0	0.0	0.0	0.01768	0.0	0.00157	0.0	0.00972	0.0	0.0	0.0	0.0	0.01137	0.15386	0.00491	0.02013	0.01207	0.01835	0.0	0.01652	0.0	0.0	0.02031	0.0	0.0	0.0
k__Bacteria.p__Fusobacteria.c__Fusobacteriia.o__Fusobacteriales.f__Fusobacteriaceae	0.0	0.0	0.0	0.0	0.0	0.0	0.0	0.0	0.0	0.00237	0.0	0.0	0.0	0.0	0.0	0.0	0.0	0.0	0.0	0.0	0.0	0.0	0.0	0.40217	0.11679	0.23911	0.0	0.0	0.0	0.0	0.0	0.0	0.0	0.0	0.0	0.0	0.0	0.0	0.0	0.01862	0.3778	0.0	0.01276	0.0	0.00172	0.0	0.00385	0.0	0.00058	0.0	0.0	0.0	0.0
k__Bacteria.p__Lentisphaerae.c__Lentisphaeria.o__Victivallales.f__Victivallaceae	0.04584	0.10953	0.07234	0.0	0.0	0.0	0.0	0.0	0.0	0.12741	0.06145	0.0	0.0	0.0	0.0	0.0	0.0	0.0	0.0	0.0	0.01741	0.02962	0.02791	0.00243	0.20219	0.02385	0.0	0.0	0.0	0.0	0.0	0.0	0.0	0.0232	0.02317	0.02323	0	0.0	0.0	0.0	0.0	0.0	0.0	0.0	0.0	0.0	0.0	0.0	0.0	0.0	0.0	0.0	0.0
k__Bacteria.p__Proteobacteria.c__Alphaproteobacteria.o__Pelagibacterales.f__Pelagibacteraceae	0.0	0.0	0.0	0.0	0.0	0.0	0.0	0.0	0.0	0.0	0.0	0.0	0.0	0.0	0.0	0.0	0.0	0.0	0.0	0.0	0.0	0.0	0.0	0.0	0.0	0.0	0.00067	0.0	0.0	0.0	0.0	0.0	0.0	0.0	0.0	0.0	0	0.0	0.0	0.0	0.0	0.0	0.0	0.0	0.0	0.0	0.00207	0.0	0.0	0.0	0.0	0.0	0.0
k__Bacteria.p__Proteobacteria.c__Betaproteobacteria.o__Burkholderiales.f__Oxalobacteraceae	0.0	0.0	0.0	0.0	0.0	0.0	0.0	0.0	0.0	0.0	0.0	0.0	0.0	0.0	0.0	0.0	0.0	0.0	0.0	0.0	0.0	0.0	0.0	0.0	0.0	0.0	0.0	0.0	0.0	0.0	0.0	0.0	0.0	0.02825	0.11709	0.01595	0	0.0	0.0	0.0	0.0	0.0	0.0	0.0	0.0	0.0	0.0	0.0	0.0	0.0	0.0	0.0	0.0
k__Bacteria.p__Proteobacteria.c__Betaproteobacteria.o__Burkholderiales.f__Sutterellaceae	0.05492	0.05174	0.04603	0.5173	0.43706	0.27214	0.16092	0.1299	0.26737	0.0893	0.09039	0.05147	0.07164	0.06504	0.20329	0.53641	0.39505	0.17296	1.00623	0.72099	1.08692	0.62766	1.17125	1.11626	1.05967	1.20853	0.0	0.0	1.78059	1.93913	1.4319	1.07839	0.87327	0.52601	0.28227	0.3777	0	0.0	0.96658	0.11085	0.0884	0.09879	0.04687	0.03761	0.03949	3.48578	0.01522	0.34395	1.54244	0.01133	0.08266	0.09013	0.20949
k__Bacteria.p__Proteobacteria.c__Betaproteobacteria.o__Neisseriales.f__Neisseriaceae	0.0	0.0	0.0	0.0	0.0	0.0	0.0	0.0	0.0	0.0	0.0	0.0	0.0	0.0	0.0	0.0	0.0	0.0	0.0	0.0	0.0	0.0	0.0	0.0	0.0	0.0	0.0	0.0	0.0	0.0	0.0	0.0	0.0	0.0	0.0	0.0	0	0.0	0.0	0.01925	0.0	0.0	0.0	0.0	0.0	0.0	0.0	0.0	0.0	0.0	0.00177	0.0	0.0
k__Bacteria.p__Proteobacteria.c__Deltaproteobacteria.o__Desulfovibrionales.f__Desulfovibrionaceae	0.31215	0.20835	0.39053	0.0	0.0	0.0	0.0	0.0	0.0	0.37155	0.33271	0.069	0.379	0.37481	0.01603	0.0285	0.00426	0.14949	0.11093	0.07896	0.04034	0.02565	0.02128	0.01321	0.00644	0.00834	0.02101	0.03282	0.0614	0.04124	0.09549	0.15318	0.11649	0.15262	0.29089	0.15384	0	0.0	0.0	0.0	0.0105	0.09307	0.00956	0.08726	0.02044	0.14109	0.01123	0.11346	0.0	0.00712	0.63172	0.03034	0.0
k__Bacteria.p__Proteobacteria.c__Epsilonproteobacteria.o__Campylobacterales.f__Campylobacteraceae	0.0	0.0	0.0	0.0	0.0	0.0	0.0	0.0	0.0	0.0	0.0	0.00241	0.0	0.0061	0.0	0.0	0.0	0.0	0.0	0.0	0.0	0.0	0.0	0.0	0.0	0.0	0.0	0.0	0.0	0.0	0.0	0.0	0.0	0.0	0.0	0.0	0	0.0	0.0	0.00793	0.01277	0.0	0.0	0.0	0.0	0.0	0.0	0.0	0.0	0.0	0.0	0.0	0.0
k__Bacteria.p__Proteobacteria.c__Gammaproteobacteria.o__Enterobacterales.f__Enterobacteriaceae	2.34775	0.61072	1.87462	0.30635	0.00104	0.02348	0.01028	0.0	0	1.00031	0.52516	0.00392	0.00148	0.61401	13.67037	1.34457	8.67378	0.00545	0.03374	0.0	0.24148	0.04033	0.07866	0.0	13.09509	0.35435	0.13001	0.08216	0	0.08159	0.26843	0.20607	0.10592	0.10155	0.19991	0.07012	0	0.14962	0.82718	0.22041	0.06503	0.50662	0.20496	0.01818	0.00104	0.00147	0.0	6.71522	0.0	0.0	0.2311	0.12572	0.0
k__Bacteria.p__Proteobacteria.c__Gammaproteobacteria.o__Enterobacterales.f__Hafniaceae	0.0	0.0	0.0	0.0	0.0	0.0	0.0	0.0	0	0.0	0.0	0.0	0.0	0.0	0.0	0.0	0.0	0.0	0.0	1.57726	0.0	0.00047	0.0	0.0	0.0	0.0	0.0	0.0	0	0.0	0.0	0.0	0.0	0.0	0.0	0.0	0	0.00393	0.0	0.0	0.0	0.0	0.0	0.0	0.0	0.0	0.0	0.0	0.0	0.0	0.0	0.0	0.0
k__Bacteria.p__Proteobacteria.c__Gammaproteobacteria.o__Enterobacterales.f__Yersiniaceae	0.0	0.0	0.0	0.0	0.0	0.0	0.0	0.0	0	0.0	0.0	0.0	0.0	0.0	0.0	0.0	0.0	0.0	0.0	0.0	0.0	0.00144	0.0	0.05751	0.0	0.0	0.0	0.0	0	0.0	0.0	0.0	0.0	0.0	0.0	0.0	0	0.0	0.0	0.0	0.0	0.0	0.0	0.0	0.0	0.0	0.0	0.0	0.0	0.0	0.0	0.0	0.0
k__Bacteria.p__Proteobacteria.c__Gammaproteobacteria.o__Pasteurellales.f__Pasteurellaceae	0.00494	0.02746	0.12239	0.2312	0.06525	0.00762	0.0	0.06006	0.0	0.21834	0.07168	0.66349	0.09783	0.02931	0.0	0.0	0.00531	0.0	0.13891	0.01023	0.0	0.00321	0.01864	0.00158	0.0	0.00968	0.06467	0.07367	0.0	0.0	0.00905	0.0	0.0	0.11134	0.02898	0.02717	0	0.04896	0.03567	0.35733	0.27187	0.00109	0.06369	0.01704	0.06749	0.00861	0.07088	0.00849	0.22853	0.04322	0.0293	0.00659	0.00192
k__Bacteria.p__Proteobacteria.c__Proteobacteria_unclassified.o__Proteobacteria_unclassified.f__Proteobacteria_unclassified	0.0	0.0	0.00162	2.1961	1.60462	1.3053	1.56492	1.06395	2.17041	0.0021	0.0136	0.0	0.0	0.0	0.01159	0.03588	0.0176	0.00491	0.04525	0.03153	0.05349	0.0314	0.06019	0.05436	0.0494	0.05528	0.0	0.0	0.12654	0.21954	0.08054	0.05848	0.05054	0.14483	0.41419	0.07985	0	0.0	0.04123	0.0	0.0	0.0	0.0	0.0	0.0	0.14404	0.0	0.01183	0.04799	0.0	0.0	0.0	0.00379
k__Bacteria.p__Spirochaetes.c__Spirochaetia.o__Spirochaetales.f__Spirochaetaceae	0.0	0.0	0.0	0.0	0.0	0.0	0.0	0.0	0.0	0.0	0.0	0.0	0.0	0.0	0.0	0.0	0.0	0.0	0.0	0.0	0.0	0.0	0.0	0.0	0.0	0.0	0.0	0.0	0.0	0.0	0.0	0.0	0.0	0.0	0.0	0.0	0	0.0	0.0	0.0	0.14264	0.0	0.0	0.0	0.0	0.0	0.0	0.0	0.0	0.0	0.0	0.0	0.0
k__Bacteria.p__Synergistetes.c__Synergistia.o__Synergistales.f__Synergistaceae	0.0	0.0	0.0	0.0	0.0	0.0	0	0	0	0.0	0.0	0.0	0.02994	0.00252	0	0	0.0	0	0	0	0.0	0.0	0.0	0.0	0.0	0.0	0.0	0.0	0.0	0.0	0.0	0.0	0.0	0	0	0	0	0	0	0	0.00623	0.00082	0	0.0	0	0	0	0	0	0	0.0	0	0
k__Bacteria.p__Verrucomicrobia.c__Verrucomicrobiae.o__Verrucomicrobiales.f__Akkermansiaceae	0.24315	1.06257	1.09285	0.0904	1.33783	0.12444	0	0	0	1.60464	6.77206	0.01212	1.09501	1.31798	0	0	0.21381	0	0	0	3.95668	3.77209	3.63869	4.44781	9.19045	6.0141	0.09078	1.83929	0.24073	1.7847	8.58281	1.52869	2.62444	0	0	0	0	0	0	0	0.0	0.0	0	0.04602	0	0	0	0	0	0	0.14973	0	0
