dataset_name	IjazUZ_2017	IjazUZ_2017	IjazUZ_2017	IjazUZ_2017	IjazUZ_2017	IjazUZ_2017	IjazUZ_2017	IjazUZ_2017	IjazUZ_2017	IjazUZ_2017	IjazUZ_2017	IjazUZ_2017	IjazUZ_2017	IjazUZ_2017	IjazUZ_2017	IjazUZ_2017	IjazUZ_2017	IjazUZ_2017	IjazUZ_2017	IjazUZ_2017	IjazUZ_2017	IjazUZ_2017	IjazUZ_2017	IjazUZ_2017	IjazUZ_2017	IjazUZ_2017	IjazUZ_2017	IjazUZ_2017	IjazUZ_2017	IjazUZ_2017	IjazUZ_2017	IjazUZ_2017	IjazUZ_2017	IjazUZ_2017	IjazUZ_2017	IjazUZ_2017	IjazUZ_2017	IjazUZ_2017	IjazUZ_2017	IjazUZ_2017	IjazUZ_2017	IjazUZ_2017	IjazUZ_2017	IjazUZ_2017	IjazUZ_2017	IjazUZ_2017	IjazUZ_2017	IjazUZ_2017	IjazUZ_2017	IjazUZ_2017	IjazUZ_2017	IjazUZ_2017	IjazUZ_2017	IjazUZ_2017	IjazUZ_2017	IjazUZ_2017	IjazUZ_2017	IjazUZ_2017	IjazUZ_2017	IjazUZ_2017	IjazUZ_2017	IjazUZ_2017	IjazUZ_2017	IjazUZ_2017	IjazUZ_2017	IjazUZ_2017	IjazUZ_2017	IjazUZ_2017	IjazUZ_2017	IjazUZ_2017	IjazUZ_2017	IjazUZ_2017	IjazUZ_2017	IjazUZ_2017	IjazUZ_2017	IjazUZ_2017	IjazUZ_2017	IjazUZ_2017	IjazUZ_2017	IjazUZ_2017	IjazUZ_2017	IjazUZ_2017	IjazUZ_2017	IjazUZ_2017	IjazUZ_2017	IjazUZ_2017	IjazUZ_2017	IjazUZ_2017	IjazUZ_2017	IjazUZ_2017	IjazUZ_2017	IjazUZ_2017	IjazUZ_2017	IjazUZ_2017
study_condition	IBD	IBD	IBD	IBD	control	control	control	IBD	control	control	control	control	control	IBD	control	control	control	control	IBD	IBD	IBD	IBD	IBD	IBD	control	control	control	control	control	control	control	IBD	control	control	control	control	control	control	control	control	IBD	control	IBD	control	IBD	IBD	IBD	IBD	IBD	IBD	IBD	IBD	IBD	IBD	IBD	IBD	control	IBD	IBD	IBD	IBD	IBD	IBD	control	IBD	IBD	IBD	IBD	IBD	IBD	IBD	IBD	IBD	control	IBD	IBD	IBD	IBD	IBD	IBD	control	IBD	IBD	IBD	IBD	control	control	control	IBD	IBD	IBD	IBD	control	control
k__Archaea.p__Euryarchaeota.c__Methanobacteria.o__Methanobacteriales.f__Methanobacteriaceae	0	0.24235	0	0	0	0	7.31397	0	0	0	0	10.49409	0	0	20.3552	0	0	0	0	0	0	0	0	0	0	11.57267	0	0	0	0	2.2084	0	9.32984	3.91189	0	0.52898	5.29092	12.16105	3.52433	0	0	1.52976	0	0	0	0	0	0	0	0	0	0	0	0	0	0	14.101	0	0	0	0	0	0	0	0	0	0	0	0	0	0	0	0	0	0	0	0	0	0	0	12.3141	0	0	0	0	0	0	0.0842	3.48456	0.61265	0	0.63196	7.49245	0
k__Bacteria.p__Actinobacteria.c__Actinobacteria.o__Actinomycetales.f__Actinomycetaceae	0.00733	0	0	0	2.2158	0	0.06489	0.01944	0	0	0	0.01972	0.02618	0.06263	0	0	0	0	0	1.41162	0.02002	0.13328	0.07831	0.01355	0	0	0	0	0	0	0	0	0	0	0	0	0.0467	0	0.02764	0.01449	0.03898	0	0.05397	0.14293	1.27724	1.53789	0	0.00513	0.01792	0.02216	0	0	0	0.00472	0.01136	0	0.24148	0	0	0	0	0	0	0	0	0.01778	0.00585	0.04199	0	0.07301	0	0.04327	0	0	0.01577	0	0	0.01048	0	0	0	0.19633	0	0	0.02173	0.04123	0	0.00595	0.17586	0.07299	0.11068	0	0.06041	0
k__Bacteria.p__Actinobacteria.c__Actinobacteria.o__Bifidobacteriales.f__Bifidobacteriaceae	33.8265	0	0	0	50.84182	8.93206	31.68205	43.64134	8.64134	17.13398	35.41154	14.87836	49.52886	20.43879	0.2339	22.20143	31.50675	24.5198	0	0.0	23.55334	0.02443	0.0	0	49.72891	4.60903	8.76475	6.71975	11.40556	20.16719	44.92683	28.34951	13.29796	11.32945	34.97797	13.82121	24.70205	13.19313	8.56254	8.03526	38.50166	29.13018	10.46357	17.95976	0.7618	8.92458	0.06498	3.92643	0.0	0.06387	31.27815	33.52381	29.04136	21.75907	34.66734	5.32368	16.21015	0	0	0	0	0.74275	8.76041	15.33248	7.69155	0.14671	0.06342	0.20004	2.04233	39.48011	32.82233	33.06708	42.15238	57.87903	57.01862	1.91861	1.23487	24.11741	2.48633	14.73862	29.64652	3.33117	0	0.49418	26.48101	7.09977	40.41156	11.45663	24.955	0.77336	0.04084	4.53399	5.95498	21.99104
k__Bacteria.p__Actinobacteria.c__Actinobacteria.o__Corynebacteriales.f__Corynebacteriaceae	0.0	0	0	0	0.0	0.0	0.0	0.05568	0.0	0.0	0.0	0.0	0.0	0.0732	0.0	0.0	0.0	0.0	0	0.01192	0.0	0.0	0.00758	0	0.0	0.0	0.0	0.0	0.0	0.0	0.0	0.00176	0.0	0.0	0.0	0.00196	0.0	0.0	0.0	0.0	0.0	0.0	0.0	0.0	0.0	0.0	0.0	0.0	0.0	0.0	0.0	0.10968	0.04932	0.0	0.0	0.0	0.0	0	0	0	0	0.0	0.0	0.0	0.0	0.05174	0.0	0.0	0.0	0.0	0.0	0.0	0.01272	0.0	0.0	0.0	0.0	0.0	0.0	0.0	0.0	0.0	0	0.0	0.0	0.0	0.0	0.0	0.0	0.0	0.0	0.0	0.0	0.0
k__Bacteria.p__Actinobacteria.c__Actinobacteria.o__Corynebacteriales.f__Corynebacteriales_unclassified	0	0	0	0	0	0	0	0.0	0	0	0	0	0	0.0	0	0.0	0.0	0	0.0	0.0	0	0.0	0.0	0	0	0.0	0	0	0	0	0.0	0.0	0	0	0	0.0	0.0	0	0.0	0	0	0	0.0	0	0	5.31777	0	0.0	0	0	0.08881	0.0	0.0	0.0	0.0	0	0	0	0	0	0	0	0	0	0	0.0	0	0.0	0	0	0	0.0	0.0	0.0	0.0	0.0	1.14126	0.77632	0.49553	0.0	0	0	0.0	0	0.0	0.0	0.0	0.0	0.0	0	0	0	0	0
k__Bacteria.p__Actinobacteria.c__Actinobacteria.o__Micrococcales.f__Micrococcaceae	0	0	0	0	0	0	0	0.0	0	0	0	0	0	0.0	0	0.0	0.0	0	0.0	0.01073	0	0.0	0.0	0	0	0.0	0	0	0	0	0.0	0.0	0	0	0	0.0	0.0	0	0.0	0	0	0	0.0	0	0	0.0	0	0.0	0	0	0.0	0.0	0.0	0.0	0.0	0	0	0	0	0	0	0	0	0	0	0.0	0	0.0	0	0	0	0.0	0.0	0.0	0.0	0.0	0.0	0.0	0.0	0.0	0	0	0.0	0	0.0	0.00466	0.0	0.0	0.0355	0	0	0	0	0
k__Bacteria.p__Actinobacteria.c__Actinobacteria.o__Propionibacteriales.f__Propionibacteriaceae	0.0	0.0	0.0	0.0	0.0	0.0	0.0	0.00888	0.0	0.0	0.0	0.0	0.0	0.02329	0.0	0.02077	0.0062	0.0	0.15578	0.06669	0.0	0.00572	0.00969	0.0	0.0	0.0074	0.0	0.0	0.0	0.0	0.00078	0.03715	0.0	0.0	0.0	0.0	0.0221	0.0	0.06459	0.0	0.0	0.0	0.01404	0.0	0.0	0.0	0.0	0.10017	0.0	0.0	0.0	0.0	0.00935	0.00133	0.01396	0.0	0.0	0.0	0.0	0.0	0.0	0.0	0.0	0.0	0.0	0.05476	0.0	0.08973	0.0	0.0	0.0	0.02142	0.01086	0.02632	0.01197	0.00617	0.0	0.0	0.0	0.0017	0.0	0.0	0.17558	0.0	0.0124	0.0	0.01691	0.01772	0.0	0.0	0.0	0.0	0.0	0.0
k__Bacteria.p__Actinobacteria.c__Coriobacteriia.o__Coriobacteriales.f__Atopobiaceae	0.0	0.0	0.0	0.0	0.98751	0.0	0.0	0.00795	0.01832	0.0	0.0	0.0	0.0	0.0	0.0	0.0	0.0	0.0	0.0	0.0	0.0	0.0	0.0	0.0	0.0	0.0	0.0	0.07915	0.0	0.0	0.0	0.0	0.0	0.0	0.0	0.0	0.0	0.0	0.0	0.0	0.0	0.0	0.0	0.05815	0.0	0.04799	0.0	0.0	0.0	0.0	0.0	0.0	0.0	0.0	0.0	0.0	0.0	0.0	0.0	0.0	0.0	0.0	0.0	0.0	0.0	0.0	0.0	0.0	0.0	0.0	0.0	0.0	0.0	0.0	0.0	0.0	0.0	0.0	0.0	0.0	0.0	0.0	0.0	0.0	0.00889	0.01012	0.0	0.003	0.0	0.0	0.0	0.0	0.0	0.0
k__Bacteria.p__Actinobacteria.c__Coriobacteriia.o__Coriobacteriales.f__Coriobacteriaceae	11.97269	0.0	0.0	0.0	19.66893	9.55108	7.59478	15.64425	3.92458	3.57492	6.47971	18.11341	3.16397	23.389	10.79229	11.90325	2.11265	2.5693	0.0	0.0	6.19823	0.0	0.0	0.0	3.00825	3.05699	0.09657	3.54737	0.0	3.33083	5.05043	6.13826	7.08056	14.06748	3.45884	0.27746	6.09949	11.52639	7.52089	20.4058	9.99711	24.97992	2.68406	18.72629	0.0	0.0	0.0	4.11347	0.0	0.0	15.5672	24.31647	35.58455	18.49937	29.66755	2.77778	3.27321	29.78762	11.16093	37.05607	49.76807	38.72029	2.11983	7.7885	7.57252	9.3055	10.33111	13.65514	3.91448	0.0	0.0	0.0	0.0	5.04388	0.0	0.0	0.0	0.0	0.0	0.0	0.0	0.0	0.0	0.0	36.20875	5.02731	5.72084	2.36847	6.28756	14.59008	7.63995	7.97807	1.61965	0.0
k__Bacteria.p__Actinobacteria.c__Coriobacteriia.o__Eggerthellales.f__Eggerthellaceae	3.58603	14.66911	0.169	0.18673	0.83328	1.16513	0.32451	1.61517	1.39689	2.4441	2.24022	0.93763	2.46745	3.58	0.35208	0.56447	1.37809	0.52137	9.1708	58.26361	2.43959	12.07776	5.48727	9.8695	1.73276	0.16251	1.45347	0.99182	1.10654	0.48608	1.39724	1.54398	1.86885	1.30501	0.9327	2.46653	1.04705	1.80033	0.34726	2.34115	2.2606	0.21745	0.92552	1.34163	0.06628	0.0	0.0	1.59587	0.0	0.0	1.38482	1.95303	1.73632	0.85479	0.92214	3.27957	0.83607	9.34378	0.93582	1.74992	1.68973	4.57445	1.68734	4.32236	2.36216	2.94855	2.4474	4.38001	0.56056	3.48819	2.89263	1.56424	3.02609	0.4201	5.9885	3.04263	10.43844	6.54627	2.12467	2.00643	1.38514	0.0	0.0	0.0	2.03285	3.32204	1.11055	1.30282	0.66281	4.29081	1.65245	0.43546	0.21374	4.5231
k__Bacteria.p__Bacteroidetes.c__Bacteroidia.o__Bacteroidales.f__Bacteroidaceae	0.01892	0.0	0.0	0.0	0.44379	0.50414	0.97584	0.16309	0.47925	0.85469	0.43124	0.0	0.07141	0.3882	1.3152	0.0	1.06969	27.19094	7.53055	0.0	0.0289	1.09095	0.18545	0.20065	0.33597	2.01268	18.33332	3.81456	11.46309	3.25782	0.40794	0.02337	0.01549	0.03811	0.0	0.0	0.0094	0.54397	0.00193	0.29022	0.04565	0.08886	0.07744	0.0	3.60726	0.23178	1.02797	0.01901	0.17126	0.64026	0.0	0.0	0.0	0.0	0.0757	0.83402	6.80387	0.20153	26.63797	0.19964	0.29363	0.0	0.56312	0.04948	5.59582	0.04009	0.68399	0.2301	30.1414	0.15302	0.25573	0.40293	0.34874	0.00077	0.43808	25.65468	7.15695	0.03854	0.11758	25.00883	0.54447	10.36761	86.98846	52.17973	0.00237	0.49091	4.2831	1.20329	2.07985	0.02811	0.0	12.96234	2.00961	4.95945
k__Bacteria.p__Bacteroidetes.c__Bacteroidia.o__Bacteroidales.f__Barnesiellaceae	0	0.0	0.0	0.0	0.11854	0.0	0.22437	0.0	0.07294	0.30807	0.0	0.0	0.0	0.0	0.19266	0.0	0.07218	0.0	0.0	0	0.0	0.0	0.0	0.0	0.00471	1.1269	0.28079	0.47303	0.0	0.01087	0.00261	0.0	0.0	0.0	0	0	0.0	0.24666	0.0	0.02702	0.0	0.0	0.0	0.0	0.0	0.0	0.0	0.0	0.0	0.0	0	0	0	0	0.0	0.0	0.01623	0.11908	2.57999	0.118	0.04377	0	0.0	0.0	0.67811	0.0	0.03976	0.0457	0.89574	0.0	0.0	0.0	0.0	0.0	0.0	0.0	0.0	0.0	0.0	0.0	0.0	0.0	0.0	0.0	0.0	0.0	0.75785	0.0	0.11406	0.01862	0	0.17814	0.08629	0.39551
k__Bacteria.p__Bacteroidetes.c__Bacteroidia.o__Bacteroidales.f__Odoribacteraceae	0	0.0	0.0	0.0	0.0	0.0	0.11517	0.0	0.0	0.0	0.0	0.0	0.0	0.07247	0.0	0.0	0.0	0.02661	0.0	0	0.0	0.0	0.0	0.0	0.0	0.0	0.18118	0.0	0.0	0.0	0.0	0.0	0.0	0.0	0	0	0.0	0.0	0.0	0.0	0.0	0.0	0.0	0.0	0.0	0.0	0.0	0.0	0.0	0.0	0	0	0	0	0.0	0.0	0.0	0.0	0.0	0.0	0.0	0	0.0	0.0	1.03576	0.0	0.08979	0.03854	1.16508	0.00412	0.0	0.05333	0.0	0.0	0.0	0.0	0.0	0.0	0.0	0.0	0.0	0.0	0.0	0.0	0.0	0.001	0.02102	0.0	0.0021	0.0	0	0.01978	0.0	0.0
k__Bacteria.p__Bacteroidetes.c__Bacteroidia.o__Bacteroidales.f__Porphyromonadaceae	0	0.0	0.0	0.0	0.0	0.0	0.0	0.0	0.0	0.0	0.0	0.0	0.0	0.0	0.0	0.0	0.0	0.0	0.0	0	0.0	0.0	0.0	0.0	0.0	0.0	0.0	0.0	0.0	0.0	0.0	0.0	0.0	0.0	0	0	0.0	0.0	0.0	0.0	0.0	0.0	0.0	0.0	0.0	0.0	0.0	0.0	0.0	0.0	0	0	0	0	0.0	0.0	0.0	0.0	0.0	0.0	0.0	0	0.0	0.0	0.27488	0.0	0.0	0.0	0.0	0.0	0.0	0.0	0.0	0.0	0.0	0.0	0.0	0.0	0.0	0.0	0.0	0.0	0.0	0.0	0.0	0.0	0.0	0.0	0.3865	0.0	0	0.0	0.0	0.0
k__Bacteria.p__Bacteroidetes.c__Bacteroidia.o__Bacteroidales.f__Prevotellaceae	0	0.0	0.0	0.0	0.21811	1.25248	0.0	0.0	0.50004	0.0	0.0	0.07182	0.0	0.0	5.763	0.86948	0.0	0.0	35.83297	0	0.0	0.0	0.0	0.0	0.0	0.0	0.24187	1.95384	0.0	0.0	0.02741	0.0	0.0	0.0	0	0	0.0	0.24135	0.01077	0.0	0.0	0.0	0.0	0.03009	0.0	0.0	0.0	0.0	0.0	0.0	0	0	0	0	0.0	0.0	0.0	0.0	0.0	0.0	0.0	0	0.0	0.0	0.0	0.0	0.0	0.0	0.0	0.0	0.0	0.0	0.0	0.0	0.0	0.0	0.0	0.0	0.0	0.0	0.0	0.0	0.0	0.0	0.0	0.0	0.0	0.0	0.04009	0.0	0	0.0	0.0	1.62589
k__Bacteria.p__Bacteroidetes.c__Bacteroidia.o__Bacteroidales.f__Rikenellaceae	0.0	0.1636	0.01073	0.0	0.15032	0.01287	2.03288	0.0	0.03981	0.76512	0.40415	0.0	0.0	0.00245	1.24832	0.04172	0.43027	4.26055	0.36721	0.0	0.0	0.3066	0.04433	0.0	0.22627	3.26151	3.45329	0.71824	1.95207	0.03507	0.35392	0.0	0.00398	0.0	0.0	0.0	0.0	0.12125	0.01388	0.63069	0.0	0.0	0.05279	0.0	0.0	0.0	0.0	0.0	0.0	0.0	0.0	0.0	0.0	0.0	0.0	0.38224	0.6054	0.0	1.33048	0.0	0.0	0.0	0.0	0.1077	4.53448	0.03317	0.19354	0.12777	1.05598	0.01902	0.00843	0.01031	0.05832	0.0	0.02849	0.0	0.0	0.0	0.0	0.0	0.0	0.0	0.0	0.0	0.0	0.28618	0.76046	0.01278	0.79162	0.03365	0.0	1.2079	0.30025	0.81042
k__Bacteria.p__Bacteroidetes.c__Bacteroidia.o__Bacteroidales.f__Tannerellaceae	0.0	0.0	0.00976	0.00165	0.07551	0.57603	0.02341	0.0	0.11964	0.0	0.06135	0.0	0.0	0.0	1.37355	0.13311	0.15798	0.0	0.0	0.0	0.0	0.0	0.0	0.0	0.05557	0.43401	1.77907	0.18446	0.0	0.0	0.01241	0.0	0.0	0.0	0.0	0.0	0.0	0.0	0.0	0.02055	0.0	0.0	0.03602	0.0	0.0	0.0	0.0	0.02472	0.0	0.0	0.0	0.0	0.0	0.0	0.03452	0.27994	0.62252	0.0	0.0	0.0	0.0	0.0	0.0	0.0	0.26057	0.0	0.15874	0.04472	1.43819	0.01674	0.03921	0.05713	0.02807	0.0	0.03335	0.0	0.0	0.0	0.0	0.0	0.0	0.0	0.0	0.0	0.0	0.0201	0.72678	0.25507	2.03452	0.0	0.0	0.51104	0.28136	0.55782
k__Bacteria.p__Firmicutes.c__Bacilli.o__Bacillales.f__Bacillales_unclassified	0.04107	0.0	0.0	0.0	0.0	0.02078	0.0	0.0116	0.03729	0.0	0.0	0.00728	0.01954	0.01504	0.0	0.0	0.0	0.0	0.0	0.00783	0.0	0.0	0.0	0.0	0.0	0.0	0.0	0.0	0.0	0.0	0.00669	0.0	0.0	0.0	0.02689	0.0	0.00871	0.0	0.0	0.0	0.0	0.0	0.0	0.0	0.09708	0.01007	0.0	0.0	0.04923	0.0	0.0	0.0	0.0	0.0	0.02442	0.0239	0.0	0.0	0.0	0.0	0.0	0.0	0.02957	0.0	0.0	0.0	0.0	0.0	0.0	0.83747	0.0	0.0	0.0143	0.0	0.04858	0.00512	0.0	0.0	0.0	0.0	0.0	0.0	0.0	0.0	0.03298	0.0	0.0	0.0	0.05309	0.0	0.0	0.0	0.0	0.01873
k__Bacteria.p__Firmicutes.c__Bacilli.o__Bacillales.f__Staphylococcaceae	0.0	0.0	0.0	0.0	0.0	0.0	0.0	0.0	0.0	0.0	0.0	0.0	0.0	0.0	0.0	0.0	0.0	0.0	0.0	0.0	0.0	0.0	0.0	0.0	0.0	0.0	0.0	0.0	0.0	0.0	0.0	0.0	0.0	0.0	0.0	0.0	0.0	0.0	0.0	0.0	0.0	0.0	0.0	0.0	0.31959	0.0	0.0	0.0	0.0	0.0	0.0	0.0	0.0	0.0	0.0	0.0	0.0	0.0	0.0	0.0	0.0	0.0	0.0	0.0	0.0	0.0	0.0	0.0	0.0	0.0	0.0	0.0	0.0	0.0	0.0	0.0	0.0	0.0	0.0	0.0	0.0	0.0	0.0	0.0	0.0	0.0	0.0	0.0	0.0	0.0	0.0	0.0	0.0	0.0
k__Bacteria.p__Firmicutes.c__Bacilli.o__Lactobacillales.f__Carnobacteriaceae	0.0	0.0	0.0	0.0	0.0	0.0	0.0	0.0	0.0	0.0	0.0	0.0	0.0	0.0	0.0	0.0	0.0	0.0	0.0	0.0	0.0	0.0	0.0	0.0	0.0	0.0	0.0	0.0	0.0	0.0	0.0	0.0	0.0	0.0	0.0	0.0	0.0	0.0	0.0	0.0	0.0	0.0	0.0	0.0	0.05844	0.0	0.0	0.0	0.0	0.0	0.0	0.0	0.0	0.0	0.0	0.0	0.0	0.0	0.0	0.0	0.0	0.0	0.0	0.0	0.0	0.0	0.0	0.0	0.0	0.0	0.0	0.0	0.0	0.0	0.0	0.0	0.0	0.0	0.0	0.0	0.0	0.0	0.0	0.0	0.0	0.0	0.0	0.0	0.0	0.0	0.0	0.0	0.0	0.0
k__Bacteria.p__Firmicutes.c__Bacilli.o__Lactobacillales.f__Enterococcaceae	0.0	0.0	82.78296	98.73723	0.0	0.0	0.0	0.0	0.0	0.0	0.0	0.0	0.0	0.0	0.0	0.0	0.0	0.0	0.0	0.0	0.0	0.0	0.0	0.0	0.0	0.0	0.0	0.0	0.0	0.0	0.0	0.0	0.0	0.12502	0.0	0.0	0.0	0.0	0.0	0.0	0.0	0.0	0.0	0.0	6.96404	4.70649	2.11211	0.0	18.57859	2.40282	0.0	0.0	0.15806	0.09519	4.65488	0.0	0.0	0.0	0.0	0.0	0.0	0.0	0.0	0.0	0.0	0.0	0.0	0.0	0.0	0.0	0.0	0.0	0.0	0.0	0.0	0.07361	0.0	0.06088	30.4755	0.0	0.0	61.42397	6.00634	27.91602	0.0122	0.0	0.0	0.0	0.0	0.0	0.0	0.0	0.0	0.0
k__Bacteria.p__Firmicutes.c__Bacilli.o__Lactobacillales.f__Lactobacillaceae	0.0	0.0	0.0	0.0	0.0	0.0	0.0	0.0	0.0	0.0	0.0	0.0	0.0	0.0	0.0	8.75504	0.05398	0.0	0.0	0.0	0.0	0.0	0.0	0.0	0.13902	0.02932	0.42133	0.0	0.0	0.0	0.11844	0.0	0.0	0.0	0.0	0.0	0.0	0.02472	0.01846	0.02191	0.0	0.0	0.0	0.0	0.0	0.0	0.0	0.0	0.0	0.0	0.9678	0.0	0.0	0.0	0.01294	0.0	0.02625	0.0	0.0	0.0	0.0	0.0	0.0	0.0	0.0	0.0	0.0	0.0	0.0	0.0	0.0	0.0	0.0	0.00303	0.0	0.04493	0.0	0.0	0.0	0.0	0.0	0.0	0.0	0.0	0.02673	1.91882	0.0	1.61558	2.08265	0.0	0.0	0.0	0.0	0.0
k__Bacteria.p__Firmicutes.c__Bacilli.o__Lactobacillales.f__Leuconostocaceae	0.0	0.0	0.0	0.02987	0.0	0.0	0.0	0.0	0.0	0.0	0.0	0.0	0.0	0.0	0.0	0.0	0.0	0.0	0.0	0.0	0.0	0.0	0.0	0.0	0.0	0.0	0.0	0.0	0.0	0.0	0.0	0.0	0.08903	0.0	0.0	0.0	0.0	0.0	0.0	0.0	0.0	0.0	0.0	0.0	0.0	0.0	0.0	0.0	0.0	0.0	0.0	0.0	0.0	0.12315	0.0	0.01165	0.0	0.0	0.0	0.11074	0.1422	0.0	0.0	0.0	0.0	0.0	0.0	0.0	0.0	0.0	0.0	0.0	0.0	0.0	0.0	0.0	0.0	0.0	0.0	0.0	0.0	0.0	0.0	0.0	0.0	0.0	0.0	0.0	0.00949	0.0	0.0	0.0	0.0	0.0
k__Bacteria.p__Firmicutes.c__Bacilli.o__Lactobacillales.f__Streptococcaceae	0.90022	0.0086	0.01455	0.0	2.11666	1.89882	0.0	0.65155	0.51791	1.35036	1.88764	0.29853	2.72415	0.07992	0.00821	0.2017	1.53117	0.78348	0.0	0.35771	0.06007	0.18476	0.41979	0.24124	1.81952	0.03677	0.64387	0.27993	0.0	0.15366	0.18611	0.72769	0.19707	4.04727	2.64116	0.03932	1.00346	0.08659	0.5162	0.15474	0.33174	0.3599	0.02336	0.92209	0.06077	0.01975	1.74176	0.05805	0.18436	2.25706	0.83622	0.10966	0.08414	0.41983	0.10836	0.52011	1.15105	0.0	0.0	0.0	0.0	0.93913	0.92556	0.16786	0.74841	1.86941	0.01427	0.13219	0.08744	0.00644	0.01033	0.21268	0.29096	0.97993	0.82333	0.22175	0.0	0.0	0.0	2.59572	0.5276	19.94548	3.64529	13.27835	3.01104	12.86574	0.40237	8.51724	17.97879	0.19707	0.05939	0.63572	1.28633	0.30839
k__Bacteria.p__Firmicutes.c__Clostridia.o__Clostridiales.f__Catabacteriaceae	0.0	0.0	0.0	0.0	0.01	0.0	0.0	0.0	0.0	0.0	0.0	0.0	0.0	0.24913	0.0	0.0	0.0	0.0	0.0	0.0	0.23359	0.0	0.0	0.0	0.00905	0.0	0.0	0.0	0.0	0.0	0.0	0.07751	0.0	0.0	0.0	0.0	0.0	0.0	0.0	0.0	0.07935	0.0	0.0	0.0	0.0	0.0	0.0	0.0	0.0	0.0	0.0	0.0	0.0	0.0	0.0	0.0	0.0	0.0	0.0	0.0	0.0	0.0	0.0	0.0	0.0	0.01865	0.0	0.0	0.0	0.0	0.0	0.0	0.0	0.0	0.0	0.0	0.0	0.0	0.0	0.0	0.0	0.0	0	0.0	0.0	0.0	0.0	0.0	0.0	0.06319	0.00751	0.0	0.0	0.0
k__Bacteria.p__Firmicutes.c__Clostridia.o__Clostridiales.f__Christensenellaceae	0.0	0.0	0.0	0.0	0.0	0.0	0.0	0.0	0.0	0.0	0.0	0.05793	0.0	0.0	0.13013	0.0	0.0	0.0	0.0	0.0	0.0	0.0	0.0	0.0	0.00655	0.0	0.0	0.0	0.0	0.0	0.0	0.0	0.0	0.0	0.0	0.0	0.0	0.0	0.0	0.00429	0.0	0.0	0.0	0.0	0.0	0.0	0.0	0.0	0.0	0.0	0.0	0.0	0.0	0.0	0.0	0.0	0.0	0.0	0.11174	0.07561	0.07617	0.16506	0.0	0.00401	0.06136	0.32911	0.17572	0.18057	0.0	0.0	0.0	0.0	0.0	0.0	0.0	0.0	0.0	0.0	0.0	0.0	0.0	0.0	0	0.0	0.0	0.0	0.02299	0.0	0.0	0.0	0.0	0.0	0.0	0.30203
k__Bacteria.p__Firmicutes.c__Clostridia.o__Clostridiales.f__Clostridiaceae	0.33577	0.31048	0.00359	0.0	0.0	0.0	0.0	1.47802	0.06114	0.30976	0.0	0.0	0.0242	0.12574	0.21308	0.00968	0.03935	0.01704	0.31419	0.00906	0.02272	0.16446	0.03302	0.0	0.0	0.59126	0.07655	0.0	2.39027	0.04205	0.19853	0.06072	1.28143	0.98685	0.08762	0.0	0.0384	0.05708	0.0973	6.69226	0.651	0.0	0.00423	0.0	9.56543	1.31769	0.15457	0.0	0.34423	0.14555	3.80423	0.34848	0.0123	0.23829	0.08725	0.07768	0.32421	0.0	1.04244	0.23024	0.0	1.1731	0.10155	0.10133	1.25642	0.0	0.0	0.00578	2.02029	0.00429	0.01208	0.00557	0.0	0.03663	0.01154	1.18485	0.01922	0.0	0.03216	0.3462	0.0	0.0	0	0.0	0.06486	0.00599	0.02985	0.21123	0.0026	0.0	0.0	0.0	0.0	0.12051
k__Bacteria.p__Firmicutes.c__Clostridia.o__Clostridiales.f__Clostridiales_Family_XIII_Incertae_Sedis	0.0	0.0	0.0	0.0	0.0	0.05509	0.0	0.00998	0.0	0.0	0.0	0.00153	0.0	0.0	0.0	0.0	0.0	0.0	0.0	0.0	0.0	0.0	0.0	0.0	0.0	0.0	0.0	0.0	0.0	0.0	0.00373	0.0	0.0	0.0	0.0	0.0	0.01976	0.0	0.0	0.02901	0.0	0.0	0.0	0.03301	0.0	0.0	0.0	0.0	0.0	0.0	0.0	0.01132	0.0	0.0	0.0	0.0	0.0	0.05361	0.0	0.0	0.0	0.0	0.0	0.0	0.0	0.0	0.0	0.03351	0.0	0.0	0.0	0.0	0.0	0.0	0.00189	0.0	0.0	0.0	0.0	0.00192	0.0	0.0	0	0.0	0.0014	0.02066	0.0	0.0	0.08699	0.0	0.0	0.0	0.0	0.0
k__Bacteria.p__Firmicutes.c__Clostridia.o__Clostridiales.f__Clostridiales_unclassified	0.0	0.0	0.00497	0.0	0.0	0.0	0.0933	0.0	0.0	0.0	0.74733	0.0	0.0	0.0	0.0	0.0	0.0	0.15284	0.0	0.0	0.0	0.03499	0.0	0.0	0.21218	2.69288	0.12602	0.04878	0.21861	0.0	1.083	0.0	0.0	0.0	0.0	0.16742	0.0	0.0	0.33649	0.01096	0.0	0.0	0.0	0.46855	0.0	0.0	0.0	0.0	0.0	0.0	0.0	0.0	0.0	0.0	0.0	0.0	0.0	0.0	1.1707	0.0	0.0	0.0	0.0	0.0	0.0	0.0	0.0	0.0	0.0	0.0	0.0	0.01124	0.67841	0.08955	1.3404	0.0	0.0	0.0	0.0	0.0	0.59808	0.0	0	0.0	0.0	0.10963	1.00321	0.0	0.05893	0.0	0.0	0.0	0.17988	0.0
k__Bacteria.p__Firmicutes.c__Clostridia.o__Clostridiales.f__Eubacteriaceae	0.9164	4.46771	0.18022	0.0	3.59371	1.39052	1.11789	4.62747	30.94347	5.4699	6.0801	4.58216	6.37022	5.24256	1.49194	15.53647	3.49616	1.65951	0.0	0.39993	1.67923	2.03082	1.87851	11.53803	3.70403	4.35306	7.09356	8.33732	5.04742	2.85004	1.78595	2.19738	10.49618	3.13806	11.24177	6.6525	12.71392	4.07614	5.17066	5.06681	10.94153	11.8513	0.0	4.94433	0.0	0.0	0.50793	0.21961	0.0	0.7157	4.81156	0.61621	0.63843	1.35549	0.44323	5.22341	2.09784	0.61452	0.0	0.0	0.0	0.0	4.50049	4.34708	30.34871	24.74356	39.47825	32.0769	18.5819	4.90402	2.04927	1.58054	0.38723	3.16412	1.04423	0.34805	2.59009	0.70466	0.0	2.06966	3.1534	0.0	0	0.0	2.38456	7.40051	2.70517	2.39652	0.73302	2.89616	1.54113	1.99598	0.31171	6.46242
k__Bacteria.p__Firmicutes.c__Clostridia.o__Clostridiales.f__Lachnospiraceae	45.52431	57.33637	15.31654	0.57813	12.35281	46.88858	10.23944	26.66923	34.00328	46.12175	29.77813	24.3532	24.58276	31.58474	30.72166	15.00016	28.80064	20.15306	4.49699	24.26729	56.57504	67.51162	72.94845	70.51199	21.58885	30.35361	47.58846	40.43246	53.44135	62.7736	16.80971	54.42905	46.11274	52.96067	41.13977	45.95537	34.68378	32.85739	21.77342	27.6483	28.07972	22.68787	84.66505	46.64493	54.01953	64.41402	39.38531	89.09041	58.55267	40.96868	6.43766	28.75347	24.01527	38.93687	24.45328	64.58438	8.0915	58.26373	36.59758	54.72046	41.91586	36.70978	71.83776	36.80643	30.48759	58.5392	44.25482	42.57855	22.92062	41.57547	57.64555	60.2534	46.48803	17.94764	21.58592	15.92027	56.89412	64.40866	60.75953	29.30372	20.00587	0.36267	0	0.10053	26.7557	33.31103	11.61787	29.74987	19.84356	63.83017	84.31825	25.23128	7.0574	44.03664
k__Bacteria.p__Firmicutes.c__Clostridia.o__Clostridiales.f__Oscillospiraceae	0.0	0.0	0.0	0.0	0.0	0.0	0.0	0.0	0.24973	0.0	0.06037	0.00097	0.0	0.0	0.0	0.60653	0.27232	5.51872	0.0	0.0	0.0	0.0	0.0	0.0	0.01234	0.66993	0.0	1.23836	0.0	0.0	0.3864	0.0	0.16394	0.15227	0.00277	0.0	0.0	0.50815	0.01857	0.00517	0.0	0.0	0.0	0.0	0.0	0.0	0.0	0.0	0.0	0.0	0.0	0.0	0.0	0.0	0.0	0.0	0.0	0.0	0.0	0.0	0.0	0.0	0.0	0.01189	0.02479	0.0	0.0	0.0	0.10758	0.0	0.0	0.0	0.0	0.0	0.0	0.0	0.0	0.0	0.0	0.0	0.00118	0.0	0	0.0	0.0	0.0	0.13509	0.09974	2.62921	0.22901	0.10772	1.33626	0.0	1.5034
k__Bacteria.p__Firmicutes.c__Clostridia.o__Clostridiales.f__Peptococcaceae	0.0	0.0	0.0	0.0	0.0	0.0	0.0	0.34874	0.0	0.0	0.0	0.0	0.0	0.0	0.0	0.0	0.0	0.0	0.0	0.0	0.0	0.0	0.0	0.0	0.0	0.0	0.0	0.0	0.0	0.0	0.0	0.0	0.0	0.0	0.0	0.0	0.0	0.0	0.0	0.0	0.0	0.0	0.0	0.0	0.0	0.0	0.0	0.0	0.0	0.0	0.0	0.0	0.0	0.0	0.0	0.0	0.0	0.0	0.0	0.0	0.0	0.0	0.0	0.0	0.0	0.0	0.0	0.0	0.0	0.0	0.0	0.0	0.0	0.0	0.20588	0.0	0.0	0.0	0.0	0.0	0.0	0.0	0	0.0	0.3161	0.0	0.0	0.0	0.0	0.0	0.0	0.0	0.0	0.0
k__Bacteria.p__Firmicutes.c__Clostridia.o__Clostridiales.f__Peptostreptococcaceae	0.3044	0.02659	0.35605	0.02412	0.02888	0.15222	0.0	0.31526	0.30751	0.0	0.07311	0.25452	0.09334	0.24544	0.0	1.151	0.02149	0.10275	11.26255	3.98242	0.0	0.22868	0.21887	0.19835	0.11491	0.0	0.0	0.3296	0.0	0.0	0.00985	0.0	1.20464	1.0454	0.0	0.07012	0.34102	0.0845	0.0	0.22119	0.00294	0.17767	0.02776	0.23527	3.07039	1.05868	0.09621	0.00693	1.94758	0.08235	0.26963	0.16197	0.03601	0.32621	0.53605	0.24266	0.1176	0.05439	0.0	4.08758	3.37454	0.0	0.37855	0.14661	0.0	0.0	0.0	0.0	0.0	1.98624	0.12371	0.01003	0.46699	0.49795	2.42309	0.1926	0.19312	0.0	0.0	0.14525	0.0	0.06725	0	0.0	0.22798	0.0	0.1803	0.16069	0.0038	0.0	0.0	0.0	0.0	0.0
k__Bacteria.p__Firmicutes.c__Clostridia.o__Clostridiales.f__Ruminococcaceae	2.48409	0.8238	0.00622	0.05995	3.96851	17.4257	23.10088	2.74732	7.59403	21.20112	15.32541	12.2266	10.69773	2.38943	12.60896	16.13761	27.60227	9.12686	2.39356	3.03897	3.41939	8.06448	9.38229	3.9533	17.07592	26.95984	8.14411	19.14106	9.48851	5.44612	24.512	0.91883	0.77572	2.64255	3.01482	29.8011	9.66843	7.97361	49.39337	26.64257	6.57246	8.23591	0.37085	7.06677	0.0	0.0	0.11328	0.42082	0.0	0.11326	12.19112	0.26159	0.89928	3.98009	3.37021	15.94662	24.27718	0.10475	6.16562	0.78406	0.83436	5.20038	8.28622	29.59062	1.1926	0.79454	1.2637	2.44934	10.75947	1.43482	1.14093	0.76033	2.59788	13.37044	2.56214	1.65847	3.14262	0.76744	1.0719	17.19318	19.11705	0.0	0.0	0.0	1.47476	26.6932	26.65882	36.91421	4.27071	2.05075	0.44993	39.41724	4.39951	5.98369
k__Bacteria.p__Firmicutes.c__Erysipelotrichia.o__Erysipelotrichales.f__Erysipelotrichaceae	0.08228	0.14708	0.995	0.0	0.30828	6.61083	0.99028	1.6156	0.11696	0.0	0.02199	13.66737	0.12146	10.00449	0.76749	0.26443	0.09483	0.10164	0.15578	8.05957	2.34043	5.39627	6.98753	3.47339	0.01644	2.61421	0.0	1.03141	0.90726	1.08899	0.3244	2.99981	7.93311	3.10972	0.0	0.00787	4.1679	0.0	0.08076	0.0	1.81651	0.28757	0.58777	0.69524	9.11578	10.25735	4.00564	0.41938	15.21366	4.49868	1.13194	7.95305	4.18963	7.8027	0.81106	0.42807	0.40663	0.03999	7.71225	0.77097	1.82341	1.52834	0.21533	0.69246	1.57573	0.26084	0.04285	0.17943	0.00513	5.38831	2.58018	1.93612	1.97387	0.5318	3.57905	1.53819	2.09495	0.67484	1.78739	0.68158	9.31999	2.73818	0.82639	2.35146	0.26941	0.04695	0.06354	0.51144	1.29565	1.53876	3.78725	0.28506	1.91116	0.90303
k__Bacteria.p__Firmicutes.c__Firmicutes_unclassified.o__Firmicutes_unclassified.f__Firmicutes_unclassified	0.0	0.02989	0.0114	0.04225	0.66984	1.86388	0.82793	0.1221	0.3763	0.43334	0.21901	0.03394	0.0	2.02039	0.01138	0.41919	0.19457	0.15864	0.0	0.0	3.42945	0.0	0.0	0.0	0.05532	0.66341	0.40119	1.37056	0.0	0.10132	0.04973	2.49498	0.12823	0.43948	0.0	0.0	0.0	0.73807	0.07381	0.27545	0.58569	0.05199	0.0	0.0	0.0	0.0	0.0	0.0	0.0	0.0	0.0	0.0	0.0	0.0	0.0	0.03231	0.55893	0.0	0.0631	0.0	0.0	0.29598	0.0	0.07168	2.49211	0.84638	0.75679	3.50999	0.14344	0.00135	0.0133	0.0	0.19181	0.0	1.13452	0.0	0.0	0.0	0.0	0.0	0.01025	0.0	0.0	0.0	0.0	0.8245	0.0112	0.17416	0.19986	1.1161	0.2849	0.38326	0.8374	0.49956
k__Bacteria.p__Firmicutes.c__Negativicutes.o__Acidaminococcales.f__Acidaminococcaceae	0.0	0.0	0.0	0.0	0.0	0.67204	0.0	0.0	0.0	0.0	0.02605	0.0	0.01741	0.00103	0.12872	0.0	0.04133	0.0	0.0	0.0	0.0	0.0	0.0	0.0	0.0	0.9953	0.0	7.42981	0.0	0.0	0.00208	0.0	0.0	0.0	0.0	0.0	0.0	0.0	0.0	0.0	0.0	0.0	0.0	0.0	0.0	0.0	0.0	0.0	0.0	0.0	0.0	0.0	0.0	0.0	0.0	0.0	0.0	0.0	0.0	0.0	0.0	0.0	0.0	0.0	0.0	0.0	0.0	0.0	0.0	0.0	0.0	0.0	0.0	0.0	0.0	0.0	0.0	0.0	0.0	0.0	0.0	0.0	0.0	0.0	0.0	0.00784	2.61423	0.06586	0.00746	0.0	0.0	0.05204	0.01393	0.92851
k__Bacteria.p__Firmicutes.c__Negativicutes.o__Selenomonadales.f__Selenomonadaceae	0.0	0.0	0.0	0.0	0.02875	0.0	0.0	0.0	0.0	0.0	0.0	0.0	0.0	0.0	0.0	0.0	0.0	0.0	0.0	0.0	0.0	0.0	0.0	0.0	0.0	0.0	0.0	0.0	0.0	0.0	0.0	0.0	0.0	0.0	0	0.0	0.0	0.06998	0.13204	0.0	0.0	0.0	0.0	0.0	0.0	0.0	0.0	0.0	0.0	0.0	0.0	0.0	0.0	0.0	0.0	0.0	0.0	0.0	0.0	0.0	0.0	0.0	0.0	0.0	0.0	0.0	0.0	0.0	0.0	0.0	0.0	0.0	0.0	0.0	0.0	0.0	0.0	0.0	0.0	0.0	0.0	0.0	0.0	0.0	0.0	0.0	0.13518	0.0	0.0	0.0	0.0	0.0	0.0	0.0
k__Bacteria.p__Firmicutes.c__Negativicutes.o__Veillonellales.f__Veillonellaceae	0.0	0.0	0.0	0.0	0.04989	0.08944	1.48574	0.0	9.32081	0.03289	0.0	0.0	0.04564	0.0	0.0	6.15744	0.99174	3.00895	1.2105	0.0	0.0	0.0	0.0	0.0	0.15342	0.0	0.07967	0.0	1.624	0.25635	0.13541	0.0	0.02122	0.11605	0	0.21015	0.0	2.52623	0.0	0.0	0.0	0.37843	0.0	0.18625	6.54757	0.03635	17.0231	0.0	0.0	15.75391	0.52008	0.0	0.0	0.0	0.00246	0.00279	0.05393	0.0	0.0	0.0	0.0	0.60907	0.11645	0.4595	1.13376	0.0	0.0	0.0	4.05772	0.09419	0.40632	0.01037	0.04586	0.0088	1.14935	0.7013	0.34386	0.0	0.0	3.06307	0.06251	0.31838	0.0	0.0	0.54995	0.30234	0.54154	2.19742	2.01421	0.0	0.0	1.86907	0.0	3.99768
k__Bacteria.p__Firmicutes.c__Tissierellia.o__Tissierellales.f__Peptoniphilaceae	0.0	0.0	0.0	0.0	0.0	0.0	0.0	0.24734	0.0	0.0	0.0	0.0	0.0	0.01206	0.0	0.0265	0.0	0.0	22.92504	0.11266	0.0	0.00425	0.0	0.0	0.0	0.0	0.0	0.0	0.0	0.0	0.0	0.0	0.0	0.0	0	0.0	0.0	0.0	0.0	0.0	0.0	0.0	0.0	0.0	0.28581	0.12406	0.0	0.0	0.01134	0.0	0.0	0.0	0.0	0.0	0.02881	0.0292	0.06615	0.14125	0.0	0.0	0.0	0.0	0.0	0.0	0.0	0.0	0.0	0.0	0.0	0.10386	0.0	0.0	0.42835	0.0	0.45212	43.45459	6.78952	0.94101	0.59391	0.85803	0.03025	0.0	0.0	0.0	0.00471	0.0	0.0	0.0	0.01578	0.0	0.0	0.0	0.0	0.0
k__Bacteria.p__Fusobacteria.c__Fusobacteriia.o__Fusobacteriales.f__Fusobacteriaceae	0.0	0.0	0.0	0.0	0.0	0.0	0.0	0.0	0.0	0.0	0.0	0.0	0.0	0.0	0.0	0.0	0.0	0.0	4.1841	0.0	0.0	0.0	0.0	0.0	0.0	0.0	0.0	0.0	0.0	0.0	0.0	0.0	0.0	0.0	0	0.0	0.0	0.0	0.0	0.0	0.0	0.0	0.0	0.0	0.0	0.0	0.33327	0.0	0.0	0.25772	0.0	0.0	0.0	0.0	0.0	0.0	0.0	0.0	0.0	0.0	0.0	0.0	0.0	0.0	0.0	0.0	0.0	0.0	0.0	0.0	0.0	0.0	0.0	0.0	0.0	0.0	0.0	0.0	0.0	0.00914	0.0	0.0	0.0	0.0	0.0	0.0	0.0	0.0	0.0	0.0	0.0	0.0	0.0	0.0
k__Bacteria.p__Proteobacteria.c__Betaproteobacteria.o__Burkholderiales.f__Sutterellaceae	0	0.0	0.0	0.0	0.0	0.0	0	0	0.0	0	0.0	0	0.0	0	0.0	0	0.0	0.0	0	0	0	0.00552	0.0	0	0	0.0191	0.0	0.0	0.0	0	0	0	0	0	0	0	0.0	0	0	0	0.0	0	0.0	0.0	0.0	0.0	0.0	0	0.0	0.0	0.0	0.0	0.0	0.0	0.0	0	0.0	0.0	1.01529	0.0	0.0	0.0	0.0	0	0.0	0	0	0	0.0	0.0	0	0	0.0	0	0.00555	0.0	0.0	0.0	0.0	0.0	0.0	0.0	0.0	0.0	0.0	0	0.0	0.04241	0.0	0	0	0.0	0.0	0.0
k__Bacteria.p__Proteobacteria.c__Betaproteobacteria.o__Neisseriales.f__Neisseriaceae	0	0.0	0.0	0.0	0.0	0.0	0	0	0.0	0	0.0	0	0.0	0	0.0	0	0.0	0.0	0	0	0	0.0	0.0	0	0	0.0	0.0	0.0	0.0	0	0	0	0	0	0	0	0.0	0	0	0	0.0	0	0.0	0.0	0.05343	0.13165	0.0	0	0.0	0.0	0.0	0.0	0.0	0.0	0.0	0	0.0	0.0	0.0	0.0	0.0	0.0	0.0	0	0.0	0	0	0	0.0	0.0	0	0	0.0	0	0.0	0.0	0.0	0.0	0.0	0.0	0.0	0.0	0.0	0.0	0.0	0	0.0	0.0	0.0	0	0	0.0	0.0	0.0
k__Bacteria.p__Proteobacteria.c__Deltaproteobacteria.o__Desulfovibrionales.f__Desulfovibrionaceae	0	0.0	0.0	0.0	0.0	0.00671	0	0	0.0	0	0.0	0	0.0	0	0.81962	0	0.0	0.0	0	0	0	0.0	0.0	0	0	0.32271	0.21195	0.29441	0.0	0	0	0	0	0	0	0	0.0	0	0	0	0.0	0	0.0	0.0	0.0	0.0	0.0	0	0.0	0.0	0.0	0.0	0.0	0.0	0.0	0	0.13596	0.00432	0.22585	0.0	0.0	0.0	0.0	0	0.0	0	0	0	0.0	0.0	0	0	0.0	0	0.0	0.0	0.0	0.0	0.0	0.0	0.0	0.0	0.0	0.0	0.0	0	0.04116	0.0	0.1336	0	0	0.21855	0.05484	0.0
k__Bacteria.p__Proteobacteria.c__Epsilonproteobacteria.o__Campylobacterales.f__Campylobacteraceae	0	0.0	0.0	0.0	0.0	0.0	0	0	0.0	0	0.0	0	0.0	0	0.0	0	0.0	0.0	0	0	0	0.0	0.0	0	0	0.0	0.0	0.0	0.0	0	0	0	0	0	0	0	0.0	0	0	0	0.0	0	0.0	0.0	0.0	0.0	0.0	0	0.0	0.0	0.0	0.0	0.0	0.0	0.0	0	0.0	0.0	0.0	0.0	0.0	0.0	0.0	0	0.0	0	0	0	0.0	0.0	0	0	0.0	0	0.0	0.0	0.0	0.0	0.0	0.26918	0.0	0.0	0.0	0.0	0.0	0	0.0	0.0	0.0	0	0	0.0	0.0	0.0
k__Bacteria.p__Proteobacteria.c__Gammaproteobacteria.o__Enterobacterales.f__Enterobacteriaceae	0	21.4881	0.139	0.34007	1.31907	0.74426	0	0	0.05529	0	0.20069	0	0.04568	0	0	0	0.0	0.11877	0	0	0	2.59561	2.3189	0	0	0	0	0	0.95531	0	0	0	0	0	0	0	0.0	0	0	0	0.09504	0	0.01356	0.5447	4.12956	1.86389	28.88346	0	4.92917	26.80175	2.31226	0.05114	0.05074	4.01528	0.07446	0	1.34064	1.27144	3.25024	0.09672	0.03827	9.34167	0.0	0	0.03392	0	0	0	0.10264	0.42935	0	0	0.79913	0	0	3.43736	7.74324	0.95349	0.05549	0.97293	0.06324	1.24896	2.35795	3.67974	0.09962	0	0	0.09103	2.15482	0	0	0.0	0	0.07218
k__Bacteria.p__Proteobacteria.c__Gammaproteobacteria.o__Enterobacterales.f__Morganellaceae	0	0.0	0.0	0.0	0.0	0.0	0	0	0.0	0	0.0	0	0.0	0	0	0	0.0	0.0	0	0	0	0.0	0.0	0	0	0	0	0	0.0	0	0	0	0	0	0	0	0.0	0	0	0	0.0	0	0.0	0.0	0.0	0.0	0.0	0	0.0	0.0	0.0	0.0	0.0	0.0	0.0	0	0.0	0.0	0.0	0.0	0.0	0.0	0.0	0	0.0	0	0	0	0.0	0.0	0	0	0.0	0	0	0.59084	0.21775	0.0	0.0	0.0	0.0	0.0	0.0	0.0	0.0	0	0	0.34495	0.0	0	0	0.0	0	0.0
k__Bacteria.p__Proteobacteria.c__Gammaproteobacteria.o__Enterobacterales.f__Yersiniaceae	0	0.0	0.0	0.0	0.0	0.0	0	0	0.0	0	0.27799	0	0.0	0	0	0	0.0	0.0	0	0	0	0.0	0.0	0	0	0	0	0	0.0	0	0	0	0	0	0	0	0.0	0	0	0	0.0	0	0.0	0.0	0.0	0.0	0.0	0	0.0	0.0	0.0	0.0	0.0	0.0	0.0	0	0.0	0.0	0.0	0.0	0.0	0.0	0.0	0	0.0	0	0	0	0.0	0.0	0	0	0.0	0	0	0.0	0.0	0.0	0.0	0.0	0.0	0.0	0.0	0.0	0.0	0	0	0.0	0.0	0	0	0.0	0	0.0
k__Bacteria.p__Proteobacteria.c__Gammaproteobacteria.o__Pasteurellales.f__Pasteurellaceae	0	0.0	0	0	0	0.13175	0.0	0	0.04579	0	0.0	0.0	0	0	0.0	0	0.09373	0.0	0	0	0	0.0	0	0	0	0.0	0.0	0.0	0	0	0	0	0	0.0	0.0	0	0.01944	0.0	0.0	0.0	0	0.0	0	0	0	0	4.5504	0	0	5.27624	0.0	0.0	0.0	0.0	0	0	0.0	0	0	0	0	0	0.47783	0	0.0	0	0	0	0	0	0	0	0	0	0.0	0.00597	0	0	0	0.73484	0.0	0	0	0	0	0.0	0.0	0.0	0.07367	0.0	0	0.00878	0.0	0
k__Bacteria.p__Proteobacteria.c__Proteobacteria_unclassified.o__Proteobacteria_unclassified.f__Proteobacteria_unclassified	0	0.0	0	0	0	0.0	0.0	0	0.0	0	0.0	0.0	0	0	0.0	0	0.03263	0.00917	0	0	0	0.13979	0	0	0	0.0	0.0	0.0	0	0	0	0	0	0.0	0.0	0	0.0	0.0	0.0	0.0	0	0.0	0	0	0	0	0.0	0	0	0.0	0.0	0.0	0.0	0.0	0	0	0.0	0	0	0	0	0	0.0	0	0.0	0	0	0	0	0	0	0	0	0	0.09764	0.0	0	0	0	0.0	0.0	0	0	0	0	0.0	0.02839	0.09452	0.0	0.0	0	0.0	0.0	0
k__Bacteria.p__Synergistetes.c__Synergistia.o__Synergistales.f__Synergistaceae	0	0.0	0	0	0	0.0	0.0	0	0.0	0	0.0	0.0	0	0	0.0	0	0	0	0	0	0	0	0	0	0	0.0	0.0	0.0	0	0	0	0	0	0.0	0.0	0	0.0	0.0	0.0	0.0	0	0.0	0	0	0	0	0	0	0	0	0.0	0.0	0.0	0.0	0	0	0.0	0	0	0	0	0	0	0	0.0	0	0	0	0	0	0	0	0	0	0	0	0	0	0	0	0.0	0	0	0	0	0.0	0	0.0	0.0	0.0	0	0.0	2.62416	0
k__Bacteria.p__Verrucomicrobia.c__Verrucomicrobiae.o__Verrucomicrobiales.f__Akkermansiaceae	0	0.28633	0	0	0	0.05558	11.79266	0	1.17768	0	0.27397	0.00094	0	0	11.47262	0	0	0	0	0	0	0	0	0	0	3.4549	0.62896	1.58406	0	0	0	0	0	0.58472	2.4757	0	0.11748	11.1634	2.31509	1.46216	0	0.02319	0	0	0	0	0	0	0	0	18.39852	1.83014	3.49525	1.58762	0	0	18.64221	0	0	0	0	0	0	0	0.63875	0	0	0	0	0	0	0	0	0	0	0	0	0	0	0	3.22037	0	0	0	0	0.18945	0	0.10322	5.30209	7.65852	0	0.09551	63.30495	0
