dataset_name	ThomasAM_2018b	ThomasAM_2018b	ThomasAM_2018b	ThomasAM_2018b	ThomasAM_2018b	ThomasAM_2018b	ThomasAM_2018b	ThomasAM_2018b	ThomasAM_2018b	ThomasAM_2018b	ThomasAM_2018b	ThomasAM_2018b	ThomasAM_2018b	ThomasAM_2018b	ThomasAM_2018b	ThomasAM_2018b	ThomasAM_2018b	ThomasAM_2018b	ThomasAM_2018b	ThomasAM_2018b	ThomasAM_2018b	ThomasAM_2018b	ThomasAM_2018b	ThomasAM_2018b	ThomasAM_2018b	ThomasAM_2018b	ThomasAM_2018b	ThomasAM_2018b	ThomasAM_2018b	ThomasAM_2018b	ThomasAM_2018b	ThomasAM_2018b	ThomasAM_2018b	ThomasAM_2018b	ThomasAM_2018b	ThomasAM_2018b	ThomasAM_2018b	ThomasAM_2018b	ThomasAM_2018b	ThomasAM_2018b	ThomasAM_2018b	ThomasAM_2018b	ThomasAM_2018b	ThomasAM_2018b	ThomasAM_2018b	ThomasAM_2018b	ThomasAM_2018b	ThomasAM_2018b	ThomasAM_2018b	ThomasAM_2018b	ThomasAM_2018b	ThomasAM_2018b	ThomasAM_2018b	ThomasAM_2018b	ThomasAM_2018b	ThomasAM_2018b	ThomasAM_2018b	ThomasAM_2018b	ThomasAM_2018b	ThomasAM_2018b
study_condition	CRC	CRC	control	CRC	CRC	CRC	CRC	CRC	CRC	CRC	control	control	control	CRC	control	CRC	control	CRC	CRC	CRC	CRC	CRC	CRC	CRC	control	CRC	CRC	control	CRC	CRC	CRC	control	control	CRC	CRC	CRC	CRC	CRC	CRC	CRC	control	control	CRC	control	CRC	control	control	control	control	control	control	control	control	control	control	control	control	control	control	control
k__Archaea.p__Euryarchaeota.c__Methanobacteria.o__Methanobacteriales.f__Methanobacteriaceae	0	3.62723	0.17269	0.10067	0	0.24287	7.03473	2.90302	0	1.35646	0	0	0	0.95707	0.17658	0.0121	0	2.18754	0	3.64012	0	0	2.18173	0.03032	0	0	0	0	0	0.71279	6.26791	0.31428	0	0.97207	0.67338	1.26395	0.81047	1.49031	0.43324	3.54576	2.65331	0	0	0	0.20632	0.16062	1.75904	0	0	0.01263	0	0	0	0	0	0.13739	0	0	0.05425	0
k__Archaea.p__Euryarchaeota.c__Thermoplasmata.o__Methanomassiliicoccales.f__Methanomassiliicoccaceae	0	0	0	0	0	0	0	0	0	0	0	0	0	0	0	0	0	0	0	0	0	0	0	0	0	0	0	0	0	0	0	0	0	0	0	0.11418	0	0	0	0	0	0	0	0	0	0	0	0	0	0	0	0	0	0	0	0	0	0	0	0
k__Bacteria.p__Actinobacteria.c__Actinobacteria.o__Actinomycetales.f__Actinomycetaceae	0.45042	0.36247	0.13688	0.09778	0.07527	0.06273	0.02881	0.00505	0.99122	0.00613	0.01442	0.06779	0	0.0425	0.07816	0.04639	0.07113	0.07425	0.13736	0.06125	0.15289	0.022	0.01838	0.02491	0.01976	0.2497	0.2396	0.12604	0.06412	0.07476	0.04892	0.02917	0.03541	0	0.03617	0.0665	0.00664	0.07335	0.01133	0.15179	0.08268	0.0819	0.07625	0.10104	0.34174	0.118	0.00722	0.09318	0.10845	0.07722	0.02591	0.02418	0.02487	0.06557	0.04427	0.04957	0.02852	0.02683	0.02671	0.02183
k__Bacteria.p__Actinobacteria.c__Actinobacteria.o__Bifidobacteriales.f__Bifidobacteriaceae	0.24272	5.39271	12.55324	4.43617	4.83572	13.03933	6.64145	4.19047	10.87326	0.16869	13.90721	17.26291	6.015	17.59326	1.96197	0.63192	9.65333	2.43749	4.43642	22.81127	0.27619	4.83362	2.22243	1.59903	0.64874	13.82013	4.2958	3.00378	5.97808	3.95213	1.49866	14.03688	2.17731	37.51478	0.96631	20.96535	1.89288	5.19774	0.33101	1.93243	14.94743	0.20678	0.0	7.66076	8.20335	9.59703	8.95047	16.91552	1.3764	0.10405	8.0631	21.30607	1.39164	4.23811	13.46787	9.37454	37.62774	5.05345	0.46513	1.63698
k__Bacteria.p__Actinobacteria.c__Actinobacteria.o__Corynebacteriales.f__Corynebacteriaceae	0.0	0.0	0.0	0.0	0.0	0.0	0.0	0.0	0.00545	0.0	0.0	0.00098	0.0	0.0	0.00058	0.0	0.0	0.0	0.0154	0.0	0.07351	0.0	0.0	0.0	0.0	0.00108	0.0	0.0	0.00479	0.0	0.01679	0.0	0.00182	0.0	0.0	0.0	0.0	0.0	0.0	0.0	0.0	0.0	0.00176	0.0	0.0	0.0	0.0	0.0	0.0	0.0	0.0	0.0	0.0	0.0	0.0	0.0	0.0	0.0	0.0	0.0
k__Bacteria.p__Actinobacteria.c__Actinobacteria.o__Micrococcales.f__Micrococcaceae	0.12845	0.00102	0.01555	0	0.00659	0	0	0	0.03085	0	0	0.0	0	0	0.00259	0	0.01642	0	0.03334	0	0.04395	0.02737	0	0.00744	0.00797	0.0	0	0.02362	0.0	0	0.0	0.01421	0.12273	0	0.01848	0	0	0	0	0.01115	0	0.02205	0.00199	0.03871	0	0.0073	0	0	0.00823	0.02425	0	0	0	0	0.00142	0	0.0005	0	0	0
k__Bacteria.p__Actinobacteria.c__Actinobacteria.o__Propionibacteriales.f__Propionibacteriaceae	0.0	0.0	0.0	0.0	0.0	0.0	0.0	0.0	0.0	0.0	0.0	0.0	0.0	0.0	0.0	0.0	0.0	0.0	0.0	0.0	0.0	0.0	0.0	0.0	0.0	0.0	0.0	0.0	0.0	0.0	0.0	0.0	0.0	0.0	0.0	0.0	0.0	0.0	0.0	0.0	0.0	0.0	0.0	0.0	0.0	0.0	0.0	0.0	0.0	0.0	0.0	0.0	0.0	0.0	0.0	0.0	0.00031	0.0	0.0	0.0
k__Bacteria.p__Actinobacteria.c__Coriobacteriia.o__Coriobacteriales.f__Atopobiaceae	0.00969	0.01165	0.00542	0.0	0.0	0.11684	0.0	0.00604	0.00351	0.00469	0.0	0.0	0.0	0.0	0.00039	0.00656	0.00888	0.00683	0.00306	3.32741	0.01721	0.0	0.0	0.00292	0.0	0.00225	0.05486	0.07565	0.0	0.00631	0.00145	0.0	0.00044	0.00853	0.04328	0.00073	0.0	0.00959	0.00271	0.0	0.00598	0.00889	0.0	0.00014	0.11491	0.36827	0.03953	0.0	0.0	0.02661	0.0	0.0	0.0	0.0	0.00315	0.0	0.0	0.0	0.0	0.00042
k__Bacteria.p__Actinobacteria.c__Coriobacteriia.o__Coriobacteriales.f__Coriobacteriaceae	1.88064	2.83542	13.81091	0.0	5.88097	3.44207	0.54309	2.46828	6.49852	0.39513	3.70274	0.01087	4.59042	6.1778	1.9801	3.92638	0.94454	1.24358	1.27433	7.31031	2.21922	2.56547	3.51163	2.52078	0.57527	2.21013	2.16089	3.17257	2.78682	7.71743	4.57601	3.20396	2.66247	3.92744	2.5204	6.70968	3.37221	4.24795	0.53589	1.984	2.54949	1.50909	0.0	2.1304	4.29616	2.80496	6.87893	6.66536	0.0	3.30213	1.53858	4.98231	3.51445	2.58232	4.68426	1.07094	3.45081	0.0	1.91056	1.908
k__Bacteria.p__Actinobacteria.c__Coriobacteriia.o__Eggerthellales.f__Eggerthellaceae	1.66341	0.16031	2.45656	1.27129	0.47756	0.40329	0.09833	0.09354	1.55719	0.07835	0.16646	0.2948	0.08305	0.76163	0.27675	0.15771	0.15944	0.27728	0.13941	0.0127	0.13936	0.04376	0.3378	0.16915	0.48578	1.89128	0.42714	0.31326	0.27076	0.14846	0.18047	0.10932	0.0524	0.2619	0.17266	0.15937	0.29947	1.04241	0.20059	0.54886	0.80521	0.56628	1.72121	0.43172	0.05462	0.00287	0.36499	0.39635	1.26189	0.41932	0.34359	0.17136	0.85463	0.26015	1.85548	0.64856	1.05823	1.11249	0.00277	0.36426
k__Bacteria.p__Bacteroidetes.c__Bacteroidia.o__Bacteroidales.f__Bacteroidaceae	14.58079	7.79765	10.84708	2.76263	36.5818	5.98451	23.77687	8.66578	34.5353	5.70745	11.40668	43.85789	37.00962	9.81068	21.53039	15.25052	0.57837	4.80143	25.93641	6.50957	17.24153	13.05506	21.32627	3.127	21.55281	13.43642	3.45699	7.37741	20.11389	2.88758	13.28064	26.65043	4.70786	9.19228	1.15763	8.35591	13.40275	12.31395	2.06349	10.5857	12.75824	9.79518	21.34742	43.21839	17.24169	11.50224	5.89008	10.08904	38.11575	14.04432	17.26816	9.3364	16.60825	33.24177	9.837	15.83614	31.39426	31.23022	3.46769	30.71393
k__Bacteria.p__Bacteroidetes.c__Bacteroidia.o__Bacteroidales.f__Barnesiellaceae	0.88903	0.31153	0.05254	0.25806	0.78197	0.52989	0.15092	0.11379	0.0	0.83654	0.81839	1.53601	0.0	2.75037	0.69582	0.70325	0.0	0.2063	1.77325	0.56528	0.17973	0.75846	2.52509	0.00693	0.10297	0.08233	0.55581	0.37156	0.0	0.35145	1.23633	0.23082	0.2511	1.79479	0.01613	0.44916	0.00096	0.25969	0.0	0.30743	0.85527	0.6429	0.02592	1.05549	0.07683	0.06931	0.47371	0.5257	0.32047	0.10203	0.30552	1.33506	1.70788	0.47268	1.07714	0.06059	0.08218	0.0	0.11078	0.48217
k__Bacteria.p__Bacteroidetes.c__Bacteroidia.o__Bacteroidales.f__Muribaculaceae	0.0	0.0	0.0	0.0	0.0	0.0	0.0	0.0	0.0	0.00593	0.0	0.0	0.0	0.0	0.0	0.0	0.0	0.0	0.0	0.0	0.0	0.0	0.0	0.0	0.0	0.0	0.0	0.0	0.0	0.0	0.0	0.0	0.0	0.0	0.0	0.0	0.0	0.0	0.0	0.0	0.0	0.0	0.0	0.0	0.0	0.0	0.0	0.0	0.0	0.0	0.0	0.0	0.0	0.0	0.0	0.0	0.0	0.0	0.0	0.0
k__Bacteria.p__Bacteroidetes.c__Bacteroidia.o__Bacteroidales.f__Odoribacteraceae	1.65366	0.4427	0.04944	0.20128	0.33322	0.28517	0.7568	0.29874	0.15163	0.1992	0.47643	0.47954	0.13355	0.50455	0.37335	0.37612	0.04499	0.29303	0.56587	0.4902	0.79983	0.46416	1.41297	0.11475	0.22895	0.28559	0.06286	0.0	0.39241	0.5677	1.30348	0.2931	0.34561	0.6138	0.56954	0.51215	0.73976	0.66825	0.18442	0.33065	0.22031	0.28127	0.45659	0.63306	0.60125	0.026	1.37403	0.23569	0.10324	0.14102	0.29253	0.22157	0.84423	0.75431	0.19458	0.23863	0.34704	0.0	0.4027	0.56578
k__Bacteria.p__Bacteroidetes.c__Bacteroidia.o__Bacteroidales.f__Porphyromonadaceae	0.0	0.01633	0.0	0.0	0.0	0.0	0.02282	4.43255	0.0	0.00682	0.0	0.0	0.0	0.0	0.0	0.0	0.0	0.02693	0.0	0.0	0.0671	0.0	0.34832	0.0	0.0	0.0	0.0	0.0	0.0	0.0431	0.05992	0.0	0.0	0.06773	0.01114	0.00359	0.0	0.0	0.00506	0.0	0.0	0.0	0.0	0.0	0.0	0.0	0.0	0.0	0.0	0.0	0.0	0.0	0.0	0.0	0.0	0.0	0.0	0.0	0.0	0.0
k__Bacteria.p__Bacteroidetes.c__Bacteroidia.o__Bacteroidales.f__Prevotellaceae	0.96279	0.0	31.71948	0.0	0.40564	1.4721	16.9788	18.77935	0.1083	0.86491	0.16595	0.03189	0.0	0.0	0.0	0.0	19.281	0.51192	0.0	26.99837	1.07574	17.94557	0.26661	1.92311	0.0	0.0	21.20492	21.99318	0.04132	5.72018	5.11434	0.00248	33.91599	4.43439	42.14846	1.06923	12.01744	0.50489	22.94624	0.56039	0.0	33.10666	0.0665	0.06717	0.69298	0.0	22.36343	0.16891	0.0	0.27759	0.8345	0.79975	0.0	0.0	0.0	1.32821	0.0	0.59898	41.7072	2.08326
k__Bacteria.p__Bacteroidetes.c__Bacteroidia.o__Bacteroidales.f__Rikenellaceae	9.11661	4.57575	0.10166	4.31171	2.32343	1.44426	2.04274	4.04494	4.52221	1.02137	3.53293	6.56327	6.02107	7.56323	1.61789	4.01255	0.00948	2.12176	0.05682	1.44033	4.03859	7.29513	6.63339	0.48464	3.15931	4.59501	1.2625	3.36571	0.0	1.7703	6.5571	2.91559	1.66264	5.98269	0.07616	7.72753	0.50188	2.22988	0.85364	1.46765	2.83483	2.62165	6.42625	2.90771	3.28491	0.26746	0.46224	2.71346	1.4777	1.48697	1.85962	4.86302	8.58552	4.82194	4.20339	1.0299	4.22546	0.03415	0.42463	2.32211
k__Bacteria.p__Bacteroidetes.c__Bacteroidia.o__Bacteroidales.f__Tannerellaceae	0.32209	1.23115	3.17381	2.43024	2.79605	0.86704	3.92453	1.15302	0.83944	1.07084	0.93182	10.77795	2.67689	7.56416	0.55402	1.27899	0.39831	1.49055	2.53619	2.2389	1.9162	1.51724	6.60498	0.38955	0.913	2.39311	0.5303	0.73491	2.12695	0.74012	0.47284	2.09781	0.97815	1.22033	0.54349	0.95644	2.47006	0.66351	0.26465	2.0826	0.58601	1.6282	0.43511	1.74697	1.24251	0.34241	1.33224	0.89344	1.8929	2.27069	0.83497	1.06242	13.82881	0.0	1.035	1.21737	1.35289	1.87142	0.66101	1.19947
k__Bacteria.p__Candidatus_Melainabacteria.c__Candidatus_Melainabacteria_unclassified.o__Candidatus_Gastranaerophilales.f__Candidatus_Gastranaerophilales_unclassified	0.0	0.0	0.0	0.00788	0.0	0.0	0.0	0.0	0.0	0.0	0.0	0.0	0.0	0.0	0.0	0.0	0.0	0.0	0.0	0.0	0.0	0.0	0.0	0.0	0.0	0.0	0.0	0.0	0.0	0.0	0.0	0.0	0.0	0.01703	0.0	0.0	0.0	0.0	0.0	0.0	0.0	0.0	0.0	0.0	0.0	0.0	0.0	0.0	0.0	0.0	0.0	0.0	0.14962	0.0	0.0	0.0	0.0	0.0	0.0	0.0
k__Bacteria.p__Firmicutes.c__Bacilli.o__Bacillales.f__Bacillales_unclassified	0.05808	0.16104	0.02166	0.00925	0.00747	0.00477	0.56395	0.03501	0.03101	0.02199	0.01757	0.01323	0.00319	0.09043	0.0	0.00939	0.04043	0.01273	0.17301	0.00725	0.01368	0.06904	0.00193	0.0	0.0	0.19522	0.00295	0.01043	0.0081	0.12817	0.83775	0.00227	0.06971	0.00227	0.00808	0.03354	0.0	0.0	0.0	0.0	0.0	0.06741	0.07777	0.02342	0.101	0.02757	0.0	0.0	0.0	0.01327	0.00943	0.09676	0.0	0.01473	0.0087	0.00517	0.02228	0.0	0.01636	0.02278
k__Bacteria.p__Firmicutes.c__Bacilli.o__Bacillales.f__Staphylococcaceae	0.0	0.0	0.0	0.0	0.0	0.0	0.0	0.0	0.0	0.00968	0.0	0.00736	0.0	0.0	0.0	0.0	0.0	0.0	0.0	0.0	0.0	0.0	0.0	0.0	0.0	0.0	0.0	0.0	0.0	0.0	0.0	0.0	0.0	0.0	0.0	0.0	0.0	0.0	0.0	0.0	0.0	0.0	0.0	0.0	0.0	0.01135	0.0	0.0	0.0	0.0	0.0	0.0	0.0	0.0	0.0	0.0	0.0	0.0	0.0	0.0
k__Bacteria.p__Firmicutes.c__Bacilli.o__Lactobacillales.f__Carnobacteriaceae	0.0	0.0	0.00143	0.0	0.0	0.0	0.0	0.0	0.00614	0.0	0.0	0.0	0.0	0.0	0.0	0.0	0.0	0.0	0.00141	0.0	0.0	0.0	0.0	0.0	0.0	0.0	0.0	0.0	0.0	0.0	0.0	0.0	0.0	0.0	0.0	0.0	0.0	0.0	0.0	0.0	0.0	0.00188	0.0018	0.0	0.0	0.0	0.0	0.0	0.0	0.0	0.0	0.0	0.0	0.0	0.0	0.0	0.0	0.0	0.0	0.0
k__Bacteria.p__Firmicutes.c__Bacilli.o__Lactobacillales.f__Enterococcaceae	0.0	0.0	0.0	0.0	0.0	0.0	0.07278	0.0	1.12221	0.96629	0.0	0.03638	0.0	0.0	1.50863	0.0	0.0	0.0	0.0	0.00338	2.05847	2.39099	0.03872	0.16697	0.0	0.0	0.0	0.0	0.0	0.0	0.0	0.00726	0.66133	0.0	0.00979	0.04969	0.0	0.0	0.0	0.00546	0.0	0.1391	0.0	0.0	0.02406	0.0	0.0	0.0	0.0	0.00673	0.0	0.0	0.0	0.0	0.0	0.0	0.0	0.0	0.0	0.0
k__Bacteria.p__Firmicutes.c__Bacilli.o__Lactobacillales.f__Lactobacillaceae	0.0	0.32507	0.0045	0.03109	0.0	0.0	0.0	0.01982	0.27561	0.32826	0.03802	0.0	0.0	0.08972	0.00249	0.0023	0.02627	0.03671	0.27872	0.00486	0.79914	1.74187	0.00255	1.24099	0.0	0.0	0.22204	0.71022	0.01627	0.00084	0.04297	0.20873	3.85201	0.0	0.91759	0.02283	0.06578	0.31052	8.87663	0.10672	0.03632	0.04244	0.06545	0.28746	0.18724	0.34614	0.15905	0.01673	0.0	0.13911	0.04544	0.05869	0.02065	0.0143	0.0	0.0	0.00211	0.0	0.0974	0.0
k__Bacteria.p__Firmicutes.c__Bacilli.o__Lactobacillales.f__Leuconostocaceae	0.0	0.0	0.0	0.0	0.0	0.0	0.0	0.0	0.00623	0.0315	0.0	0.0	0.0	0.0	0.00112	0.0	0.01055	0.0	0.00775	0.0	0.04637	0.28848	0.0	0.0	0.0	0.0	0.0	0.0	0.0	0.0	0.01792	0.00334	0.0	0.0	0.03574	0.0	0.0	0.0	0.00843	0.0	0.0	0.0	0.0148	0.0	0.00181	0.0	0.0	0.0	0.0	0.0	0.0	0.0	0.0	0.0	0.01414	0.0	0.0026	0.0	0.03502	0.0
k__Bacteria.p__Firmicutes.c__Bacilli.o__Lactobacillales.f__Streptococcaceae	2.84423	14.50477	0.28425	0.17835	4.95377	0.28392	0.23689	0.1157	8.91545	0.98645	0.55302	2.08248	0.58196	0.50214	0.24668	0.4735	7.7589	0.02989	4.51337	0.65558	1.50559	2.57082	0.44076	0.69606	0.45153	1.23728	0.43701	0.33785	1.68631	1.21033	0.96202	0.61075	10.80836	0.27477	1.63826	0.23036	0.99586	0.59885	6.84812	3.81298	0.04605	1.1352	1.45491	14.15413	2.00246	1.35751	0.88361	8.00372	0.35802	3.38346	0.30827	1.0083	0.25168	6.79374	0.22348	0.66345	0.65747	0.30015	3.15341	0.10549
k__Bacteria.p__Firmicutes.c__Clostridia.o__Clostridiales.f__Catabacteriaceae	0.0	0.0	0.0	0.0	0.0	0.0	0.0	0.02847	0.0	0.0	0.0	0.0	0.0	0.0	0.0	0.0	0.0	0.0	0.0	0.0	0.0	0.0	0.0	0.0	0.0	0.0	0.0	0.0	0.01438	0.0	0.0	0.00358	0.0	0.0	0.0	0.0	0.0	0.0	0.0	0.00369	0.0	0.0	0.02264	0.00967	0.00347	0.0	0.0	0.02779	0.0	0.0	0.0	0.00126	0.0	0.0	0.0	0.0	0.0	0.0	0.0	0.00714
k__Bacteria.p__Firmicutes.c__Clostridia.o__Clostridiales.f__Christensenellaceae	0.0093	0.0	0.0	0.0	0.0	0.0	0.0	0.0	0.0081	0.00247	0.0	0.0	0.0	0.0	0.0	0.0	0.0	0.0	0.0	0.01134	0.0	0.0	0.00248	0.0	0.0	0.0	0.0	0.0	0.0	0.0	0.0	0.0	0.0	0.0	0.0	0.0	0.0	0.0	0.0	0.00072	0.0	0.0	0.28275	0.0	0.0	0.0	0.0	0.0	0.00074	0.0	0.0	0.0	0.0	0.0	0.0	0.00156	0.0	0.0	0.0	0.0
k__Bacteria.p__Firmicutes.c__Clostridia.o__Clostridiales.f__Clostridiaceae	0.36451	0.29697	0.13179	0.0	0.19902	0.08574	0.18603	0.0308	1.29649	0.13617	0.35235	0.01728	0.37533	0.07888	0.03768	0.13826	0.0	0.31276	0.3554	0.10248	0.43747	0.05934	1.19907	0.06546	1.47483	10.12182	0.04477	0.0	0.21189	3.0882	0.21272	3.80313	0.0666	0.05892	0.20899	0.33637	0.21878	0.10794	0.91559	5.3652	0.0	0.36063	0.18851	0.08906	0.01205	0.7035	0.92668	0.47346	0.1704	0.73146	0.40587	0.00543	15.77533	0.17986	1.53398	0.0	0.10067	0.19212	0.08377	3.00124
k__Bacteria.p__Firmicutes.c__Clostridia.o__Clostridiales.f__Clostridiales_Family_XIII_Incertae_Sedis	0.03517	0.13831	0.0	0.00937	0.0	0.00845	0.02199	0.0	0.04592	0.00988	0.00201	0.00151	0.0	0.00204	0.0	0.02048	0.0	0.18786	0.09464	0.05108	0.01462	0.00363	0.01585	0.00207	0.0	0.11293	0.0	0.02219	0.0065	0.03965	0.5592	0.0	0.01308	0.0	0.04654	0.00119	0.0	0.07587	0.0	0.0724	0.06388	0.02076	0.02238	0.00835	0.07097	0.0464	0.0166	0.00093	0.0131	0.00767	0.00041	0.02157	0.0	0.02091	0.00771	0.0	0.01035	0.0	0.02752	0.00381
k__Bacteria.p__Firmicutes.c__Clostridia.o__Clostridiales.f__Clostridiales_unclassified	0.16673	0.11191	0.13244	0.05877	0.20055	0.12954	0.08048	0.06915	0.56035	0.48182	0.05012	0.0	0.26327	0.22292	0.0629	0.24645	0.0	3.92623	0.07314	0.01319	0.07886	0.15573	0.03735	0.01815	0.20866	0.06263	0.03655	0.01584	0.30775	0.06229	0.13552	0.10993	0.01731	0.05067	0.23582	0.62139	0.23716	0.12659	0.00495	0.10469	0.06366	0.0425	0.53906	0.26501	0.44763	0.0	0.10518	0.00924	0.30125	0.01262	0.00181	0.05385	0.08445	0.01612	0.03167	0.11245	0.20544	0.20758	0.0	0.19017
k__Bacteria.p__Firmicutes.c__Clostridia.o__Clostridiales.f__Eubacteriaceae	4.92242	5.27767	0.32704	10.69715	1.994	2.17991	2.27107	9.48744	0.61578	15.92084	9.3463	0.00423	1.7308	5.80471	7.72425	13.61967	6.76788	7.23986	4.11584	3.04311	19.9207	11.66345	6.75451	11.09021	19.76916	3.12905	5.62255	7.53789	5.78971	9.31524	16.52562	6.17076	1.70179	5.31075	3.95501	4.24598	4.92545	2.68938	13.87751	4.11493	6.97866	7.32861	1.68233	2.10355	3.64407	5.49275	1.81348	11.32405	6.18176	3.57294	8.97082	9.14271	2.08532	2.64359	17.23669	8.86587	0.60144	7.20882	4.01976	6.45876
k__Bacteria.p__Firmicutes.c__Clostridia.o__Clostridiales.f__Lachnospiraceae	25.71808	14.23399	18.11738	37.63328	26.15439	25.67918	5.95752	13.0812	10.56557	51.29029	38.60287	15.21719	25.01299	10.64494	41.76376	44.70007	19.93063	22.84464	39.07228	6.48183	17.85147	10.51559	22.07656	60.85538	20.5228	38.23618	35.14334	24.50162	27.72556	38.88309	10.83181	24.43721	16.61987	12.55909	22.0859	7.23624	17.52289	28.6322	27.79547	22.99734	26.62451	18.64093	42.43302	14.40648	24.02955	38.57183	25.81281	17.08042	28.20032	37.67441	30.40778	18.92162	18.18396	22.0494	17.54438	35.17235	5.97635	29.01266	24.18448	29.10849
k__Bacteria.p__Firmicutes.c__Clostridia.o__Clostridiales.f__Oscillospiraceae	0.67089	1.23797	0.0	0.0	0.0	0.01866	0.47005	0.05932	1.76359	1.06043	0.15506	0.0	1.60251	0.0	0.71177	0.68153	0.68798	0.43414	0.37752	1.6089	1.33264	0.06173	1.41478	0.52396	0.32993	0.0	0.38281	0.15191	0.07591	0.86568	2.23404	0.10511	0.32674	0.30068	0.5312	0.02655	0.56945	0.2886	0.80511	0.76233	1.02499	0.91087	0.0	0.28204	0.60155	0.0856	0.56745	0.35683	0.0	0.84833	0.46232	0.16381	0.11043	0.42829	0.0	0.0	0.0	0.0	0.35209	0.00205
k__Bacteria.p__Firmicutes.c__Clostridia.o__Clostridiales.f__Peptostreptococcaceae	0.38459	0.0102	0.00404	0.0	0.00494	0.01602	2.44027	0.22573	0.02206	0.19748	0.63788	0.01003	0.0	0.34592	0.00363	0.04916	0.0	0.0224	0.01722	0.0178	0.0	0.11377	0.04357	0.0	0.03245	0.10252	0.0	0.0	0.30422	0.25997	6.56233	0.1142	0.07626	0.01849	0.09013	0.49654	0.06985	0.01764	0.00842	0.0	0.0	0.01912	0.0	0.01689	0.01049	0.11694	0.24901	0.00125	0.0	0.02191	0.0212	0.0	0.43534	0.15477	0.01159	0.07583	0.01673	0.03011	0.01821	0.0
k__Bacteria.p__Firmicutes.c__Clostridia.o__Clostridiales.f__Ruminococcaceae	25.60822	28.04532	0.8355	35.05258	6.97311	30.10268	6.0235	25.2575	11.30098	14.14409	13.82877	0.71108	7.69764	24.12418	17.41786	12.42604	5.52273	41.67162	10.92426	6.26477	22.28142	15.04249	13.42228	12.37416	26.04297	4.90112	17.61662	23.16063	27.34782	15.28857	8.12201	12.23958	14.32504	9.28954	13.76442	36.44832	25.19634	35.9003	10.89804	36.00563	23.84912	20.01675	8.331	2.47879	30.13798	26.83373	17.4784	19.28412	17.76335	29.07476	26.81538	19.59833	13.90385	17.01351	16.70667	22.45508	8.32121	21.45582	16.21984	12.98404
k__Bacteria.p__Firmicutes.c__Erysipelotrichia.o__Erysipelotrichales.f__Erysipelotrichaceae	0.08153	2.01588	0.06139	0.0	0.16148	0.31786	0.83938	0.02171	0.13688	1.04411	0.18216	0.30573	0.01999	0.71698	0.04673	0.14063	2.06253	0.28649	0.24742	2.02745	2.13085	0.4935	0.03482	0.23559	0.08979	0.25111	0.0	0.0	0.07918	0.01153	1.02485	0.01931	0.2391	0.21645	0.58878	0.08266	1.57616	0.03366	0.34449	0.8052	0.00312	0.04646	0.76401	1.11501	0.01615	0.29236	0.59236	0.16753	0.66194	0.131	0.05146	0.20885	0.27509	2.81581	1.91212	0.0249	0.0935	0.08352	0.06513	3.37083
k__Bacteria.p__Firmicutes.c__Firmicutes_unclassified.o__Firmicutes_unclassified.f__Firmicutes_unclassified	1.63414	1.34895	0.0503	0.1691	0.72329	0.20733	0.65324	0.35447	1.02287	0.39821	0.16906	0.0	0.17323	0.30408	0.09367	0.54331	0.56746	1.04293	1.52919	0.1368	0.21976	0.46262	2.32092	0.57993	1.53585	0.14533	1.10979	0.49415	2.13007	0.61472	0.50949	0.25808	0.53105	2.30998	0.59248	1.26688	2.29686	0.78463	0.30858	1.49961	0.61149	0.1693	0.02782	2.78414	0.02472	0.06295	0.72936	1.06497	0.51776	0.139	0.12415	3.01866	0.90319	0.89911	5.96929	0.41513	1.27836	0.0	0.00679	0.32851
k__Bacteria.p__Firmicutes.c__Negativicutes.o__Acidaminococcales.f__Acidaminococcaceae	1.60749	3.68352	3.65542	0.0	0.8657	3.2539	3.57634	1.37136	0.67733	0.63983	0.46283	0.0	1.57734	1.31622	0.43813	0.0	3.52317	1.74532	0.45916	0.25245	0.00058	2.7627	3.40465	0.0	0.13409	1.03357	0.0124	0.27514	0.0	2.7848	0.31763	0.07552	0.0	1.18983	3.71665	0.0	1.52506	0.0	1.13529	0.81262	0.0	0.0968	0.06729	0.9054	0.26038	0.59125	0.16045	0.29509	0.19834	0.0	0.05961	0.0	0.32074	0.0	0.94794	1.19637	2.6621	0.0	2.12838	2.17849
k__Bacteria.p__Firmicutes.c__Negativicutes.o__Selenomonadales.f__Selenomonadaceae	0.0	0.79531	0.0	0.0	0.07024	0.0	11.04584	0.0	0.0	0.00907	0.1105	0.0	3.31758	0.0	0.0	0.0	0.0	0.0	0.10386	0.0	0.19575	0.99949	0.0	0.46371	0.0	1.01361	1.32789	1.34822	0.0	0.0	0.00997	0.0	0.0	0.78437	0.31776	0.0	0.77446	0.0	0.0	0.0	0.0	0.0	0.0	0.00299	0.0	0.09946	0.20803	0.0	0.0	0.0	0.0	0.0	0.0	0.0	0.0	0.0	0.0	0.0	0.0	0.0
k__Bacteria.p__Firmicutes.c__Negativicutes.o__Veillonellales.f__Veillonellaceae	0.16672	0.17528	0.0	0.0	0.15005	0.05356	0.29633	0.34335	0.01042	0.0	0.0	0.0	0.62629	0.72721	0.03592	0.32344	0.78793	0.0	0.31587	1.63746	0.79812	1.42425	0.14172	0.1061	0.00339	0.22101	1.09622	0.2049	0.29909	0.01009	0.54019	0.8088	2.75351	0.0	1.81619	0.21738	0.0	0.41331	0.01833	0.0	1.6155	0.02017	0.0	0.03871	1.66544	0.02714	0.0636	0.0	0.0	1.19126	0.14867	0.56565	0.02152	0.35277	0.0	0.0	0.12055	0.0053	0.12828	0.0
k__Bacteria.p__Firmicutes.c__Tissierellia.o__Tissierellales.f__Peptoniphilaceae	0.01341	0.0	0.0	0.0	0.02037	0.0	0.21184	0.10247	0.0	0.01951	0.0	0.00751	0.0	0.18833	0.0	0.01807	0.0	0.02222	0.0011	0.0	0.0	0.03139	0.00323	0.0	0.0	0.07204	0.0	0.0	0.0	0.2118	0.3388	0.0	0.0	0.0	0.0	0.06685	0.06712	0.0	0.00272	0.0	0.0	0.0	0.36319	0.0	0.00525	0.0	0.0	0.0	0.0	0.0	0.0	0.0	0.0	0.0	0.0	0.0	0.0	0.0	0.0	0.0
k__Bacteria.p__Fusobacteria.c__Fusobacteriia.o__Fusobacteriales.f__Fusobacteriaceae	0.02003	0.0	0.0	0.00075	0.0	0.0	0.00994	0.35978	0.0	0.0	0.0	0.0	0.0	0.00807	0.0	0.0	0.0	0.01009	0.0	0.0	0.0	0.13733	0.0	0.0	0.0	0.0	0.0	0.0	0.0	0.00451	0.07921	0.0	0.0	0.0	0.0	0.00859	0.0	0.0	0.0	0.0	0.0	0.0	0.00559	0.0	0.0	0.0	0.0	0.0	0.0	0.0	0.0	0.0	0.00203	0.0	0.0	0.0	0.0	0.0	0.0	0.0
k__Bacteria.p__Fusobacteria.c__Fusobacteriia.o__Fusobacteriales.f__Leptotrichiaceae	0.0	0.0	0.0	0.0	0.0	0.0	0.00107	0.0	0.0	0.0	0.0	0.0	0.0	0.0	0.0	0.0	0.0	0.0	0.0	0.0	0.0	0.0	0.0	0.0	0.0	0.0	0.0	0.0	0.0	0.0	0.0	0.0	0.0	0.0	0.0	0.0	0.0	0.0	0.0	0.0	0.0	0.0	0.0	0.0	0.0	0.0	0.0	0.0	0.0	0.0	0.0	0.0	0.0	0.0	0.0	0.0	0.0	0.0	0.0	0.0
k__Bacteria.p__Lentisphaerae.c__Lentisphaeria.o__Victivallales.f__Victivallaceae	0.0	0.0	0.0	0.0	0.0	0.0	0.01885	0.04806	0.0	0.0	0.0	0.0	0.0	0.0	0.0	0.0	0.0	0.03216	0.0	0.0	0.02041	0.0	0.006	0.04324	0.0	0.0	0.0	0.0	0.0	0.0	0.0	0.0	0.0	0.0	0.0	0.0	0.0	0.00147	0.0	0.0	0.0	0.0	0.0	0.0	0.0	0.0	0.01113	0.0	0.0	0.00483	0.0	0.0	0.0	0.0	0.0	0.0	0.0	0.0	0.0	0.0
k__Bacteria.p__Proteobacteria.c__Betaproteobacteria.o__Burkholderiales.f__Comamonadaceae	0.0	0.0	0.0	0.0	0.0	0.0	0.0	0.0	0.0	0.0	0.0	0.0	0.0	0.0	0.0	0.0	0.0	0.0	0.0	0.0	0.0	0.0	0.0	0.0	0.0	0.0	0.0	0.0	0.0	0.00276	0.0	0.0	0.0	0.33689	0.0	0.0	0.0	0.0	0.0	0.0	0.0	0.0	0.0	0.0	0.0	0.0	0.0	0.0	0.0	0.0	0.0	0.0	0.0	0.0	0.0	0.0	0.0	0.0	0.0	0.0
k__Bacteria.p__Proteobacteria.c__Betaproteobacteria.o__Burkholderiales.f__Oxalobacteraceae	0.0	0.0	0.0	0.0	0.0	0.0	0.0	0.0	0.0	0.0	0.0	0.0	0.0	0.0	0.0	0.0	0.0	0.0	0.0	0.0	0.0	0.0	0.0	0.0	0.0	0.0	0.0	0.0	0.0	0.0	0.0	0.0	0.0	0.0	0.0	0.0	0.0	0.0	0.0	0.0	0.0	0.0	0.0	0.0	0.0	0.0	0.00719	0.0	0.0	0.0	0.0	0.0	0.0	0.0	0.0	0.0	0.0	0.0	0.0	0.0
k__Bacteria.p__Proteobacteria.c__Betaproteobacteria.o__Burkholderiales.f__Sutterellaceae	0.0416	0.0	0.01213	0.27132	0.04822	0.01258	0.0	0.0	0.0	0.006	0.13811	0.1701	0.01722	0.0	0.032	0.0	0.0	0.0	0.00042	0.0	0.50626	0.029	0.20772	0.00455	0.0	0.0	0.09562	0.25057	0.0	0.0838	0.00037	0.0	0.12796	0.01278	0.0	0.0	0.09325	0.16052	0.11041	0.00268	0.04021	0.07352	0.03491	0.05156	0.15947	0.0	0.0	0.07332	0.00473	0.0	0.63286	0.0	0.0	0.08019	0.0	0.0	0.0	0.1556	0.0	0.0
k__Bacteria.p__Proteobacteria.c__Betaproteobacteria.o__Neisseriales.f__Neisseriaceae	0.0	0.0	0.0	0.0	0.0	0.0	0.0	0.0	0.0	0.0	0.0	0.0	0.0	0.01385	0.0	0.0	0.0	0.0	0.0	0.0	0.0	0.0	0.0	0.0	0.0	0.0	0.0	0.0	0.0	0.0	0.0	0.0	0.0	0.0	0.0	0.0	0.0	0.0	0.0	0.0	0.0	0.0	0.00276	0.0	0.0	0.0	0.0	0.0	0.0	0.0	0.0	0.0	0.0	0.0	0.0	0.0	0.0	0.0	0.0	0.0
k__Bacteria.p__Proteobacteria.c__Deltaproteobacteria.o__Desulfovibrionales.f__Desulfovibrionaceae	0.11398	0.16167	0.04643	0.0	0.07384	0.04282	0.05991	0.08003	0.0	0.02254	0.16984	0.30385	0.47107	0.03701	0.0	0.08537	0.0138	0.04648	0.03944	0.0	0.03537	0.06543	0.45619	0.00904	0.03713	0.19614	0.0	0.00489	0.12648	0.04516	0.20892	0.01937	0.0	0.0	0.06399	0.09106	3.4693	0.05776	0.05832	0.00676	0.0304	0.13774	0.2065	0.0	0.05879	0.0	0.06974	0.07993	0.18	0.0	0.01442	0.05345	0.03999	0.01249	0.11989	0.02001	0.18041	0.0	0.01233	0.25997
k__Bacteria.p__Proteobacteria.c__Epsilonproteobacteria.o__Campylobacterales.f__Campylobacteraceae	0.0	0.0	0.0	0.0	0.0	0.0	0.00021	0.00291	0.0	0.0	0.0	0.0	0.0	0.0	0.0	0.0	0.0	0.0	0.0	0.0	0.0	0.0	0.0	0.0	0.0	0.0	0.0	0.0	0.0	0.0	0.00158	0.0	0.0	0.0	0.0	0.0	0.0	0.0	0.0	0.0	0.0	0.0	0.0	0.0	0.0	0.0	0.0	0.0	0.0	0.0	0.0	0.0	0.0	0.0	0.0	0.0	0.0	0.0	0.0	0.0
k__Bacteria.p__Proteobacteria.c__Gammaproteobacteria.o__Aeromonadales.f__Aeromonadaceae	0.0	0.0	0.0	0.0	0.0	0.0	0.0	0.0	0.0	0.0	0.0	0.0	0.0	0.0	0.0	0.0	0.0	0.0	0.0	0.0	0.0	0.0	0.0	0.0	0.0	0.0	0.0	0.0	0.01384	0.91719	0.0	0.0	0.0	0.0	0.0	0.0	0.0	0.0	0.0	0.0	0.0	0.0	0.0	0.0	0.0	0.0	0.0	0.0	0.0	0.0	0.0	0.0	0.0	0.0	0.0	0.0	0.0	0.0	0.0	0.0
k__Bacteria.p__Proteobacteria.c__Gammaproteobacteria.o__Aeromonadales.f__Succinivibrionaceae	0.0	0.0	0.94236	0	0	0.0	0.0	0.0	0.0	0.0	0.0	0.0	0	0.0	0.0	0.0	0.0	0.0	0.0	0.01438	0.0	0.0379	0.0	0.0	0.0	0.0	0.0	0.0	0.0	0.0	0.0	0.0	0.0	0.0	0.34541	0.0	0.0	0.0	0.0	0.0	0	0.0	0.0	0.0	0.0	0.0	0.0	0.0	0	0.0	0.0	0.0	0	0	0.0	0	0.0	0	0.0	0
k__Bacteria.p__Proteobacteria.c__Gammaproteobacteria.o__Enterobacterales.f__Enterobacteriaceae	3.58788	0.39643	0.21822	0	0	8.79445	0.23608	0.2205	1.50013	0.35187	0.00575	0.21906	0	0.75762	0.26859	0.05462	21.09679	1.83676	0.16817	0.13757	1.44778	0.00447	0.2615	1.1068	0.01174	0.0014	2.59539	0.19816	0.24237	1.24678	2.67668	0.24715	0.00753	0.00619	0.05667	0.16296	1.90823	0.0278	0.01144	0.01265	0	0.0	12.33763	0.75673	0.14856	0.0	0.24994	1.15159	0	0.39636	0.0	1.24897	0	0	1.32818	0	0.18051	0	0.18892	0
k__Bacteria.p__Proteobacteria.c__Gammaproteobacteria.o__Enterobacterales.f__Hafniaceae	0.0	0.0	0.0	0	0	0.0	0.0	0.0	0.0	0.0	0.0	0.0	0	0.0	0.15395	0.0	0.0	0.0	0.0	0.0	0.0	0.0	0.0	0.0	0.0	0.0	0.0	0.0	0.0	0.0	0.0	0.0	0.0	0.0	0.0	0.0	0.0	0.0	0.0	0.0	0	0.0019	0.0	0.0	0.0	0.0	0.0	0.0	0	0.0	0.0	0.0	0	0	0.0	0	0.0	0	0.0	0
k__Bacteria.p__Proteobacteria.c__Gammaproteobacteria.o__Enterobacterales.f__Morganellaceae	0.0	0.0	0.0	0	0	0.0	0.0	0.0	0.0	0.0	0.0	0.0	0	0.0	0.0	0.0	0.0	0.08663	0.0	0.0	0.0	0.0	0.0	0.0	0.0	0.0	0.0	0.0	0.0	0.0	0.0	0.0	0.0	0.0	0.0	0.0	0.0	0.0	0.0	0.0	0	0.0	0.51485	0.0	0.02155	0.0	0.0	0.0	0	0.0	0.0	0.0	0	0	0.0	0	0.0	0	0.0	0
k__Bacteria.p__Proteobacteria.c__Gammaproteobacteria.o__Pasteurellales.f__Pasteurellaceae	0.05071	0.0	0.0	0.0	0.0	0.0	0.00736	0.0	0	0.0	0.0	0.0	0	0.00872	0.0	0.0	0.03706	0.0	0.22296	0.05321	0.03057	0.00402	0.0	0.0171	0.0	0	0.0	0.01678	0.0	0.0	0.0	0.0	0.76276	0.0	0.0153	0.0	0.0	0.0	0.01642	0	0.0	0.0344	0	0.00882	0.0	0.06704	0	0.0	0.0	0.12129	0.01389	0.0	0.0	0.0	0	0	0	0.0	0.02888	0.0
k__Bacteria.p__Proteobacteria.c__Gammaproteobacteria.o__Pseudomonadales.f__Pseudomonadaceae	0.0	0.0	0.0	0.0	0.0	0.0	0.0	0.0	0	0.0	0.0	0.0	0	0.0	0.0	0.0	0.0	0.0	0.0	0.0	0.0	0.0	0.0	0.0	0.0	0	0.0	0.0	0.0	0.0	0.0	0.0	0.0	0.0	0.0	0.0	0.0	0.0	0.0	0	0.0	0.0	0	0.0	0.0	0.0	0	0.0	0.0	0.01574	0.0	0.0	0.0	0.0	0	0	0	0.0	0.0	0.0
k__Bacteria.p__Proteobacteria.c__Proteobacteria_unclassified.o__Proteobacteria_unclassified.f__Proteobacteria_unclassified	0.0	0.0	0.0	0.00699	0.0	0.0	0.01762	0.0	0	0.0	0.04339	0.00908	0	0.0	0.06212	0.0	0.0	0.0	0.0	0.0	0.03308	0.0	0.32322	0.0	0.0	0	0.00238	0.0	0.0	0.05325	0.0	0.0	0.12607	0.0	0.0	0.0	0.0	0.0	0.00218	0	0.0	0.22267	0	0.21399	0.0081	0.0	0	0.0	0.0	0.0	0.0	0.0	0.0	0.0	0	0	0	0.73039	0.0	0.0
k__Bacteria.p__Spirochaetes.c__Spirochaetia.o__Spirochaetales.f__Spirochaetaceae	0.0	0.0	0.0	0.0	0.0	0.0	0.0	0.0	0	0.0	0.0	0.0	0	0.0	0.0	0.0	0.0	0.0	0.0	0.0	0.0	0.0	0.0	0.0	0.0	0	0.0	0.0	0.0	0.0	0.02859	0.0	0.0	0.0	0.0	0.0	0.0	0.0	0.0	0	0.0	0.0	0	0.0	0.0	0.0	0	0.0	0.0	0.0	0.0	0.0	0.0	0.0	0	0	0	0.0	0.0	0.0
k__Bacteria.p__Synergistetes.c__Synergistia.o__Synergistales.f__Synergistaceae	0	0.0	0.0	0.00187	0.0	0.0	0.0	0.05732	0	0.0	0.0	0	0	0.02131	0.0	0.0	0	0.04654	0	0.02913	0	0.0	0	0	0.0	0	0	0.0	0.0	0.0	0.02547	0.0	0	0.01862	0.00609	0.00084	0.0	0.0	0.0	0	0.0	0	0	0.00623	0	0	0	0.0	0.0	0.0	0.0	0.0	0.0	0.0	0	0	0	0.0	0	0.0
k__Bacteria.p__Verrucomicrobia.c__Verrucomicrobiae.o__Verrucomicrobiales.f__Akkermansiaceae	0	0.3138	0.05846	0.00243	2.90133	0.91854	2.70155	1.47332	0	0.0	0.0	0	0	0.26949	0.13955	0.06523	0	2.44666	0	2.0403	0	0.34312	0	0	1.66112	0	0	0.20092	1.83542	0.17594	6.57948	0.85787	0	1.25198	0.0	0.0	2.9735	1.07144	0.12127	0	0.71333	0	0	0.0	0	0	0	1.89237	0.78324	0.22503	0.13973	1.72996	0.07653	0.07357	0	0	0	0.6904	0	0.68001
