dataset_name	ChngKR_2016	ChngKR_2016	ChngKR_2016	ChngKR_2016	ChngKR_2016	ChngKR_2016	ChngKR_2016	ChngKR_2016	ChngKR_2016	ChngKR_2016	ChngKR_2016	ChngKR_2016	ChngKR_2016	ChngKR_2016	ChngKR_2016	ChngKR_2016	ChngKR_2016	ChngKR_2016	ChngKR_2016	ChngKR_2016	ChngKR_2016	ChngKR_2016	ChngKR_2016	ChngKR_2016	ChngKR_2016	ChngKR_2016	ChngKR_2016	ChngKR_2016	ChngKR_2016	ChngKR_2016	ChngKR_2016	ChngKR_2016	ChngKR_2016	ChngKR_2016	ChngKR_2016	ChngKR_2016	ChngKR_2016	ChngKR_2016	ChngKR_2016	ChngKR_2016	ChngKR_2016	ChngKR_2016	ChngKR_2016	ChngKR_2016	ChngKR_2016	ChngKR_2016	ChngKR_2016	ChngKR_2016	ChngKR_2016	ChngKR_2016	ChngKR_2016	ChngKR_2016	ChngKR_2016	ChngKR_2016	ChngKR_2016	ChngKR_2016	ChngKR_2016	ChngKR_2016	ChngKR_2016	ChngKR_2016	ChngKR_2016	ChngKR_2016	ChngKR_2016	ChngKR_2016	ChngKR_2016	ChngKR_2016	ChngKR_2016	ChngKR_2016	ChngKR_2016	ChngKR_2016	ChngKR_2016	ChngKR_2016	ChngKR_2016	ChngKR_2016	ChngKR_2016	ChngKR_2016	ChngKR_2016	ChngKR_2016
study_condition	AD	AD	control	control	control	control	AD	AD	AD	AD	AD	AD	AD	AD	control	control	control	control	AD	AD	AD	AD	AD	AD	AD	AD	AD	AD	AD	AD	AD	AD	AD	AD	AD	AD	AD	AD	control	control	AD	AD	AD	AD	AD	AD	control	control	control	control	control	control	control	control	control	control	control	control	control	control	control	control	AD	AD	control	control	control	control	control	control	control	control	control	control	control	control	control	control
k__Bacteria.p__Actinobacteria.c__Actinobacteria.o__Actinomycetales.f__Actinomycetaceae.g__Actinobaculum	0	0	0	0	0	0	0	0	0	0	0.01249	0.03845	0	0	0	0	0	0	0	0.00957	0.03118	0.00429	0	0	0	0	0	0	0	0	0.06479	0.25131	0	0	0	0	0	0.02406	0	0	0	0	0	0	0.07355	0.16141	0	0	0.0626	0	0	0	0	0	0	0	0.12682	0	0	0	0	0	0	0.27062	0	0	0	0	0	0.32805	0	0	0.0038	0	0	0	0	0.18179
k__Bacteria.p__Actinobacteria.c__Actinobacteria.o__Actinomycetales.f__Actinomycetaceae.g__Actinomyces	0.06079	0.18428	0.53528	0	0	0	0.38914	2.5169	0.39716	0.07702	0.06597	0.07497	0.08683	0.30173	0	0.0262	0	0	0.13761	0.11943	0.40797	0.42067	0.05347	0	0.17662	0	0.14576	0.14502	0.23081	0.04551	1.64299	1.27036	0	0	0.09411	0.02051	0.62544	2.6916	0.794	1.75521	2.60793	0.2525	0.35958	0.0184	0.10981	0.17001	0	0.64813	5.29701	0.7471	0.30208	0.23086	0	0	0.70009	0.66106	2.04985	1.05921	0.03405	0	0	0.15676	0.06327	6.0347	8.86934	14.39619	0	0.00158	0.71906	6.42469	0.00979	0	0.00632	0.11271	0.13283	0.02447	0	0.21374
k__Bacteria.p__Actinobacteria.c__Actinobacteria.o__Bifidobacteriales.f__Bifidobacteriaceae.g__Bifidobacterium	0.0	0.0	0.0	0.0	0.0	0.0	0.0	0.0	0.0	0.0	0.0	0.0	0.0	0.0	0.0	0.0	0.0	0.0	0.0	0.0	0.0	0.0	0.0	0.0	0.0	0.0	0.0	0.0	0.0	0.0	0.0	0.0	0.0	0.0	0.0	0.0	0.0	0.0	0.0	0.0	0.0	0.0	0.0	0.0	0.0	0.0	0.0	0.0	0.0	0.0	0.0	0.0	0.0	0.0	0.0	0.0	0.0	0.0	0.0	0.0	0.0	0.0	0.4139	0.33587	0.0	0.0	0.0	0.0	0.0	0.0	0.0	0.0	0.0	0.0	0.0	0.0	0.0	0.0
k__Bacteria.p__Actinobacteria.c__Actinobacteria.o__Bifidobacteriales.f__Bifidobacteriaceae.g__Gardnerella	0.0	0.0	0.0	0.0	0.0	0.0	0.0	0.0	0.0	0.0	0.0	0.07122	0.0	0.0	0.0	0.0	0.0	0.0	0.0	0.0	0.0	0.0	0.0	0.0	0.0	0.0	0.0	0.0	0.0	0.0	0.0	0.0	0.0	0.0	0.0	0.0	0.0	0.0	0.22529	0.0	0.0	0.0	0.0	0.0	0.0	0.0	0.0	0.0	0.0	0.0	0.0	0.0	0.0	0.0	0.0	0.0	0.0	0.0	0.0	0.0	0.0	0.0	0.0	0.0	0.0	0.0	0.45207	0.27394	0.10543	0.27227	0.0	0.0	0.0	0.0	0.0	0.0	0.0	0.0
k__Bacteria.p__Actinobacteria.c__Actinobacteria.o__Bifidobacteriales.f__Bifidobacteriaceae.g__Scardovia	0.0	0.0	0.0	0.0	0.0	0.0	0.0	0.03765	0.0	0.0	0.0	0.0	0.0	0.0	0.0	0.0	0.0	0.0	0.0	0.0	0.0	0.0	0.0	0.0	0.0	0.0	0.0	0.0	0.0	0.0	0.0	0.0	0.0	0.0	0.0	0.0	0.0	0.00956	0.0	0.0	0.0	0.0	0.0	0.0	0.0	0.0	0.0	0.0	0.12905	0.0	0.01999	0.0	0.0	0.0	0.0	0.0	0.0	0.0	0.0	0.0	0.0	0.0	0.0	0.0	1.48844	2.30445	0.0	0.0	0.0	0.0	0.0	0.0	0.0	0.0	0.0	0.0	0.0	0.0
k__Bacteria.p__Actinobacteria.c__Actinobacteria.o__Corynebacteriales.f__Corynebacteriaceae.g__Corynebacterium	1.43554	1.87057	0.25418	0.78193	0.50012	0.73741	0.97771	0.9935	3.2524	3.29467	0.25791	0.86043	0.15978	0.22273	0.92535	1.9025	0.08578	0.08816	1.55036	0.89732	3.04044	2.60852	1.15544	0.21801	1.37175	0.93783	0.83203	0.18271	2.14291	0.73455	2.05818	4.53429	0.09789	0	0.61633	0.0685	2.48885	3.45278	3.35793	2.79019	4.07784	0.27634	0.13543	0.00876	0.96954	1.51383	1.56833	0.98891	0.38199	0.28973	0.51689	0.76805	1.02518	0.27836	1.8111	1.24273	1.27855	1.2698	10.47099	9.55689	0.62357	2.14617	1.55518	7.93109	1.93274	2.74411	2.37111	2.26439	4.56253	5.02655	9.98357	17.29595	0.50498	2.30804	3.35628	1.35229	8.73932	2.84588
k__Bacteria.p__Actinobacteria.c__Actinobacteria.o__Corynebacteriales.f__Corynebacteriales_unclassified.g__Lawsonella	0.0	0.0	0.0	0.0	0.0	0.00564	0.05192	0.04974	0.0	0.0	0.0	0.01716	0.0	0.0	0.0	0.0	0.0	0.0	0.0	0.0	0.0	0.0	0.0	0.0	0.0	0.0	0.0	0.0	0.0	0.0	0.0	0.0	0.0	0.0	0.0	0.0	0.0	0.0	0.0	0.0	0.0	0.0	0.0	0.0	0.0	0.0	0.0	0.0	0.0	0.0	0.0	0.0	0.0	0.0	0.0	0.0	0.0	0.0	0.0	0.0	0.0	0.02821	0.0	0.0	0.0	0.0	0.02628	0.01533	0.0	0.0	0.0	0.0	0.0	0.0	0.0	0.0	0.0	0.0
k__Bacteria.p__Actinobacteria.c__Actinobacteria.o__Corynebacteriales.f__Dietziaceae.g__Dietzia	0.0	0.01328	0.0	0.0	0.0	0.0	0.0	0.0	0.0	0.0	0.0	0.0	0.0	0.0	0.0	0.0	0.0	0.0	0.0	0.0	0.0	0.0	0.0	0.0	0.0217	0.0	0.0	0.0	0.07598	0.0	0.0	0.0	0.20346	0.0	0.0	0.0	5.41131	5.58153	0.0	0.0	0.0	0.0	0.0	0.0	0.0	0.0	0.0	0.0	0.0	0.0	0.0	0.0	0.0	0.0	0.0	0.0	0.0	0.0	1.30127	0.98059	0.0	0.0	0.0554	0.03452	0.0	0.0	0.11615	0.14119	0.33469	0.18627	0.0	0.0	0.0	0.02659	0.0	0.0	0.0	0.0
k__Bacteria.p__Actinobacteria.c__Actinobacteria.o__Corynebacteriales.f__Gordoniaceae.g__Gordonia	0.0	0.0	0.0	0.0	2.36692	2.06285	0.0	0.0	0.0	0.0	0.0	0.03402	0.0	0.0	0.04673	0.32349	0.73348	0.40423	0.0	0.0	0.0	0.0	0.0	0.0	0.03631	0.0	0.0	0.0	0.0	0.0	0.0	0.0	0.00661	0.0	0.0	0.0	0.55982	0.90763	0.0	0.05286	0.0	0.0	0.0	0.0	0.0	0.0	0.0	0.10654	0.0	0.0	0.0	0.0	0.0	0.0	0.0	0.0	0.0	0.0	0.30687	0.33224	0.0	0.0	0.0	0.0	0.0	0.0	0.04089	0.04908	0.0	0.0	0.0	0.0	0.0	0.0	0.0	0.0	0.06017	0.11507
k__Bacteria.p__Actinobacteria.c__Actinobacteria.o__Corynebacteriales.f__Mycobacteriaceae.g__Mycobacterium	0.0	0.0	0.0	0.0	0.10468	0.09251	0.0	0.0	0.0	0.0	0.0	0.0	0.0	0.0	0.0	0.0	0.0614	0.12573	0.07567	0.0	0.0	0.0	0.0	0.0	0.0	0.0	0.0	0.0	0.0	0.0	0.0	0.0	0.0	0.0	0.0	0.0	0.0	0.0	0.0	0.0	0.0	0.0	0.0	0.0	0.0	0.0	0.0	0.0	0.0	0.0	0.0	0.0	0.0	0.0	0.0	0.0	0.0	0.0	0.0	0.0	0.0	0.0	0.0	0.0	0.0	0.0	0.0	0.0	0.0	0.0	0.0	0.0	0.0	0.0	0.0	0.0	0.0	0.0
k__Bacteria.p__Actinobacteria.c__Actinobacteria.o__Corynebacteriales.f__Mycobacteriaceae.g__Mycobacteroides	0.0	0.0	0.0	0.0	0.0	0.0	0.0	0.0	0.0	0.0	0.15677	0.10422	0.0	0.0	0.0	0.0	0.0	0.0	0.0	0.0	0.0	0.0	0.0	0.0	0.0	0.0	0.0	0.0	0.0	0.0	0.0	0.0	0.0	0.0	0.0	0.0	0.0	0.0	0.0	0.0	0.0	0.0	0.0	0.0	0.0	0.0	0.0	0.0	0.0	0.0	0.0	0.0	0.0	0.0	0.0	0.0	0.0	0.0	0.0	0.0	0.0	0.0	0.0	0.0	0.0	0.0	0.03869	0.03484	0.0	0.0	0.0	0.0	0.0	0.0	0.0	0.0	0.0	0.0
k__Bacteria.p__Actinobacteria.c__Actinobacteria.o__Corynebacteriales.f__Mycobacteriaceae.g__Mycolicibacterium	0.38752	0.76574	0.0	0.0	0.91465	1.8999	0.25958	0.71774	0.0	0.0	0.03244	0.26472	5.44313	0.10438	0.0	0.0	1.58203	1.94427	0.0	0.0	0.10047	0.09461	0.0	0.0	0.0	0.0	0.0	0.0	0.0	0.0	0.0	0.0	15.97838	9.9199	0.72643	0.17462	0.0	0.0	0.05489	0.0	0.07939	0.0	0.43378	0.26224	0.15631	0.20681	0.0	0.03174	0.0	0.0	0.0	0.0	0.17723	0.04885	0.0	0.0336	0.0	0.0	0.16598	0.30621	1.35701	0.6059	0.0	0.0	0.35071	0.57616	0.08665	0.13175	0.29406	0.07188	0.01233	0.0	0.0	0.06477	0.01584	0.01519	0.0	0.0
k__Bacteria.p__Actinobacteria.c__Actinobacteria.o__Corynebacteriales.f__Nocardiaceae.g__Rhodococcus	0.0	0.0	0.0	0.0	0.2382	0.27592	0.0	0.0	0.0	0.0	0.0	0.00245	0.0	0.0	0.0	0.0	0.0	0.0	0.0	0.0	0.0	0.0	0.0	0.0	0.0	0.0	0.0	0.0	0.0	0.0	0.0	0.0	0.0	0.0	0.0	0.0	0.0	0.0	0.0	0.0	0.0	0.0	0.0	0.0	0.0	0.0	0.0	0.0	0.0	0.0	0.0	0.0	0.0	0.0	0.0	0.0	0.0	0.0	0.0	0.0	0.0	0.0	0.0	0.0	0.0	0.0	0.0	0.0	0.0	0.0	0.0	0.0	0.0	0.05046	0.0	0.0	0.0	0.0
k__Bacteria.p__Actinobacteria.c__Actinobacteria.o__Corynebacteriales.f__Tsukamurellaceae.g__Tsukamurella	0.0	0.0	0.0	0.0	0.0	0.0	0.0	0.0	0.0	0.0	0.0	0.0	0.0	0.0	0.0	0.0	0.0	0.0	0.0	0.0	0.0	0.0	0.0	0.0	0.0	0.0	0.0	0.0	0.0	0.0	0.0	0.0	0.0	0.0	0.0	0.0	0.0	0.0	0.0	0.0	0.0	0.0	0.0	0.0	0.0	0.0	0.0	0.0	0.0	0.0	0.0	0.0	0.0	0.0	0.11097	0.09714	0.0	0.0	0.0	0.0	0.0	0.0	0.0	0.0	0.00342	0.0	0.0	0.0	0.0	0.0	0.02915	0.0	0.0	0.0	0.0	0.0	0.08445	0.43187
k__Bacteria.p__Actinobacteria.c__Actinobacteria.o__Corynebacteriales.f__Williamsiaceae.g__Williamsia	0.0	0.0	0.0	0.0	0.0	0.0	0.0	0.0	0.0	0.0	0.0	0.0	0.0	0.0	0.0	0.0	0.0	0.0	0.0	0.0	0.0	0.0	0.0	0.0	0.0	0.0	0.0	0.0	0.0	0.0	0.0	0.0	0.0	0.0	0.06522	0.0	0.0	0.0	0.0	0.0	0.0	0.0	0.0	0.0	0.0	0.0	0.0	0.0	0.0	0.0	0.0	0.0	0.0	0.0	0.0	0.0	0.0	0.0	0.0	0.0	0.0	0.0	0.0	0.0	0.0	0.0	0.0	0.0	0.0	0.0	0.0	0.0	0.0	0.0	0.0	0.0	0.0	0.0
k__Bacteria.p__Actinobacteria.c__Actinobacteria.o__Micrococcales.f__Brevibacteriaceae.g__Brevibacterium	0.00328	0.0	0.0	0.0	0.26217	0.17049	0.36062	0.0	0.0	0.01308	0.06611	0.02836	0.0	0.0	0.07035	0.40638	0.0	0.0	0.0	0.0	0.01026	0.0	0.0	0.0	0.0	0.0	0.0	0.13509	0.0	0.0	0.0	0.0	0.0	0.0	0.0	0.0	0.0	0.0	0.0	0.0	0.22721	0.28857	0.0	0.0	0.0	0.02509	0.1468	0.74413	0.00431	0.0	0.04443	0.01173	0.00317	0.0	0.01772	0.0	0.0	0.0	19.7033	22.53671	0.0	0.0	0.13595	0.08241	0.09948	0.0	0.00108	0.01794	0.26363	0.00591	0.6336	2.90734	0.04196	0.27718	0.25879	0.40636	0.0	0.0
k__Bacteria.p__Actinobacteria.c__Actinobacteria.o__Micrococcales.f__Dermabacteraceae.g__Brachybacterium	0.0	0.0	0.0	0.0	0.0	0.0	0.0	0.0	0.0	0.0	0.0	0.0	0.0	0.0	0.0	0.0	0.0	0.0	0.0	0.0	0.0	0.0	0.0	0.0	0.01878	0.0	0.0	0.0	0.06843	0.0	0.0	0.0	0.0	0.0	0.0	0.0	0.0	0.0	0.0	0.0	0.0	0.0	0.0	0.0	0.0	0.0	0.0	0.0	0.0	0.0	0.0	0.0	0.0	0.0	0.0	0.0	0.0	0.0	0.0	0.0	0.0	0.0	0.0	0.0	0.0	0.0	0.0	0.0	0.0	0.0	0.0	0.0	0.0	0.0	0.0	0.0	0.0	0.0
k__Bacteria.p__Actinobacteria.c__Actinobacteria.o__Micrococcales.f__Dermabacteraceae.g__Dermabacter	0.0	0.0	0.0	0.0	0.0	0.0	0.0	0.0	0.0	0.0	0.0	0.04001	0.0	0.0	0.0	0.03632	0.0	0.0	0.0	0.0	0.0	0.0	0.0	0.0	0.0	0.0	0.0	0.0	0.0	0.0	0.0	0.0	0.0	0.0	0.0	0.0	0.0	0.0	0.0	0.0	0.0	0.0	0.0	0.0	0.00204	0.03987	0.01795	0.0	0.0	0.0	0.0	0.0	0.0	0.0	0.02824	0.00447	0.0	0.07114	0.10581	0.12846	0.0	0.0	0.0	0.0	0.03748	0.19575	0.0	0.0	0.0	0.0	0.83899	3.54194	0.0	0.01673	0.04786	0.0	0.0	0.0
k__Bacteria.p__Actinobacteria.c__Actinobacteria.o__Micrococcales.f__Dermacoccaceae.g__Calidifontibacter	0.0	1.10296	0.0	0.12837	0.75623	0.23636	0.30247	0.31026	0.0	0.03635	0.43727	1.28014	0.0	0.0	0.0	0.0	2.33371	5.63706	0.0	0.0	0.0	0.0	0.0	0.0	0.0	0.0	0.0	0.0	0.0	0.0	0.0	0.0	0.0	0.0	3.51616	2.12619	0.3153	0.9555	0.0	0.0	0.0	0.0	0.0	0.05204	0.0	0.0	0.20193	0.24143	1.87441	1.00942	0.0	0.0	0.0	0.0	0.498	0.29619	0.0	0.0	0.0	0.0	0.0	0.19573	0.16756	0.50539	0.0	0.0	0.0	0.01982	0.0	0.0	0.0	0.0	0.0	0.0	0.75823	0.87958	0.0	0.0
k__Bacteria.p__Actinobacteria.c__Actinobacteria.o__Micrococcales.f__Dermacoccaceae.g__Dermacoccus	0.01927	0.0	0.32846	0.48493	3.42457	1.59553	0.21888	0.11981	0.0	0.0	0.0	0.10139	3.11323	4.32765	0.0	0.17377	0.43799	0.35494	0.0	0.0	0.04484	0.00681	0.0	0.0	3.43204	1.81303	0.0	0.07879	3.74826	5.26235	0.0	0.0	0.0	0.0	0.27995	0.2217	0.0	0.0	0.46564	0.85431	0.10405	0.0	0.0	0.0	0.0	0.0	1.0182	0.69467	0.51088	0.56475	0.0	0.04744	1.86991	1.41362	0.258	0.16413	1.8456	0.63246	0.0	0.0	1.72238	1.91582	1.49933	1.63974	0.14328	0.07361	1.08116	1.27663	0.50662	0.1413	3.67839	2.4222	0.0	0.17655	9.14229	6.53951	0.01395	0.1876
k__Bacteria.p__Actinobacteria.c__Actinobacteria.o__Micrococcales.f__Dermacoccaceae.g__Kytococcus	0.0	0.0	0.0	0.0	0.0	0.0	0.0	0.24542	0.0	0.0	0.0	0.0	0.09855	0.19067	0.0	0.0	0.0	0.0	0.0	0.0	0.0	0.0	0.0	0.0	0.88176	0.4284	0.0	0.07199	0.0	0.0	0.0	0.0	0.0	0.0	0.0	0.0	0.0	0.06155	0.0	0.0	0.0	0.0	0.0	0.0	0.0	0.0	0.0	0.15856	0.0	0.0	0.0	0.0	0.0	0.0	0.0	0.0	0.0	0.0	0.24745	0.1418	0.0	0.0	0.0	0.0	0.0	0.0	0.0	0.0	0.0	0.0	0.0	0.0	0.0	0.02546	0.0	0.0	0.08708	0.11396
k__Bacteria.p__Actinobacteria.c__Actinobacteria.o__Micrococcales.f__Intrasporangiaceae.g__Janibacter	0.0	0.04208	0.01148	0.01326	0.0	0.0	0.2683	0.37015	0.0	0.00948	0.08584	0.26994	0.20031	0.08183	1.34257	1.62199	0.92818	0.60848	0.0	0.07036	0.0	0.0	0.06815	0.0	1.10225	0.58653	0.22911	0.27942	0.29594	0.0	0.0	0.0	0.89498	0.4448	0.27465	0.27295	0.6719	1.01013	0.0	0.0	0.0	0.0	0.0	0.0	0.09997	0.13666	0.07524	0.0	0.0	0.0	0.0	0.0	0.0	0.0	0.00468	0.0	0.0	0.0	0.0	0.05484	0.0	0.0	0.0	0.0	0.0	0.0	0.0347	0.08422	0.0	0.0	0.0	0.0	0.0	0.0	1.98432	1.88875	0.0	0.0
k__Bacteria.p__Actinobacteria.c__Actinobacteria.o__Micrococcales.f__Intrasporangiaceae.g__Tetrasphaera	0.0	0.0	0.0	0.0	0.0	0.0	0.0	0.0	0.0	0.0	0.0	0.07331	0.0	0.0	0.0	0.0	0.0	0.0	0.0	0.0	0.0	0.0	0.0	0.0	0.0	0.0	0.0	0.0	0.0	0.0	0.0	0.0	0.0	0.0	0.0	0.0	0.0	0.0	0.0	0.0	0.0	0.0	0.0	0.0	0.0	0.0	0.0	1.44377	0.0	0.0	0.0	0.0	0.0	0.0	0.0	0.0	0.0	0.0	0.1213	0.16959	0.0	0.0	0.0	0.0	0.0	0.0	0.0	0.0	0.0	0.0	0.0	0.0	0.0	0.0	0.0	0.0	0.0	0.0
k__Bacteria.p__Actinobacteria.c__Actinobacteria.o__Micrococcales.f__Microbacteriaceae.g__Microbacterium	0.0	0.02656	0.0	0.0	0.86693	0.65093	0.0191	0.0	0.0	0.0	0.0	0.00305	0.0	0.0	0.0	0.0	0.54665	0.14575	0.0	0.0	0.0	0.0	0.0	0.0	0.0	0.0	0.0	0.0	0.0	0.0	0.0	0.0	0.18164	0.0	0.0	0.0	0.0	0.05677	0.0	0.0	0.0	0.0	0.0	0.0	0.0	0.0	0.0	0.0	0.0	0.0	0.0	0.0	0.0	0.0	0.0	0.0	0.0	0.0	0.0	0.0	0.0	0.0	0.0	0.0	0.11743	0.0	0.0	0.0	0.0	0.0	0.0	0.0	0.0	0.01902	0.12098	0.09171	0.0	0.0
k__Bacteria.p__Actinobacteria.c__Actinobacteria.o__Micrococcales.f__Micrococcaceae.g__Kocuria	0.02932	0.0009	5.8646	1.73446	0.5138	0.24106	0.14583	0.09916	0.17032	0.06458	0.09162	0.06021	1.20962	1.03827	0.02606	0.06576	0.0	0.0	0.06701	0.16509	0.02046	0.0	0.04243	0.0	0.08656	0.0	1.19242	1.2799	0.0	0.0	0.04452	0.11849	0.0	0.0	0.0	0.0	0.0	0.01126	2.08999	0.0	0.62081	0.0	0.0	0.0	0.0	0.0	0.0	0.0	0.09825	0.0	0.06067	0.01966	0.1356	0.0643	0.22603	0.44162	0.0986	0.11048	35.08224	38.00693	0.0	0.02961	0.15737	0.276	2.30806	0.2992	2.28501	2.19171	0.93561	0.83659	0.0	0.0	0.01662	0.05926	0.07895	0.04327	0.07348	0.08774
k__Bacteria.p__Actinobacteria.c__Actinobacteria.o__Micrococcales.f__Micrococcaceae.g__Micrococcus	1.08166	0.36333	5.35361	2.16715	4.53264	6.52272	17.07601	15.78605	0.58847	0.17599	0.24564	0.15106	2.61587	3.6054	11.62251	18.21136	0.20383	0.14618	0.26527	0.35692	1.90286	1.30427	0.16297	0.17952	19.966	12.97025	25.76101	28.22882	2.37262	2.10965	0.75646	1.49703	8.65482	6.6316	1.07529	0.64651	21.7198	18.65446	1.04303	1.72769	0.0	0.0	0.0	0.0	2.21552	2.36869	8.8925	8.40276	0.80782	1.15398	1.28526	0.63191	1.68128	0.37301	0.30341	0.68553	2.23251	3.02596	0.54033	0.72802	0.03545	0.9694	0.11825	0.12653	3.98251	1.88516	22.80075	29.73586	2.37649	2.02614	0.17416	0.0	0.34806	2.08251	22.24418	17.13376	2.74031	3.4328
k__Bacteria.p__Actinobacteria.c__Actinobacteria.o__Micrococcales.f__Micrococcaceae.g__Pseudoglutamicibacter	0.0	0.0	0.0	0.0	0.0	0.0	0.0	0.0	0.0	0.0	0.0	0.0	0.0	0.0	0.0	0.0	0.0	0.0	0.0	0.0	0.0	0.0	0.0	0.0	0.0	0.0	0.0	0.0	0.0	0.0	0.0	0.0	0.0	0.0	0.0	0.0	0.0	0.0	0.0	0.0	0.0	0.0	0.0	0.0	0.0	0.0	0.0	0.0	0.0	0.0	0.0	0.0	0.0	0.0	0.0	0.0	0.0	0.0	0.0	0.0	0.0	0.0	0.0	0.0	0.0	0.0	0.0	0.0	0.02574	0.0	0.0	0.0	0.0	0.0	0.0	0.0	0.0	0.0
k__Bacteria.p__Actinobacteria.c__Actinobacteria.o__Micrococcales.f__Micrococcaceae.g__Rothia	0.24504	0.92344	0.09385	0.0	0.0	0.0	0.10705	0.52754	0.13456	0.0356	0.35196	0.496	0.01404	0.10108	0.0	0.02708	0.1141	0.0	0.14207	0.05359	0.13695	0.19961	0.64837	0.01983	0.73367	0.09453	0.60898	0.14387	0.03894	0.03546	1.44241	1.38242	0.0	0.0	0.21111	0.0084	0.27799	0.71291	0.99651	1.15432	4.9082	0.01935	3.1074	0.5645	0.50918	0.46414	0.0	0.38314	1.64131	1.1169	0.53631	0.2331	0.0	0.0	0.72059	0.31183	2.92382	0.99314	1.05352	0.08612	0.0	0.258	0.0	2.99396	15.02392	10.17912	0.0	0.0	0.52085	4.10238	0.06391	0.01904	0.02849	0.23944	0.20603	0.03697	0.04183	0.68722
k__Bacteria.p__Actinobacteria.c__Actinobacteria.o__Propionibacteriales.f__Propionibacteriaceae.g__Cutibacterium	41.24365	60.01147	58.5174	65.52291	45.47651	43.05746	42.3391	37.13907	66.0277	74.70312	78.21566	76.98719	55.20797	42.71805	63.17397	57.57197	22.09059	51.75688	75.6332	70.84878	76.49943	76.71416	87.21314	94.45214	53.64971	74.05409	25.99352	16.58922	78.81152	79.5719	55.61625	72.40651	64.81021	63.73376	86.25726	89.92949	44.719	36.61495	59.06485	45.00927	32.37378	42.53512	53.77348	79.75427	88.52174	83.43899	66.90921	57.59016	67.23686	68.2899	87.15962	91.47634	79.89455	82.63511	78.45964	84.34077	36.23893	52.10178	10.06622	8.41303	39.09785	39.17087	74.20472	35.35805	5.38276	4.33747	55.35182	49.76933	45.14288	21.15726	55.9518	44.49294	94.10967	81.96263	33.85758	50.20932	33.87157	48.13511
k__Bacteria.p__Actinobacteria.c__Actinobacteria.o__Propionibacteriales.f__Propionibacteriaceae.g__Propionibacteriaceae_unclassified	0.0	0.0	0.0	0.0	0.0	0.0	0.0	0.0	0.0	0.0	0.0	0.0	0.0	0.0	0.0	0.0	0.0	0.0	0.0	0.0	0.0	0.0	0.0	0.0	0.0	0.0	0.0	0.0	0.0	0.0	0.0	0.0	0.0	0.0	0.0	0.0	0.0	0.0	0.0	0.0	0.0	0.0	0.0	0.0	0.0	0.0	0.0	0.0	0.0	0.0	0.0	0.0	0.0	0.0	0.0	0.0	0.0	0.0	0.0	0.0	0.0	0.0	0.55748	0.88234	0.0	0.0	0.0	0.0	0.0	0.0	0.0	0.0	0.0	0.0	0.0	0.0	0.0	0.0
k__Bacteria.p__Actinobacteria.c__Actinobacteria.o__Propionibacteriales.f__Propionibacteriaceae.g__Pseudopropionibacterium	0.0	0.0	0.0	0.0	0.0	0.0	0.0	0.0	0.0	0.0	0.0	0.0	0.0	0.0	0.0	0.0	0.0	0.0	0.0	0.0	0.0	0.0	0.0	0.0	0.0	0.0	0.0	0.0	0.0	0.0	0.0	0.0	0.0	0.0	0.0	0.0	0.0	0.0	0.0	0.0	0.0	0.0	0.0	0.0	0.0	0.0	0.0	0.0	0.0	0.0	0.0	0.0	0.0	0.0	0.0	0.0	0.0	0.0	0.0	0.0	0.0	0.0	0.0	0.59281	0.0	0.0	0.0	0.0	0.09428	0.65777	0.0	0.0	0.0	0.0	0.0	0.0	0.0	0.0
k__Bacteria.p__Actinobacteria.c__Actinobacteria.o__Pseudonocardiales.f__Pseudonocardiaceae.g__Actinomycetospora	0.0	0.0	0.0	0.0	0.0	0.0	0.0	0.0	0.0	0.0	0.0	0.00254	0.0	0.0	0.0	0.0	0.0	0.0	0.0	0.0	0.0	0.0	0.0	0.0	0.0	0.0	0.0	0.0	0.0	0.0	0.0	0.0	0.0	0.0	0.0	0.0	0.0	0.0	0.0	0.0	0.0	0.0	0.0	0.0	0.0	0.0	0.0	0.0	0.0	0.0	0.0	0.0	0.0	0.0	0.0	0.0	0.0	0.0	0.0	0.0	0.0	0.0	0.0	0.0	0.0	0.0	0.0	0.0	0.0	0.0	0.0	0.0	0.0	0.0	0.0	0.0	0.0	0.0
k__Bacteria.p__Actinobacteria.c__Coriobacteriia.o__Coriobacteriales.f__Atopobiaceae.g__Atopobium	0.0	0.0	0.0	0.0	0.0	0.0	0.0	0.0	0.0	0.0	0.0	0.07165	0.0	0.0	0.0	0.0	0.0	0.0	0.0	0.0	0.0	0.0	0.0	0.0	0.0	0.0	0.0	0.0	0.0	0.0	0.0	0.0	0.0	0.0	0.0	0.0	0.0	0.02938	0.0	0.0	0.0	0.0	0.0	0.0	0.0	0.0	0.0	0.0	0.0315	0.0	0.0	0.0	0.00384	0.00253	0.0	0.0	0.0	0.0	0.0	0.0	0.0	0.0	0.0	0.0	0.0	0.0	0.0	0.009	0.0	0.0	0.0	0.0	0.0	0.0	0.0	0.0	0.0	0.0
k__Bacteria.p__Actinobacteria.c__Coriobacteriia.o__Coriobacteriales.f__Coriobacteriaceae.g__Collinsella	0.0	0.0	0.0	0.0	0.0	0.0	0.0	0.0	0.0	0.0	0.0	0.00206	0.0	0.0	0.0	0.0	0.0	0.0	0.0	0.0	0.0	0.0	0.0	0.0	0.0	0.0	0.0	0.0	0.0	0.0	0.0	0.0	0.0	0.0	0.0	0.0	0.0	0.0	0.0	0.0	0.0	0.0	0.0	0.0	0.0	0.0	0.0	0.0	0.0	0.0	0.0	0.0	0.0	0.0	0.0	0.0	0.0	0.0	0.0	0.03023	0.0	0.0	0.0	0.0	0.0	0.0	0.0	0.0	0.0	0.0	0.0	0.0	0.0	0.0	0.0	0.0	0.0	0.0
k__Bacteria.p__Actinobacteria.c__Rubrobacteria.o__Rubrobacterales.f__Rubrobacteraceae.g__Rubrobacter	0.0	0.0	0.01386	0.0	0.0	0.0	0.0	0.0	0.0	0.0	0.0	0.0	0.0	0.0	0.0	0.0	0.0	0.0	0.0	0.0	0.0	0.0	0.0	0.0	0.0	0.0	0.0	0.0	0.0	0.0	0.0	0.0	0.0	0.0	0.0	0.0	0.0	0.0	0.0	0.0	0.0	0.0	0.0	0.0	0.0	0.0	0.0	0.0	0.0	0.0	0.0	0.0	0.0	0.0	0.0	0.0	0.0	0.0	0.0	0.0	0.0	0.0	0.0	0.0	0.0	0.0	0.0	0.0	0.0	0.0	0.0	0.0	0.0	0.0	0.0	0.0	0.0	0.0
k__Bacteria.p__Actinobacteria.c__Thermoleophilia.o__Solirubrobacterales.f__Patulibacteraceae.g__Patulibacter	0.0	0.0	0.0	0.0	0.0	0.0	0.0	0.0	0.0	0.0	0.0	0.00152	0.0	0.0	0.0	0.0	0.01376	0.00117	0.0	0.0	0.0	0.0	0.0	0.0	0.0	0.0	0.0	0.0	0.0	0.0	0.0	0.0	0.0	0.0	0.0	0.0	0.0	0.0	0.0	0.0	0.0	0.0	0.0	0.0	0.0	0.0	0.0	0.0	0.0	0.0	0.0	0.0	0.0	0.0	0.0	0.0	0.0	0.0	0.0	0.0	0.0	0.0	0.0	0.0	0.0	0.0	0.0	0.0	0.0	0.0	0.0	0.0	0.0	0.0	0.0	0.0	0.0	0.0
k__Bacteria.p__Actinobacteria.c__Thermoleophilia.o__Thermoleophilales.f__Thermoleophilaceae.g__Thermoleophilum	0.0	0.0	0.0	0.0	0.0	0.0	0.0	0.0	0.0	0.0	0.0	0.00532	0.0	0.0	0.0	0.0	0.01099	0.00622	0.0	0.0	0.0	0.0	0.0	0.0	0.0	0.0	0.0	0.0	0.0	0.0	0.0	0.0	0.0	0.0	0.0	0.0	0.0	0.0	0.0	0.0	0.0	0.0	0.0	0.0	0.0	0.0	0.0	0.0	0.0	0.0	0.0	0.0	0.0	0.0	0.0	0.0	0.0	0.0	0.0	0.0	0.0	0.0	0.0	0.0	0.0	0.0	0.0	0.0	0.0	0.0	0.0	0.0	0.0	0.0	0.0	0.0	0.0	0.0
k__Bacteria.p__Bacteroidetes.c__Bacteroidetes_unclassified.o__Bacteroidetes_unclassified.f__Bacteroidetes_unclassified.g__Bacteroidetes_unclassified	0.0	0.0	0.0	0.0	0.0	0.0	0.0	0.0	0.0	0.0	0.0	0.01946	0.0	0.0	0.0	0.0	0.0	0.0	0.0	0.0	0.0	0.0	0.0	0.0	0.0	0.0	0.0	0.0	0.0	0.0	0.0	0.0	0.0	0.0	0.0	0.0	0.0	0.0	0.0622	0.27941	0.0	0.0	0.0	0.0	0.0	0.0	0.0	0.0	0.0	0.0	0.0	0.0	0.0	0.0	0.0	0.0	0.0	0.0	0.0	0.0	0.0	0.0	0.0	0.0	0.0	0.0	0.0	0.0	0.0	0.13217	0.0	0.0	0.0	0.0	0.0	0.0	0.0	0.0
k__Bacteria.p__Bacteroidetes.c__Bacteroidia.o__Bacteroidales.f__Bacteroidaceae.g__Bacteroides	0.00447	0.12304	0.0	0.0	0.0	0.0	0.0	0.0	0.0	0.0	0.0	0.0	0.0	0.0	0.0	0.0	0.0	0.0	0.0	0.0	0.0	0.0	0.0	0.0	0.0	0.0	0.0	0.0	0.0	0.0	0.0	0.0	0.0	0.0	0.0	0.0	0.0	0.0	0.0	0.0	0.0	0.0	0.0	0.0	0.0	0.0	0.0	0.0	0.0	0.0	0.0	0.0	0.0	0.0	0.0	0.0	0.0	0.0	0.0	0.0	0.0	0.0	0.0	0.0	0.0	0.0	0.0	0.0	0.0	0.0	0.0	0.0	0.0	0.0	0.0	0.0	0.0	0.0
k__Bacteria.p__Bacteroidetes.c__Bacteroidia.o__Bacteroidales.f__Porphyromonadaceae.g__Porphyromonas	0.00297	0.00154	0	0	0.0	0.0	0.0	0.08654	0.0	0.0	0.0	0.00541	0.0	0.0	0	0.0	0.0	0.0	0	0	0.0	0.0	0.1729	0	0.10185	0	0.0	0.0	0.0	0.0	0.0	0.0	0.0	0	0	0	0.0	0.024	0.0	0.03142	0.17514	0	0.0	0	0.06106	0.1634	0	0.0	0.0	0	0.01506	0.0	0	0.0	0.0	0.0	0.0	0.0	0.02811	0.0	0	0.0	0.00372	2.34396	0.0	0.0	0.0	0.0	0.25219	3.18701	0.00833	0.0	0	0.03965	0	0	0	0.0
k__Bacteria.p__Bacteroidetes.c__Bacteroidia.o__Bacteroidales.f__Prevotellaceae.g__Alloprevotella	0.0	0.0	0	0	0.0	0.0	0.0	0.0309	0.0	0.0	0.0763	0.08707	0.0	0.0	0	0.0	0.0	0.0	0	0	0.0	0.0	0.0	0	0.0	0	0.0	0.03098	0.0	0.0	0.00501	0.0	0.0	0	0	0	0.0	0.0	0.00842	0.1556	0.0	0	0.0	0	0.0494	0.10874	0	0.49418	0.0	0	0.0	0.0	0	0.0	0.0	0.0	0.02011	0.0	0.0	0.0	0	0.0	0.0	0.3944	0.0	0.0	0.0	0.0	0.0	0.15712	0.01051	0.0	0	0.0	0	0	0	0.0
k__Bacteria.p__Bacteroidetes.c__Bacteroidia.o__Bacteroidales.f__Prevotellaceae.g__Prevotella	0.0	0.20387	0	0	0.0	0.0	0.4229	1.08968	0.13893	0.04266	0.30531	0.79215	0.0	0.00351	0	0.03254	0.0	0.0	0	0	0.09992	0.0305	0.04643	0	0.35954	0	0.0	0.00353	0.06433	0.02775	0.35512	0.40234	0.0	0	0	0	0.05518	1.92614	0.07384	1.06935	0.2035	0	0.03103	0	0.06453	0.08761	0	1.84456	0.14259	0	0.47956	0.002	0	0.01527	0.10344	0.02779	0.49493	0.1999	0.0	0.00455	0	0.42094	0.0	1.71075	2.61854	0.62771	0.80494	0.51593	0.16132	2.27037	0.2223	0.05362	0	0.0	0	0	0	0.24972
k__Bacteria.p__Bacteroidetes.c__Bacteroidia.o__Bacteroidales.f__Tannerellaceae.g__Parabacteroides	0.0	0.00769	0.0	0.0	0.0	0.0	0.0	0.0	0.0	0.0	0.0	0.0	0.0	0.0	0.0	0.0	0.0	0.0	0.0	0.0	0.0	0.0	0.0	0.0	0.0	0.0	0.0	0.0	0.0	0.0	0.0	0.0	0.0	0.0	0.0	0.0	0.0	0.0	0.0	0.0	0.0	0.0	0.0	0.0	0.0	0.0	0.0	0.0	0.0	0.0	0.0	0.0	0.0	0.0	0.0	0.0	0.0	0.0	0.0	0.0	0.0	0.0	0.0	0.0	0.0	0.0	0.0	0.0	0.0	0.0	0.0	0.0	0.0	0.0	0.0	0.0	0.0	0.0
k__Bacteria.p__Bacteroidetes.c__Bacteroidia.o__Bacteroidales.f__Tannerellaceae.g__Tannerella	0.0	0.0	0.0	0.0	0.0	0.0	0.0	0.00323	0.0	0.0	0.0	0.0	0.0	0.0	0.0	0.0	0.0	0.0	0.0	0.0	0.01694	0.00218	0.0	0.0	0.0	0.0	0.0	0.0	0.0	0.0	0.0	0.0	0.0	0.0	0.0	0.0	0.0	0.0	0.0	0.0	0.0	0.0	0.0	0.0	0.0	0.0	0.0	0.0	0.0	0.0	0.0	0.0	0.0	0.0	0.0	0.0	0.0	0.0	0.0	0.0	0.0	0.0	0.0	1.36449	0.0	0.0	0.0	0.0	0.0	0.45224	0.0	0.0	0.0	0.0	0.0	0.0	0.0	0.0
k__Bacteria.p__Bacteroidetes.c__Flavobacteriia.o__Flavobacteriales.f__Flavobacteriaceae.g__Capnocytophaga	0.20273	0.04628	0.0	0.0	0.0	0.0	0.0	0.0	0.07285	0.0	0.0	0.01374	0.0	0.0	0.0	0.0	0.0	0.0	0.0	0.0	0.0	0.0	0.0	0.0	0.01591	0.0	0.0	0.00792	0.0	0.0	0.09842	0.0	0.0	0.0	0.0	0.0	0.0	0.41407	0.0	0.01083	0.0	0.0	0.03748	0.0	0.01326	0.0301	0.0	0.01248	0.0	0.0	0.0	0.0	0.0	0.0	0.43158	0.07197	0.0	0.0	0.0	0.0	0.0	0.0	0.03518	3.90603	0.68156	0.42158	0.0	0.0	0.08565	1.51516	0.0	0.0	0.0	0.01145	0.0	0.0	0.0	0.0
k__Bacteria.p__Bacteroidetes.c__Flavobacteriia.o__Flavobacteriales.f__Flavobacteriaceae.g__Chryseobacterium	0.04848	0.10691	0.0	0.0	0.04583	0.25184	0.0	0.0135	0.01817	0.0	0.0	0.0	0.06961	0.1863	0.0	0.0	0.32356	0.00316	0.0	0.0	0.0	0.0	0.0	0.0	0.0	0.0	7.01527	2.73536	0.0	0.0	0.0	0.0	0.00807	0.0	0.0	0.0	0.01091	0.03542	0.0	0.0	0.0	0.0	0.0	0.0	0.0	0.0	0.0	0.0	0.0	0.0	0.00276	0.0	0.0	0.0	0.0	0.0	0.0	0.0	0.0	0.0	0.0	0.0	0.0	0.0	0.16359	0.0	0.07154	0.03793	0.11234	0.0	0.0	0.0	0.0	0.0	0.0	0.0	0.0	0.0
k__Bacteria.p__Bacteroidetes.c__Flavobacteriia.o__Flavobacteriales.f__Flavobacteriaceae.g__Cloacibacterium	0.03196	0.0	0.0	0.0	0.0	0.0	0.0	0.0	0.0	0.0	0.0	0.0113	0.0	0.0	0.0	0.02908	0.0	0.0	0.0	0.0	0.0	0.0	0.0	0.0	0.0	0.0	0.0	0.0	0.0	0.0	0.0	0.0	0.0	0.0	0.0	0.0	0.0	0.0	0.0	0.0	0.0	0.0	0.00852	0.0	0.0	0.0	0.0	0.0	0.0	0.0	0.0	0.0	0.0	0.0	0.0	0.0	0.0	0.0	0.0	0.0	0.0	0.0	0.0	0.0	0.0	0.0	0.04161	0.03306	0.01778	0.0	0.0	0.0	0.0	0.0	0.0	0.0	0.0	0.0
k__Bacteria.p__Bacteroidetes.c__Flavobacteriia.o__Flavobacteriales.f__Flavobacteriaceae.g__Elizabethkingia	0.0	0.0	0.0	0.0	0.0	0.0	0.0	0.0	0.0	0.0	0.0	0.0	0.0	0.0	0.0	0.0	0.0	0.0	0.0	0.0	0.0	0.0	0.0	0.0	0.0	0.0	2.85782	0.0	0.0	0.0	0.0	0.0	0.0	0.0	0.0	0.0	0.0	0.0	0.0	0.0	0.0	0.0	0.0	0.0	0.0	0.0	0.0	0.0	0.0	0.0	0.0	0.0	0.0	0.0	0.0	0.0	0.0	0.0	0.0	0.0	0.0	0.0	0.0	0.0	0.0	0.0	0.0	0.0	0.0	0.0	0.0	0.0	0.0	0.0	0.0	0.0	0.0	0.20066
k__Bacteria.p__Bacteroidetes.c__Sphingobacteriia.o__Sphingobacteriales.f__Sphingobacteriaceae.g__Sphingobacterium	0.0	0.0	0.0	0.0	0.0	0.0	0.0	0.0	0.0	0.0	0.0	0.0	0.0	0.0	0.0	0.0	0.0	0.0	0.0	0.0	0.0	0.0	0.0	0.0	0.0	0.0	0.0	0.00784	0.0	0.0	0.0	0.0	0.0	0.0	0.0	0.0	0.0	0.0	0.0	0.0	0.0	0.0	0.0	0.0	0.0	0.0	0.0	0.0	0.0	0.0	0.0	0.0	0.0	0.0	0.0	0.0	0.0	0.0	0.0	0.0	0.0	0.0	0.0	0.0	0.0	0.0	0.0	0.0	0.0	0.0	0.0	0.0	0.0	0.0	0.0	0.0	0.0	0.0
k__Bacteria.p__Chlamydiae.c__Chlamydiia.o__Chlamydiales.f__Chlamydiaceae.g__Chlamydia	0.0	0.0	0.0	0.0	0.0	0.0	0.0	0.0	0.0	0.0	0.0	0.0	0.0	0.0	0.0	0.01718	0.0	0.0	0.0	0.0	0.0	0.0	0.0	0.0	0.0	0.0	0.0	0.0	0.0	0.0	0.0	0.0	0.0	0.0	0.0	0.0	0.0	0.0	0.0	0.0	0.0	0.0	0.0	0.0	0.0	0.0	0.0	0.0	0.0	0.0	0.0	0.0	0.0	0.0	0.0	0.0	0.0	0.0	0.0	0.0	0.0	0.0	0.0	0.0	0.0	0.0	0.0	0.0	0.0	0.0	0.0	0.0	0.0	0.0	0.0	0.0	0.0	0.0
k__Bacteria.p__Cyanobacteria.c__Cyanobacteria_unclassified.o__Chroococcidiopsidales.f__Chroococcidiopsidaceae.g__Chroococcidiopsis	0.0	0.0	0.03811	0.0	0.0	0.0	0.0	0.0	0.0	0.0	0.0	0.0	0.0	0.0	0.0	0.0	0.0	0.0	0.0	0.0	0.0	0.0	0.0	0.0	0.0	0.0	0.0	0.0	0.0	0.0	0.0	0.0	0.0	0.0	0.0	0.0	0.0	0.0	0.0	0.0	0.0	0.0	0.0	0.0	0.0	0.0	0.0	0.0	0.0	0.0	0.0	0.0	0.0	0.0	0.0	0.0	0.0	0.0	0.0	0.0	0.0	0.0	0.0	0.0	0.0	0.0	0.0	0.0	0.0	0.0	0.0	0.0	0.0	0.0	0.0	0.0	0.0	0.0
k__Bacteria.p__Cyanobacteria.c__Cyanobacteria_unclassified.o__Nostocales.f__Tolypothrichaceae.g__Tolypothrix	0.0	0.0	0.0	0.0	0.0	0.0	0.0	0.0	0.0	0.0	0.0	0.0	0.0	0.0	0.0	0.0	0.00116	0.0	0.0	0.0	0.0	0.0	0.0	0.0	0.0	0.0	0.0	0.0	0.0	0.0	0.0	0.0	0.0	0.0	0.0	0.0	0.0	0.0	0.0	0.0	0.0	0.0	0.0	0.0	0.0	0.0	0.0	0.0	0.0	0.0	0.0	0.0	0.0	0.0	0.0	0.0	0.0	0.0	0.0	0.0	0.0	0.0	0.0	0.0	0.0	0.0	0.0	0.0	0.0	0.0	0.0	0.0	0.0	0.0	0.0	0.0	0.0	0.0
k__Bacteria.p__Cyanobacteria.c__Cyanobacteria_unclassified.o__Oscillatoriales.f__Microcoleaceae.g__Arthrospira	0.0	0.0	0.0	0.0	0.0	0.0	0.0	0.0	0.0	0.0	0.0	0.0	0.0	0.0	0.0	0.0	0.0	0.0	0.0	0.0	0.0	0.0	0.0	0.0	0.0	0.0	0.0	0.0	0.0	0.0	0.0	0.0	0.0	0.0	0.0	0.0	0.0	0.0	0.0	0.0	0.0	0.0	0.0	0.0	0.0	0.0	0.0	0.0	0.0	0.0	0.0	0.0	0.0	0.0	0.0	0.0	0.0	0.0	0.0	0.0	0.0	0.0	0.0	0.0	1.15588	0.0	0.0	0.0	0.0	0.0	0.0	0.0	0.0	0.0	0.0	0.0	0.0	0.0
k__Bacteria.p__Firmicutes.c__Bacilli.o__Bacillales.f__Bacillaceae.g__Bacillus	0.0	0.0	0.0	0.0	0.0	0.0	0.0	0.0	0.0	0.0	0.0	0.0	0.0	0.0	0.0	0.0	0.0	0.0	0.0	0.0	0.0	0.0	0.0	0.0	0.0	0.0	0.0	0.0	0.0	0.0	0.0	0.0	0.0	0.0	0.0	0.0	0.0	0.0	0.0	0.0	0.0	0.0	0.0	0.0	0.0	0.0	0.0	0.0	0.0	0.0	0.0	0.0	0.0	0.0	0.0	0.0	0.0	0.0	0.0	0.0	0.0	0.0	0.12698	0.02442	0.0	0.0	0.0	0.0	0.0	0.0	0.0	0.0	0.0	0.0	0.0	0.0	0.0	0.0
k__Bacteria.p__Firmicutes.c__Bacilli.o__Bacillales.f__Bacillales_unclassified.g__Exiguobacterium	0.0	0.0	0.0	0.0	0.0	0.0	0.0	0.0	0.0	0.0	0.0	0.0	0.0	0.0	0.0	0.0	0.0	0.0	0.0	0.0	0.0	0.0	0.0	0.0	0.0	0.0	0.0	0.0	0.0	0.0	0.0	0.0	0.0	0.0	0.0	0.0	0.0	0.0	0.0	0.0	0.0	0.0	0.0	0.0	0.0	0.0	0.0	0.0	0.0	0.0	0.0	0.0	0.0	0.0	0.0	0.0	0.0	0.0	0.0	0.0	0.0	0.0	0.0	0.0	0.0	0.0	0.06871	0.10266	0.0	0.0	0.0	0.0	0.0	0.0	0.0	0.0	0.0	0.0
k__Bacteria.p__Firmicutes.c__Bacilli.o__Bacillales.f__Bacillales_unclassified.g__Gemella	0.10642	0.0	0.08521	0.27527	0.0	0.0	0.65768	1.50679	0.30231	0.10202	0.22268	0.31846	0.16344	0.17428	0.0	0.53207	0.01109	0.0	0.0	0.0	0.26874	0.21199	1.22278	0.07305	0.12006	0.0	0.25041	0.08496	0.37608	0.62029	4.93522	0.4954	0.08108	0.0	0.04592	0.0	0.1346	0.58821	1.44968	2.11155	1.49438	0.0	2.05403	0.0	0.09692	0.3478	0.0	0.35145	0.12739	0.11071	0.12602	0.08297	0.0	0.0	0.13839	0.1098	0.63477	0.38259	0.16972	0.03814	0.0	0.04804	0.08125	1.64615	1.11642	0.44776	0.0	0.01807	0.14221	1.95743	0.0	0.0	0.0154	0.01763	0.2268	0.0	0.04009	0.02761
k__Bacteria.p__Firmicutes.c__Bacilli.o__Bacillales.f__Staphylococcaceae.g__Staphylococcus	13.23908	15.13036	3.63057	7.40809	4.82454	6.24761	11.05594	6.09205	20.48271	14.4128	12.13435	6.10918	9.0524	6.32496	10.98704	7.42826	1.79182	3.33746	13.64021	18.94003	5.53833	5.91099	1.41372	0.78116	3.95693	2.80821	2.72441	1.14776	5.35222	4.51783	1.72259	3.83219	3.16391	13.72169	2.16821	2.98468	9.66493	6.17666	7.84695	6.45507	13.00363	33.80675	13.30024	11.61433	3.92127	5.00744	2.19413	2.03095	4.33026	14.29455	1.72187	1.92551	2.7393	3.83725	0.64408	0.27138	20.75178	2.72948	10.2697	5.17504	6.84026	14.8786	2.88786	0.7712	7.69	29.48448	0.32662	0.31574	3.84575	2.93968	1.31394	4.65733	1.44034	1.22783	1.30072	1.5214	42.77435	24.11921
k__Bacteria.p__Firmicutes.c__Bacilli.o__Lactobacillales.f__Aerococcaceae.g__Abiotrophia	0.0	0.0	0.0	0.0	0.0	0.0	0.0	0.07629	0.0	0.0	0.0	0.0	0.0	0.0	0.0	0.0	0.0	0.0	0.0	0.0	0.0	0.0	0.0	0.0	0.0	0.0	0.0	0.0	0.0	0.0	0.0	0.0	0.0	0.0	0.0	0.0	0.0	0.0	0.0	0.01871	0.0	0.0	0.0	0.0	0.01062	0.02706	0.0	0.0	0.0	0.0	0.0	0.0	0.0	0.0	0.0	0.0	0.0	0.0	0.0	0.0	0.0	0.0	0.0	0.02777	0.0	0.0	0.0	0.0	0.0	0.44413	0.0	0.0	0.0	0.0	0.0	0.0	0.0	0.0
k__Bacteria.p__Firmicutes.c__Bacilli.o__Lactobacillales.f__Aerococcaceae.g__Aerococcus	0.0	0.0	0.0	0.0	0.0	0.0	0.0	0.0	0.0	0.0	0.0	0.0	0.0	0.0	0.0	0.0	0.0	0.0	0.0	0.0	0.0	0.0	0.0	0.0	0.0	0.0	0.0	0.05136	0.0	0.0	0.0	0.0	0.0	0.0	0.0	0.0	0.0	0.0	0.0	0.0	0.0	0.0	0.0	0.0	0.0	0.0	0.0	0.0	0.0	0.0	0.0	0.0	0.0	0.0	0.0	0.0	0.0	0.0	0.0	0.0	0.0	0.0	0.0	0.0	0.0	0.0	0.0	0.0	0.0	0.0	0.0	0.0	0.0	0.0	0.0	0.0	0.0	0.0
k__Bacteria.p__Firmicutes.c__Bacilli.o__Lactobacillales.f__Carnobacteriaceae.g__Dolosigranulum	0.0	0.0	0.0	0.0	0.0	0.0	0.28206	0.10501	0.0	0.0	0.0	0.0	0.0	0.0	0.0	0.0	0.0	0.0	0.11892	0.08199	0.36042	0.32869	0.0	0.0	0.0	0.0	0.0	0.0	0.0	0.0	0.01959	2.22264	0.0	0.0	0.0	0.0	0.0	0.0	0.0	0.0	0.0	0.0	0.0	0.0	0.0	0.0	0.0	0.0	0.0	0.0	0.0	0.0	0.0	0.0	0.0	0.0	0.2649	0.40822	0.0	0.0	0.0	0.0	0.0	0.0	0.0	0.0	0.0	0.0	0.0	0.0	0.0	0.0	0.0	0.0	0.0	0.0	0.0	0.0
k__Bacteria.p__Firmicutes.c__Bacilli.o__Lactobacillales.f__Carnobacteriaceae.g__Granulicatella	0.0	0.0	0.0	0.0	0.0	0.0	0.06342	0.26293	0.0	0.0	0.0	0.0	0.0	0.0	0.0	0.0	0.0	0.0	0.0	0.0	0.00344	0.0	0.10763	0.0	0.0	0.0	0.0	0.0	0.0	0.0	0.41839	0.0	0.0	0.0	0.0	0.0	0.0	0.0	0.9259	1.53979	0.0	0.0	0.0	0.0	0.04363	0.21306	0.0	0.0	0.04062	0.0	0.0	0.0	0.0	0.0	0.0	0.0	0.0	0.0	0.0	0.0	0.0	0.00538	0.0	0.19558	0.0	0.0	0.0	0.0	0.03865	0.84454	0.0	0.0	0.0	0.0	0.0	0.0	0.0	0.0
k__Bacteria.p__Firmicutes.c__Bacilli.o__Lactobacillales.f__Enterococcaceae.g__Enterococcus	0.05006	0.0	0.0	0.0	0.0	0.0	0.0	0.0	0.0	0.0	0.0	0.0	0.0	0.0	0.0	0.0	0.0	0.0	0.0	0.0	0.0	0.0	0.0	0.0	0.0	0.0	0.0	0.0	0.0	0.0	0.0	0.0	0.0	0.0	0.0	0.0	0.0	0.0	0.0	0.0	0.0	0.0	0.0	0.0	0.0	0.0	0.0	0.0	0.0	0.0	0.0	0.0	0.0	0.0	0.0	0.0	0.0	0.05923	0.0	0.0	0.0	0.0	0.0	0.0	0.0	0.0	0.0	0.0	0.0	0.0	0.0	0.0	0.0	0.0	0.0	0.0	0.0	0.0
k__Bacteria.p__Firmicutes.c__Bacilli.o__Lactobacillales.f__Lactobacillaceae.g__Lactobacillus	0.03725	0.15818	0.0	0.18618	1.40875	0.04729	2.01904	6.04404	0.21637	0.35298	0.09154	0.32119	0.0	0.02507	0.0	0.0	0.0	0.0	0.0	0.0	0.0	0.0	0.0	0.0	0.0	0.0	0.71046	0.73111	0.0	0.0	0.0	0.0	0.29845	0.09485	0.01696	0.10449	0.0	0.0	0.0295	0.0	0.37055	0.95845	0.0	0.0	0.0	0.0	0.0	0.0	0.10144	0.0	1.63637	0.07327	0.0	0.0	0.0	0.0	0.39957	0.0	0.0	0.0	0.0	0.01883	0.0	0.0	0.0	0.0	0.0	0.0	0.0	0.1975	0.0	0.0	0.0	0.0	0.0	0.0	0.0	0.0
k__Bacteria.p__Firmicutes.c__Bacilli.o__Lactobacillales.f__Leuconostocaceae.g__Leuconostoc	0.0	0.0	0.0	0.0	0.0	0.0	2.35634	0.0	0.0	0.0	0.0	0.0	0.0	0.0	0.0	0.0	0.0	0.0	0.0	0.0	0.0	0.0	0.0	0.0	0.0	0.0	0.0	0.0	0.0	0.0	0.0	0.0	0.0	0.0	0.0	0.0	0.0	0.0	0.0	0.0	0.0	0.0	0.0	0.0	0.0	0.0	0.0	0.0	0.0	0.0	0.0	0.0	0.0	0.0	0.0	0.0	0.0	0.0	0.0	0.0	0	0.0	0.0	0.0	0.0	0.0	0.0	0.0	0.0	0.0	0.0	0.0	0.0	0.0	0.0	0.0	0.0	0.0
k__Bacteria.p__Firmicutes.c__Bacilli.o__Lactobacillales.f__Leuconostocaceae.g__Weissella	0.0	0.0	0.0	0.0	0.0	0.0	0.75113	0.0	0.0	0.0	0.0	0.0	0.0	0.0	0.0	0.0	0.0	0.0	0.0	0.0	0.0	0.0	0.0	0.0	0.0	0.0	0.0	0.0	0.0	0.0	0.0	0.0	0.0	0.0	0.0	0.0	0.0	0.0	0.0	0.0	0.0	0.0	0.0	0.0	0.0	0.0	0.0	0.0	0.0	0.0	0.0	0.0	0.0	0.0	0.0	0.0	0.0	0.0	0.0	0.0	0	0.0	0.0	0.0	0.0	0.0	0.0	0.0	0.0	0.0	0.0	0.0	0.0	0.0	0.0	0.0	0.0	0.0
k__Bacteria.p__Firmicutes.c__Bacilli.o__Lactobacillales.f__Streptococcaceae.g__Streptococcus	0.73573	0.56269	0.52978	0.57225	0.0	0.0	2.64029	4.66934	1.21272	1.05606	1.61608	1.33808	0.42265	1.73958	1.246	1.51801	0.69004	0.15873	1.90259	1.36936	1.88322	1.38469	2.74848	0.98538	3.70115	0.44131	1.05991	0.95452	1.45243	3.30718	23.9119	4.92422	0.24515	0.43653	0.82745	0.91981	0.70025	4.04901	10.69998	15.36104	16.4986	1.46945	19.75193	1.02548	1.14797	2.30802	0.23492	4.26662	2.28641	1.20997	1.71264	1.14909	0.00151	0.00515	1.76121	0.76814	11.24328	9.00815	0.55447	0.11638	0	0.41483	0.62841	9.2956	8.27091	5.36601	0.2986	0.37357	2.21948	12.18176	0.19194	0.01029	0.24399	0.6574	0.74067	0.10824	0.16258	0.88702
k__Bacteria.p__Firmicutes.c__Clostridia.o__Clostridiales.f__Clostridiales_Family_XIII_Incertae_Sedis.g__Clostridiales_Family_XIII_Incertae_Sedis_unclassified	0.0	0.0	0.0	0.0	0	0	0.0	0.0	0.0	0.0	0.0	0.0	0.0	0.0	0.0	0.0	0.0	0.0	0.0	0.0	0.0	0.0	0.0	0.0	0.0	0.0	0.0	0.0	0.00982	0.0	0.0	0.0	0.0	0.0	0.0	0.0	0.0	0.0	0.0	0.0	0.0	0.0	0.0	0.0	0.0	0.0	0.0	0.2072	0.0	0.0	0.0	0.0	0.0	0.0	0.0	0.0	0.01975	0.0	0.0	0.0	0	0.0	0.0	0.0	0.0	0.0	0.0	0.0	0.0	0.5592	0.0	0.0	0.0	0.0	0.0	0.0	0.0	0.0
k__Bacteria.p__Firmicutes.c__Clostridia.o__Clostridiales.f__Clostridiales_Family_XIII_Incertae_Sedis.g__Mogibacterium	0.0	0.0	0.0	0.0	0	0	0.0	0.0	0.0	0.0	0.0	0.0	0.0	0.0	0.0	0.0	0.0	0.0	0.0	0.0	0.0	0.0	0.0	0.0	0.0	0.0	0.0	0.0	0.0	0.0	0.0	0.0	0.0	0.0	0.0	0.0	0.0	0.00433	0.0	0.0	0.0	0.0	0.0	0.0	0.0	0.0	0.0	0.0	0.0	0.0	0.0	0.0	0.0	0.0	0.0	0.0	0.0	0.0	0.0	0.0	0	0.0	0.0	0.0	0.0	0.0	0.0	0.0	0.0	0.0	0.0	0.0	0.0	0.0	0.0	0.0	0.0	0.0
k__Bacteria.p__Firmicutes.c__Clostridia.o__Clostridiales.f__Lachnospiraceae.g__Blautia	0.03717	0.21208	0.0	0.0	0	0	0.0	0.0	0.0	0.0	0.0	0.0	0.0	0.0	0.0	0.0	0.0	0.0	0.0	0.0	0.0	0.0	0.0	0.0	0.0	0.0	0.0	0.0	0.0	0.0	0.0	0.0	0.0	0.0	0.0	0.0	0.0	0.0	0.0	0.0	0.0	0.0	0.0	0.0	0.0	0.0	0.0	0.0	0.0	0.0	0.0	0.0	0.0	0.0	0.0	0.0	0.0	0.0	0.0	0.0	0	0.0	0.0	0.0	0.0	0.0	0.0	0.0	0.0	0.0	0.0	0.0	0.0	0.0	0.0	0.0	0.0	0.0
k__Bacteria.p__Firmicutes.c__Clostridia.o__Clostridiales.f__Lachnospiraceae.g__Catonella	0.0	0.0	0	0	0	0	0	0	0	0	0	0.0	0	0	0	0	0	0	0	0	0	0	0	0	0	0	0	0	0	0	0	0	0	0	0	0	0	0	0	0	0	0	0	0	0	0	0	0	0	0	0	0	0	0	0	0	0	0.0	0	0	0	0	0	0.0	0.0	0.0	0	0.0	0	0.02688	0	0	0	0	0	0	0	0
k__Bacteria.p__Firmicutes.c__Clostridia.o__Clostridiales.f__Lachnospiraceae.g__Lachnoanaerobaculum	0.0	0.0	0	0	0	0	0	0	0	0	0	0.0	0	0	0	0	0	0	0	0	0	0	0	0	0	0	0	0	0	0	0	0	0	0	0	0	0	0	0	0	0	0	0	0	0	0	0	0	0	0	0	0	0	0	0	0	0	0.0	0	0	0	0	0	0.11178	0.16676	0.16178	0	0.0	0	0.0	0	0	0	0	0	0	0	0
k__Bacteria.p__Firmicutes.c__Clostridia.o__Clostridiales.f__Lachnospiraceae.g__Oribacterium	0.0	0.0	0	0	0	0	0	0	0	0	0	0.0	0	0	0	0	0	0	0	0	0	0	0	0	0	0	0	0	0	0	0	0	0	0	0	0	0	0	0	0	0	0	0	0	0	0	0	0	0	0	0	0	0	0	0	0	0	0.11217	0	0	0	0	0	0.0	0.0	0.0	0	0.0	0	0.0	0	0	0	0	0	0	0	0
k__Bacteria.p__Firmicutes.c__Clostridia.o__Clostridiales.f__Lachnospiraceae.g__Stomatobaculum	0.0	0.0	0	0	0	0	0	0	0	0	0	0.0	0	0	0	0	0	0	0	0	0	0	0	0	0	0	0	0	0	0	0	0	0	0	0	0	0	0	0	0	0	0	0	0	0	0	0	0	0	0	0	0	0	0	0	0	0	0.0	0	0	0	0	0	0.0	0.0089	0.0	0	0.0	0	0.0	0	0	0	0	0	0	0	0
k__Bacteria.p__Firmicutes.c__Clostridia.o__Clostridiales.f__Peptostreptococcaceae.g__Filifactor	0.0	0.0	0	0	0	0	0	0	0	0	0	0.0	0	0	0	0	0	0	0	0	0	0	0	0	0	0	0	0	0	0	0	0	0	0	0	0	0	0	0	0	0	0	0	0	0	0	0	0	0	0	0	0	0	0	0	0	0	0.0	0	0	0	0	0	0.0	0.0	0.0	0	0.0	0	0.12196	0	0	0	0	0	0	0	0
k__Bacteria.p__Firmicutes.c__Clostridia.o__Clostridiales.f__Peptostreptococcaceae.g__Peptostreptococcus	0.0	0.0	0	0	0	0	0	0	0	0	0	0.04778	0	0	0	0	0	0	0	0	0	0	0	0	0	0	0	0	0	0	0	0	0	0	0	0	0	0	0	0	0	0	0	0	0	0	0	0	0	0	0	0	0	0	0	0	0	0.0	0	0	0	0	0	0.04889	0.0	0.0	0	0.01955	0	0.01852	0	0	0	0	0	0	0	0
k__Bacteria.p__Firmicutes.c__Clostridia.o__Clostridiales.f__Ruminococcaceae.g__Ruminococcus	0.0	0	0	0	0	0	0.0	0.0	0.0	0	0.0	0.00647	0.0	0.0	0	0.0	0.0	0	0.0	0.0	0.0	0.0	0.0	0	0.0	0	0	0.0	0.0	0	0.0	0.0	0	0	0.0	0	0.0	0.0	0.0	0.0	0.0	0	0	0	0.0	0.0	0	0.0	0.0	0.0	0.0	0.0	0	0	0.0	0.0	0.0	0.0	0	0	0	0.0	0	0.0	0.0	0.0	0.0	0.0	0	0.0	0.0	0	0	0	0.0	0	0	0.0
k__Bacteria.p__Firmicutes.c__Erysipelotrichia.o__Erysipelotrichales.f__Erysipelotrichaceae.g__Solobacterium	0.0	0	0	0	0	0	0.0	0.0	0.0	0	0.0	0.0	0.0	0.0	0	0.0	0.0	0	0.0	0.0	0.0	0.0	0.0	0	0.0	0	0	0.0	0.0	0	0.0	0.0	0	0	0.0	0	0.0	0.0	0.0	0.0	0.0	0	0	0	0.0	0.0	0	0.0	0.0	0.0	0.0	0.0	0	0	0.0	0.0	0.0	0.0	0	0	0	0.0	0	0.08225	0.0	0.0	0.0	0.0	0	0.0	0.0	0	0	0	0.0	0	0	0.0
k__Bacteria.p__Firmicutes.c__Negativicutes.o__Acidaminococcales.f__Acidaminococcaceae.g__Acidaminococcus	0.0	0	0	0	0	0	0.0	0.05876	0.0	0	0.0	0.0	0.0	0.0	0	0.0	0.0	0	0.0	0.0	0.0	0.0	0.0	0	0.0	0	0	0.0	0.0	0	0.0	0.0	0	0	0.0	0	0.0	0.0	0.0	0.0	0.0	0	0	0	0.0	0.0	0	0.0	0.0	0.0	0.0	0.0	0	0	0.0	0.0	0.0	0.0	0	0	0	0.0	0	0.0	0.0	0.0	0.0	0.0	0	0.0	0.0	0	0	0	0.0	0	0	0.0
k__Bacteria.p__Firmicutes.c__Negativicutes.o__Selenomonadales.f__Selenomonadaceae.g__Selenomonas	0.0	0	0	0.0	0.0	0.0	0.0	0.0	0.0	0.0	0.0	0.0	0.0	0.0	0.0	0.0	0.0	0.0	0.0	0.0	0.0	0.0	0.0	0	0.0	0	0	0.0	0.0	0	0.0	0.0	0	0	0.0	0.0	0.0	0.0	0.0	0.0	0.0	0	0	0	0.0	0.0	0.0	0.0	0.0	0.0	0.0	0.0	0.0	0.0	0.02314	0.0	0.0	0.0	0.0	0.0	0	0.0	0.0	0.3313	0.0	0.0	0.0	0.0	0	0.0143	0.0	0.0	0	0.0	0.0	0.0	0	0.0
k__Bacteria.p__Firmicutes.c__Negativicutes.o__Veillonellales.f__Veillonellaceae.g__Negativicoccus	0.0	0	0	0.0	0.0	0.0	0.0	0.0	0.0	0.0	0.0	0.0	0.0	0.0	0.0	0.0	0.0	0.0	0.0	0.0	0.0	0.0	0.0	0	0.0	0	0	0.0	0.0	0	0.0	0.0	0	0	0.0	0.0	0.0	0.0	0.0	0.0	0.0	0	0	0	0.0	0.0	0.0	0.0	0.0	0.0	0.0	0.0	0.0	0.0	0.0	0.0	0.0	0.0	0.0	0.0	0	0.0	0.0	0.0	0.0	0.0	0.0	0.0	0	0.0	0.02594	0.0	0	0.0	0.0	0.0	0	0.0
k__Bacteria.p__Firmicutes.c__Negativicutes.o__Veillonellales.f__Veillonellaceae.g__Veillonella	0.07858	0	0	0.0	0.0	0.0	0.25269	0.96231	0.01057	0.0	0.00587	0.01713	0.08771	0.14754	0.0	0.02564	0.12905	0.0	0.2512	0.13383	0.51709	0.38646	0.03872	0	0.32418	0	0	0.08248	0.03532	0	0.38427	0.55642	0	0	0.02094	0.0	0.28052	0.64981	0.29452	1.42982	1.11027	0	0	0	0.06329	0.23608	0.0	1.52343	0.69599	0.25776	0.37761	0.075	0.0	0.0	0.24305	0.05682	1.1429	0.54323	0.0	0.0	0	0.024	0.0	1.30739	3.16124	3.16162	0.0	0.0	0	0.48788	0.0	0.0	0	0.0	0.0172	0.0	0	0.17367
k__Bacteria.p__Firmicutes.c__Negativicutes.o__Veillonellales.f__Veillonellaceae.g__Veillonellaceae_unclassified	0.0	0	0	0.0	0.0	0.0	0.0	0.0	0.0	0.0	0.0	0.0	0.0	0.0	0.0	0.0	0.0	0.0	0.0	0.0	0.0	0.0	0.0	0	0.0	0	0	0.0	0.0	0	0.0	0.0	0	0	0.0	0.0	0.0	0.0	0.0	0.0	0.0	0	0	0	0.0	0.0	0.0	0.0	0.0	0.0	0.0	0.0	0.0	0.0	0.0	0.0	0.0	0.0	0.0	0.0	0	0.0	0.0	0.0	0.0	0.0	0.057	0.00982	0	0.0	0.0	0.0	0	0.0	0.0	0.0	0	0.0
k__Bacteria.p__Firmicutes.c__Tissierellia.o__Tissierellales.f__Peptoniphilaceae.g__Anaerococcus	0.0	0	0	0.0	0.05972	0.03398	0.0	0.0	0.0	0.0	0.08976	0.52386	0.0	0.0	0.0	0.0	0.0	0.0	0.0	0.0	0.06891	0.04478	0.0	0	0.0	0	0	0.0	0.0	0	0.00422	0.00256	0	0	0.0	0.02625	0.0	0.0	0.0	0.0	0.0	0	0	0	0.0	0.0	0.0	0.0	0.0	0.0	0.0	0.00687	0.0	0.02119	0.0	0.0	0.0	0.0	0.06981	0.28222	0	0.1761	0.0	0.0	0.43944	0.01981	0.00688	0.0	0	0.0	0.0	0.0869	0	0.0	0.00645	0.01904	0	0.0
k__Bacteria.p__Firmicutes.c__Tissierellia.o__Tissierellales.f__Peptoniphilaceae.g__Finegoldia	0.80483	0	0	0.01335	0.06403	0.0138	0.0	0.0	0.2725	0.30944	0.14372	0.28753	0.01262	0.00255	0.02284	0.04037	0.04905	0.00515	0.0	0.0	0.13026	0.09138	0.05665	0	0.0	0	0	0.0	0.0	0	0.56999	1.11872	0	0	0.07813	0.01881	0.0	0.01722	0.0	0.0	0.0	0	0	0	0.00872	0.04442	0.06429	0.02265	0.05688	0.0	0.04124	0.02752	0.00696	0.03513	0.26426	0.10897	0.11384	0.09784	0.09912	0.19789	0	0.78836	0.06552	0.0	0.0466	0.0	0.57336	0.29559	0	0.0	0.11706	0.36349	0	0.00294	0.35234	0.01507	0	0.00125
k__Bacteria.p__Firmicutes.c__Tissierellia.o__Tissierellales.f__Peptoniphilaceae.g__Parvimonas	0.0	0	0	0.0	0.0	0.0	0.0	0.04046	0.0	0.0	0.0	0.0	0.0	0.0	0.0	0.0	0.0	0.0	0.0	0.0	0.0	0.0	0.0	0	0.0	0	0	0.0	0.0	0	0.0	0.0	0	0	0.0	0.0	0.0	0.0	0.0	0.0	0.0	0	0	0	0.0	0.0	0.0	0.0	0.0	0.0	0.0	0.0	0.0	0.0	0.0	0.0	0.0	0.0	0.0	0.0	0	0.0	0.0	0.0	0.0	0.0	0.0	0.0	0	0.0	0.0	0.0	0	0.0	0.0	0.0	0	0.0
k__Bacteria.p__Firmicutes.c__Tissierellia.o__Tissierellales.f__Peptoniphilaceae.g__Peptoniphilus	0.0	0	0	0.0	0.0	0.0	0.0	0.0	0.0	0.0	0.0	0.11184	0.0	0.0	0.0	0.0	0.0	0.0	0.0	0.0	0.0	0.0	0.0	0	0.0	0	0	0.0	0.0	0	0.13999	0.21479	0	0	0.0	0.0	0.0	0.0	0.0	0.0	0.0	0	0	0	0.0	0.0	0.0	0.0	0.0	0.0	0.0	0.0	0.0	0.0	0.0	0.0	0.0	0.0	0.0	0.0	0	0.10294	0.0	0.0	0.0	0.0	0.00681	0.01509	0	0.0	0.0	0.0	0	0.0	0.0	0.0	0	0.0
k__Bacteria.p__Firmicutes.c__Tissierellia.o__Tissierellia_unclassified.f__Tissierellia_unclassified.g__Tissierellia_unclassified	0.0	0	0	0.0	0.0	0.0	0.0	0.0	0.0	0.0	0.0	0.0	0.0	0.0	0.0	0.0	0.0	0.0	0.0	0.0	0.0	0.0	0.0	0	0.0	0	0	0.0	0.0	0	0.0	0.0	0	0	0.0	0.0	0.0	0.0	0.0	0.0	0.0	0	0	0	0.0	0.0	0.0	0.0	0.0	0.0	0.0	0.0	0.02887	0.0273	0.0	0.0	0.0	0.0	0.0	0.0	0	0.0	0.0	0.0	0.0	0.0	0.0	0.0	0	0.0	0.0	0.0	0	0.0	0.0	0.0	0	0.0
k__Bacteria.p__Fusobacteria.c__Fusobacteriia.o__Fusobacteriales.f__Fusobacteriaceae.g__Fusobacterium	0.0	0	0	0.0	0.0	0.0	0.05743	0.04349	0.0	0.0	0.00694	0.00467	0.0	0.0	0.0	0.0	0.0	0.0	0.0	0.0	0.0	0.00387	0.0	0	0.0202	0	0	0.0	0.0	0	0.0	0.0	0	0	0.0	0.0	0.0	0.0	0.0	0.08346	0.0	0	0	0	0.0	0.06591	0.0	0.0	0.0	0.0	0.0	0.0	0.0	0.0	0.0	0.0	0.0	0.0	0.06711	0.0	0	0.0	0.0	0.18615	0.0	0.0	0.0	0.0	0	0.15761	0.0	0.0	0	0.0	0.0	0.0	0	0.0
k__Bacteria.p__Fusobacteria.c__Fusobacteriia.o__Fusobacteriales.f__Leptotrichiaceae.g__Leptotrichia	0.0	0	0	0.0	0.0	0.0	0.0	0.02952	0.0	0.0	0.0	0.0	0.0	0.0	0.0	0.0	0.0	0.0	0.0	0.0	0.0606	0.07919	0.0	0	0.0	0	0	0.0	0.0	0	0.0	0.0	0	0	0.0	0.0	0.0	0.0	0.0	0.01813	0.0	0	0	0	0.0	0.01954	0.0	0.0	0.0	0.0	0.0	0.0	0.0	0.0	0.0	0.0	0.0	0.0	0.0	0.0	0	0.0	0.0	0.57171	0.17635	0.20404	0.0	0.0	0	0.24859	0.0	0.0	0	0.0	0.0	0.0	0	0.0
k__Bacteria.p__Planctomycetes.c__Planctomycetia.o__Planctomycetales.f__Isosphaeraceae.g__Paludisphaera	0.0	0.0	0.0	0.0	0.0	0.0	0.0	0.0	0.0	0.0	0.0	0.0	0.0	0.0	0.0	0.0	0.00193	0.0039	0.0	0.0	0.0	0.0	0.0	0.0	0.0	0.0	0.0	0.0	0.0	0.0	0.0	0.0	0.0	0.0	0.0	0.0	0.0	0.0	0.0	0.0	0.0	0.0	0.0	0.0	0.0	0.0	0.0	0.0	0.0	0.0	0.0	0.0	0.0	0.0	0.0	0.0	0.0	0.0	0.0	0.0	0.0	0.0	0.0	0.0	0.0	0.0	0.0	0.0	0.0	0.0	0.0	0.0	0.0	0.0	0.0	0.0	0.0	0.0
k__Bacteria.p__Proteobacteria.c__Alphaproteobacteria.o__Caulobacterales.f__Caulobacteraceae.g__Brevundimonas	0.0	0.0	0.0	0.0	0.21899	0.13414	0.0	0.0	0.0	0.0	0.0	0.0	0.0	0.0	0.0	0.13776	0.74698	0.26289	0.0	0.0	0.0	0.0	0.0	0.0	0.0	0.0	0.94646	1.04502	0.0	0.0	0.0	0.0	0.0	0.0	0.0	0.0	0.0	0.0	0.0	0.04724	0.0	0.0	0.0	0.0	0.0	0.0	0.0055	0.0	0.0	0.0	0.0	0.0	0.0	0.00223	0.0	0.0	0.47878	0.58346	0.0	0.10049	0.0	0.0	0.0	0.0	0.0	0.0	0.0	0.0	0.0	0.0	0.0	0.0	0.0	0.0	0.0	0.0	0.01144	0.0707
k__Bacteria.p__Proteobacteria.c__Alphaproteobacteria.o__Rhizobiales.f__Aurantimonadaceae.g__Aureimonas	0.0	0.0	0.0	0.0	0.0	0.0	0.0	0.0	0.0	0.0	0.0	0.0	0.0	0.0	0.0	0.0	0.0	0.0	0.0	0.0	0.0	0.0	0.0	0.0	0.0	0.0	0.0	0.0	0.0	0.0	0.0	0.0	0.0	0.0	0.0	0.0	0.0	0.0	0.0	0.0	0.0	0.0	0.0	0.0	0.0	0.0	0.0	0.0	0.0	0.0	0.0	0.0	0.0	0.0	0.0	0.0	0.0	0.0	0.12978	0.41467	0.0	0.0	0.0	0.0	0.0	0.0	0.0	0.0	0.0	0.0	0.0	0.0	0.0	0.0	0.0	0.0	0.0	0.0
k__Bacteria.p__Proteobacteria.c__Alphaproteobacteria.o__Rhizobiales.f__Bradyrhizobiaceae.g__Bosea	0.0	0.0	0.0	0.0	0.0	0.0	0.0	0.0	0.0	0.0	0.0	0.0	0.0	0.0	0.0	0.0	0.01977	0.0	0.0	0.0	0.0	0.0	0.0	0.0	0.0	0.0	0.0	0.0	0.0	0.0	0.0	0.0	0.0	0.0	0.0	0.0	0.0	0.0	0.0	0.0	0.0	0.0	0.0	0.0	0.0	0.0	0.0	0.0	0.0	0.0	0.0	0.0	0.0	0.0	0.0	0.0	0.0	0.0	0.0	0.0	0.0	0.0	0.0	0.0	0.0	0.0	0.0	0.0	0.0	0.0	0.0	0.0	0.0	0.0	0.0	0.0	0.0	0.0
k__Bacteria.p__Proteobacteria.c__Alphaproteobacteria.o__Rhizobiales.f__Brucellaceae.g__Ochrobactrum	0.0	0.0	0.0	0.0	0.0	0.0	0.0	0.0	0.0	0.0	0.0	0.0	0.0	0.0	0.0	0.0	0.0	0.0	0.0	0.0	0.0	0.0	0.0	0.0	0.0	0.0	0.0	0.0	0.0	0.0	0.0	0.0	0.0	0.0	0.0	0.0	0.0	0.0	0.0	0.0	0.0	0.0	0.0	0.0	0.0	0.0	0.0	0.0	0.0	0.0	0.0	0.0	0.0	0.0	0.0	0.0	0.0	0.0	0.0	0.0	0.0	0.0	0.0	0.0	0.0	0.0	0.0	0.0	0.01801	0.0	0.0	0.0	0.0	0.0	0.0	0.0	0.0	0.0
k__Bacteria.p__Proteobacteria.c__Alphaproteobacteria.o__Rhizobiales.f__Hyphomicrobiaceae.g__Dichotomicrobium	0.0	0.0	0.0	0.0	0.0	0.0	0.0	0.0	0.0	0.0	0.0	0.0	0.0	0.0	0.0	0.0	0.00191	0.0	0.0	0.0	0.0	0.0	0.0	0.0	0.0	0.0	0.0	0.0	0.0	0.0	0.0	0.0	0.0	0.0	0.0	0.0	0.0	0.0	0.0	0.0	0.0	0.0	0.0	0.0	0.0	0.0	0.0	0.0	0.0	0.0	0.0	0.0	0.0	0.0	0.0	0.0	0.0	0.0	0.0	0.0	0.0	0.0	0.0	0.0	0.0	0.0	0.0	0.0	0.0	0.0	0.0	0.0	0.0	0.0	0.0	0.0	0.0	0.0
k__Bacteria.p__Proteobacteria.c__Alphaproteobacteria.o__Rhizobiales.f__Methylobacteriaceae.g__Methylobacterium	0.0	0.0	0.0	0.0	0.01896	0.0	0.0	0.0	0.0	0.0	0.0	0.0	0.0	0.0	0.0	0.0	0.00307	0.0	0.0	0.0	0.0	0.0	0.0	0.0	0.0	0.0	0.0	0.0	0.0	0.0	0.0	0.0	0.0	0.0	0.0	0.0	0.0	0.0	0.0	0.0	0.0	0.0	0.0	0.0	0.0	0.0	0.0	0.0	0.03073	0.0	0.0	0.0	0.0	0.0	0.0	0.0	0.31346	0.48228	0.0	0.0	0.0	0.0	0.0	0.0	0.0	0.0	0.0	0.0	0.0	0.0	0.0	0.0	0.0	0.0	0.0	0.0	0.0	0.0
k__Bacteria.p__Proteobacteria.c__Alphaproteobacteria.o__Rhizobiales.f__Methylobacteriaceae.g__Methylorubrum	0.0	0.0	0.0	0.0	0.02698	0.07257	0.0	0.0	0.0	0.0	0.0	0.0	0.0	0.0	0.0	0.0	0.0	0.0	0.0	0.0	0.0	0.0	0.0	0.0	0.0	0.0	0.0	0.0	0.0	0.0	0.0	0.0	0.0	0.0	0.0	0.0	0.0	0.0	0.0	0.0	0.0	0.0	0.0	0.0	0.0	0.0	0.33049	0.24783	0.15794	0.05674	0.04643	0.02564	0.01145	0.01472	0.06238	0.00448	2.4281	12.91098	0.0	0.0	0.0	0.0	0.0	0.0	0.0	0.0	0.0	0.0	0.0	0.0	0.0	0.0	0.0	0.0	0.0	0.0	0.0	0.0
k__Bacteria.p__Proteobacteria.c__Alphaproteobacteria.o__Rhizobiales.f__Rhizobiaceae.g__Rhizobium	0.0	0.0	0.0	0.0	0.0	0.0	0.0	0.0	0.0	0.0	0.0	0.0	0.0	0.0	0.0	0.0	0.0	0.0	0.0	0.0	0.0	0.0	0.0	0.0	0.0	0.0	0.0	0.06931	0.0	0.0	0.0	0.0	0.0	0.0	0.0	0.0	0.0	0.0	0.0	0.0	0.0	0.0	0.0	0.0	0.0	0.0	0.0	0.0	0.0	0.0	0.0	0.0	0.0	0.0	0.04272	0.01572	0.0	0.0	0.0	0.0	0.0	0.0	0.0	0.0	0.0	0.0	0.0	0.0	0.0	0.0	0.0	0.0	0.0	0.0	0.0	0.0	0.0	0.0
k__Bacteria.p__Proteobacteria.c__Alphaproteobacteria.o__Rhodobacterales.f__Rhodobacteraceae.g__Haematobacter	2.63938	2.84739	0.0	0.0	0.0	0.0	0.17209	0.04394	0.0	0.0	0.0	0.0	0.0	0.0	0.0	0.0	0.0	0.0	0.0	0.0	0.0	0.0	0.0	0.0	0.0	0.0	0.0	0.0	0.0	0.0	0.0	0.0	0.0	0.0	0.0	0.0	0.0	0.0	0.0	0.0	0.0	0.0	0.0	0.0	0.0	0.0	0.0	0.0	0.0	0.0	0.0	0.0	0.0	0.0	0.0	0.0	0.0	0.0	0.0	0.0	0.0	0.0	0.0	0.0	0.0	0.0	0.0	0.0	0.0	0.0	0.0	0.0	0.0	0.0	0.0	0.0	0.0	0.0
k__Bacteria.p__Proteobacteria.c__Alphaproteobacteria.o__Rhodobacterales.f__Rhodobacteraceae.g__Paracoccus	0.32604	0.97874	6.02709	2.75074	11.22495	6.85454	1.34695	2.1685	0.01385	0.0	0.06846	0.44336	0.18434	0.48479	0.0	0.0	3.40536	1.77663	0.10544	0.08358	0.0	0.0	0.00124	0.0	1.72906	0.7911	0.0	0.18579	0.11771	0.01241	0.0	0.0	0.0056	0.0	0.0017	0.0	0.6366	0.78367	0.0	0.05053	0.0	0.0	0.0	0.0	0.34348	0.31101	0.36955	1.33346	0.10927	0.1349	0.02176	0.08469	0.10072	0.04217	0.24927	0.20739	0.31877	0.0	0.04391	0.37463	0.0	0.13434	0.9518	0.71894	0.99834	1.39808	0.7301	0.92242	0.02215	0.0	0.0	0.0	0.0	0.0	0.50761	0.38491	0.0	0.0
k__Bacteria.p__Proteobacteria.c__Alphaproteobacteria.o__Rhodospirillales.f__Acetobacteraceae.g__Acetobacteraceae_unclassified	0.0	0.0	0.0	0.0	0.0	0.0	0.0	0.0	0.0	0.0	0.0	0.00372	0.0	0.0	0.0	0.0	0.03122	0.09447	0.0	0.0	0.0	0.0	0.0	0.0	0.05591	0.0	0.0	0.0	0.0	0.0	0.0	0.0	0.0	0.0	0.0	0.0	0.0	0.0	0.0	0.0	0.0	0.0	0.0	0.0	0.0	0.0	0.0	0.0	0.0	0.0	0.0	0.0	0.0	0.0	0.0	0.0	0.0	0.0	0.0	0.0	0.0	0.0	0.0	0.0	0.0	0.0	0.0	0.0	0.0	0.0	0.0	0.0	0.0	0.0	0.0	0.0	0.0	0.0
k__Bacteria.p__Proteobacteria.c__Alphaproteobacteria.o__Rhodospirillales.f__Acetobacteraceae.g__Roseomonas	0.0	0.0	0.54181	0.6505	0.04918	0.07227	0.0	0.0814	0.37192	0.10605	0.0	0.07484	1.65606	3.41023	0.0	0.0	0.1426	0.35792	0.10596	0.04787	0.0	0.0	0.0	0.0	0.10767	0.0	0.0	0.00773	0.0	0.0	0.0	0.0	0.0	0.0	0.15373	0.36325	0.0	0.04927	0.0	0.09368	0.0	0.0	0.01267	0.25143	0.0	0.0	0.75068	0.48179	0.29105	0.0	0.0	0.00205	0.21031	0.09923	0.87324	0.32658	0.47805	0.11316	0.28996	0.18394	1.62672	1.14352	0.0	0.0	2.26959	0.7692	0.01426	0.04603	0.07792	0.0	1.01801	1.45861	0.0	0.0	0.32125	0.09718	0.0	0.05776
k__Bacteria.p__Proteobacteria.c__Alphaproteobacteria.o__Rhodospirillales.f__Rhodospirillaceae.g__Skermanella	0.6698	0.15117	0.0	0.0	0.0	0.0	0.0	0.0	0.0	0.02225	0.0	0.0	0.37959	0.0	0.0	0.0	0.00148	0.0028	0.0	0.0	0.0	0.0	0.0	0.0	0.0	0.0	0.0	0.0	0.0	0.0	0.0	0.0	0.0	0.0	0.0	0.0	0.0	0.0	0.0	0.0	0.0	0.0	0.0	0.0	0.0	0.0	0.0	0.0	0.0	0.0	0.0	0.0	0.0	0.0	0.0	0.0	0.0	0.0	0.0	0.00832	0.0	0.02884	0.0	0.0	0.0	0.0	0.0	0.0	0.0	0.0	0.0	0.0	0.0	0.0	0.0	0.0	0.0	0.0
k__Bacteria.p__Proteobacteria.c__Alphaproteobacteria.o__Rhodospirillales.f__Rhodospirillales_unclassified.g__Enhydrobacter	3.82472	2.44343	6.32283	5.78283	7.78615	11.26972	5.61658	6.65634	1.62995	1.68524	1.63822	3.45809	10.39428	18.93377	0.20487	1.03071	34.94594	17.89906	1.06046	1.98529	0.22462	0.23756	0.26806	0.05199	1.35676	0.66677	10.12123	21.7453	1.37082	0.77809	0.15275	0.30667	2.54778	2.05214	1.1592	0.54484	1.51036	2.28105	3.73501	7.02871	5.32546	9.09399	3.19495	1.97096	0.06093	0.10555	6.64756	3.59554	3.80739	2.92818	0.259	0.19776	3.24581	1.10762	2.28804	1.75866	3.76383	1.30898	0.43397	1.07867	22.20312	13.92394	0.14941	0.06224	11.32955	8.96835	3.79537	3.53462	6.01197	3.48457	0.0	0.0	0.6622	2.29963	8.899	6.83978	0.99277	1.02972
k__Bacteria.p__Proteobacteria.c__Alphaproteobacteria.o__Rickettsiales.f__Rickettsiaceae.g__Rickettsia	0.0	0.0	0.0	0.0	0.0	0.0	0.0	0.0	0.0	0.0	0.0	0.0	0.0	0.0	0.0	0.0	0.0	0.0	0.0	0.0	0.0	0.0	0.0	0.0	0.0	0.0	0.0	0.0	0.0	0.0	0.0	0.0	0.0	0.0	0.0	0.0	0.0	0.0	0.0	0.0	0.0	0.0	0.0	0.0	0.0	0.0	0.0	0.0	0.0	0.0	0.0	0.0	0.0	0.0	0.0	0.0	0.0	0.0	0.0	0.0	0.0	0.0	0.0	0.0	0.0	0.0	0.3649	0.0	0.0	0.0	0.0	0.0	0.0	0.0	0.0	0.0	0.0	0.0
k__Bacteria.p__Proteobacteria.c__Alphaproteobacteria.o__Sphingomonadales.f__Sphingomonadaceae.g__Sphingobium	0.0	0.0	0.0	0.0	0.0	0.0	0.0	0.0	0.0	0.0	0.0	0.0	0.0	0.0	0.0	0.0	0.0	0.0	0.0	0.0	0.0	0.0	0.0	0.0	0.0	0.0	0.0	0.0	0.0	0.0	0.0	0.0	0.0	0.0	0.0	0.0	0.0	0.0	0.0	0.0	0.0	0.0	0.0	0.0	0.0	0.0	0.0	0.0	0.0	0.0	0.0	0.0	0.0	0.0	0.0	0.0	0.0	0.0	0.0	0.0	0.0	0.0	0.0	0.0	0.0	0.0	0.0	0.0	0.0	0.0	0.0	0.0	0.0	0.02258	0.0	0.0	0.0	0.0
k__Bacteria.p__Proteobacteria.c__Alphaproteobacteria.o__Sphingomonadales.f__Sphingomonadaceae.g__Sphingomonadaceae_unclassified	0.0	0.0	0.0	0.0	0.0	0.0	0.0	0.0	0.0	0.0	0.0	0.0	0.0	0.0	0.0	0.0	0.01624	0.0	0.0	0.0	0.0	0.0	0.0	0.0	0.0	0.0	0.0	0.0	0.0	0.0	0.0	0.0	0.0	0.0	0.0	0.0	0.0	0.0	0.0	0.0	0.0	0.0	0.0	0.0	0.0	0.0	0.0	0.0	0.0	0.0	0.0	0.0	0.0	0.0	0.0	0.0	0.0	0.0	0.0	0.0	0.0	0.0	0.0	0.0	0.0	0.0	0.0	0.0	0.0	0.0	0.0	0.0	0.0	0.0	0.0	0.0	0.0	0.0
k__Bacteria.p__Proteobacteria.c__Alphaproteobacteria.o__Sphingomonadales.f__Sphingomonadaceae.g__Sphingomonas	0.08658	0.0	0.0	0.0	0.35225	0.04107	0.0	0.0	0.0	0.0	0.0	0.01472	0.00596	0.0	0.0	0.0	0.11326	0.0	0.0	0.0	0.0	0.0	0.0	0.0	0.2518	0.0	0.0	0.2748	0.0	0.0	0.0	0.0	0.0	0.0	0.00167	0.0	0.0	0.0	0.0	0.0	0.0	0.0	0.0	0.0	0.0	0.0	0.06885	0.10639	0.00358	0.0	0.00605	0.0	0.00452	0.00189	0.0	0.0	0.682	1.87116	0.29795	0.95098	0.0	0.0	0.0	0.0	0.0	0.0	0.03532	0.0	0.0	0.0	0.0	0.0	0.0	0.0	0.16336	0.12342	0.0	0.0
k__Bacteria.p__Proteobacteria.c__Betaproteobacteria.o__Burkholderiales.f__Burkholderiaceae.g__Burkholderia	0.0	0.0	0.0	0.0	0.0	1.12756	0.0	0.0	0.0	0.0	0.0	0.0	0.0	0.0	0.0	0.0	0.0	0.0	0.0	0.0	0.0	0.0	0.0	0.0	0.0	0.0	0.0	0.0	0.0	0.0	0.0	0.0	0.0	0.0	0.0	0.0	0.0	0.0	0.0	0.0	0.0	0.0	0.0	0.0	0.0	0.0	0.0	0.0	0.0	0.0	0.0	0.0	0.0	0.0	0.0	0.0	0.0	0.0	0.0	0.0	0.0	0.0	0.0	0.0	0.0	0.0	0.0	0.0	0.0	0.0	0.0	0.0	0.0	0.0	0.0	0.0	0.0	0.0
k__Bacteria.p__Proteobacteria.c__Betaproteobacteria.o__Burkholderiales.f__Burkholderiaceae.g__Cupriavidus	0.0	0.0	0.0	0.0	0.0	0.0	0.0	0.0	0.0	0.0	0.0	0.0	0.0	0.0	0.0	0.0	0.28192	0.09317	0.0	0.0	0.0	0.0	0.0	0.0	0.0	0.0	0.0	0.0	0.0	0.0	0.0	0.0	0.0	0.0	0.0	0.0	0.0	0.0	0.0	0.0	0.0	0.0	0.0	0.0	0.0	0.0	0.0	0.0	0.0	0.0	0.0	0.0	0.0	0.0	0.0	0.0	0.0	0.0	0.0	0.0	0.0	0.0	0.0	0.0	0.0	0.0	0.0	0.0	0.0	0.0	0.0	0.0	0.0	0.0	0.0	0.0	0.0	0.0
k__Bacteria.p__Proteobacteria.c__Betaproteobacteria.o__Burkholderiales.f__Burkholderiaceae.g__Lautropia	0.0	0.0	0.0	0.0	0.0	0.0	0.06511	0.1482	0.0	0.0	0.0	0.0	0.0	0.0	0.0	0.0	0.00262	0.0	0.0	0.0	0.0	0.0	0.0	0.0	0.00608	0.0	0.0	0.0	0.0	0.0	0.0	0.0	0.0	0.0	0.0	0.0	0.0	0.0	0.0	0.17836	0.64196	0.0	0.07406	0.0	0.0	0.01032	0.0	0.0	0.01282	0.0	0.28796	0.0	0.0	0.0	0.08716	0.05347	0.0	0.0	0.0	0.0	0.0	0.0	0.0	0.45279	0.0	0.0	0.0	0.0	0.17968	1.69159	0.0	0.0	0.00755	0.0684	0.0	0.0	0.32146	0.02592
k__Bacteria.p__Proteobacteria.c__Betaproteobacteria.o__Burkholderiales.f__Burkholderiales_unclassified.g__Tepidimonas	0.0	0.0	0.0	0.0	0.0	0.0	0.0	0.0	0.0	0.0	0.0	0.0	0.0	0.0	0.0	0.0	0.0	0.0	0.0	0.0	0.0	0.0	0.0	0.0	0.0	0.0	0.0	0.0	0.0	0.0	0.0	0.0	0.0	0.0	0.0	0.0	0.0	0.0	0.0	0.0	0.0	0.0	0.0	0.0	0.0	0.0	0.0	0.0	0.0	0.0	0.0	0.0	0.0	0.0	0.0	0.0	0.0	0.0	0.0	0.0	0.0	0.0	0.0	0.0	0.0	0.0	0.0	0.0	0.05834	0.0	0.0	0.0	0.0	0.0	0.0	0.0	0.0	0.0
k__Bacteria.p__Proteobacteria.c__Betaproteobacteria.o__Burkholderiales.f__Comamonadaceae.g__Acidovorax	0.0	0.0	0.0	0.0	0.0	0.0	0.0	0.0	0.0	0.0	0.0	0.0	0.0	0.0	0.0	0.0	0.0	0.0	0.0	0.0	0.0	0.0	0.0	0.0	0.0	0.0	0.0	0.0	0.0	0.0	0.0	0.0	0.0	0.0	0.0	0.0	0.0	0.0	0.0	0.0	0.0	0.0	0.0	0.0	0.0	0.0	0.0	0.0	0.0	0.0	0.0	0.0	0.0	0.0	0.0	0.0	0.0	0.0	0.0	0.0	0.0	0.0	0.0	0.0	0.0	0.0	0.0	0.00552	0.0	0.0	0.0	0.0	0.0	0.0	0.0	0.0	0.0	0.0
k__Bacteria.p__Proteobacteria.c__Betaproteobacteria.o__Burkholderiales.f__Comamonadaceae.g__Comamonas	0.0	0.0	0.0	0.0	0.0	0.0	0.0	0.0	0.0	0.0	0.0	0.0	0.0	0.0	0.0	0.0	0.0	0.0	0.0	0.0	0.0	0.0	0.0	0.0	0.0	0.0	0.0	0.0	0.0	0.0	0.0	0.0	0.0	0.0	0.0	0.0	0.0	0.0	0.0	0.0	0.0	0.0	0.0	0.0	0.0	0.0	0.0	0.0	0.08106	0.0	0.0	0.0	0.0	0.0	0.0	0.0	0.0	0.0	0.0	0.0	0.0	0.0	0.0	0.0	0.0	0.0	0.0	0.0	0.28079	0.08891	0.0	0.0	0.0	0.0	0.0	0.0	0.0	0.0
k__Bacteria.p__Proteobacteria.c__Betaproteobacteria.o__Burkholderiales.f__Comamonadaceae.g__Delftia	0.0	0.09828	0.0	0.0	0.0	0.0	0.0	0.0	0.0	0.0	0.0	0.0	0.0	0.0	0.0	0.0	0.0	0.0	0.0	0.0	0.0	0.0	0.0	0.0	0.0	0.0	0.0	0.0	0.0	0.0	0.0	0.0	0.0	0.0	0.0	0.0	0.0	0.0	0.0	0.0	0.0	0.0	0.0	0.0	0.0	0.0	0.0	0.0	0.0	0.0	0.0	0.0	0.0	0.0	0.0	0.0	0.0	0.0	0.0	0.0	0.0	0.0	0.0	0.0	0.0	0.0	0.0	0.0	0.0	0.0	0.0	0.0	0.0	0.0	0.0	0.0	0.0	0.0
k__Bacteria.p__Proteobacteria.c__Betaproteobacteria.o__Burkholderiales.f__Comamonadaceae.g__Ottowia	0.0	0.0	0.0	0.0	0.0	0.0	0.0	0.0	0.0	0.0	0.0	0.0	0.0	0.0	0.0	0.0	0.0	0.0	0.0	0.0	0.0	0.0	0.0	0.0	0.0	0.0	0.0	0.0	0.0	0.0	0.0	0.0	0.0	0.0	0.0	0.0	0.0	0.0	0.0	0.0	0.0	0.0	0.0	0.0	0.0	0.0	0.0	0.0	0.0	0.0	0.0	0.0	0.0	0.0	0.0	0.0	0.0	0.0	0.0	0.0	0.0	0.0	0.0	1.15709	0.0	0.0	0.0	0.0	0.0	0.33876	0.0	0.0	0.0	0.0	0.0	0.0	0.0	0.0
k__Bacteria.p__Proteobacteria.c__Betaproteobacteria.o__Burkholderiales.f__Comamonadaceae.g__Variovorax	0.02185	0.0	0.0	0.0	0.0	0.0	0.0	0.0	0.0	0.0	0.0	0.0	0.0	0.0	0.0	0.0	0.0	0.0	0.0	0.0	0.0	0.0	0.0	0.0	0.0	0.0	0.0	0.0	0.0	0.0	0.0	0.0	0.0	0.0	0.0	0.0	0.0	0.0	0.0	0.0	0.0	0.0	0.0	0.0	0.0	0.0	0.03276	0.0	0.0	0.0	0.0	0.0	0.0	0.0	0.0	0.0	0.0	0.11903	0.0	0.0	0.0	0.0	0.0	0.0	0.0	0.0	0.0	0.0	0.0	0.0	0.0	0.0	0.0	0.0	0.0	0.0	0.0	0.0
k__Bacteria.p__Proteobacteria.c__Betaproteobacteria.o__Burkholderiales.f__Oxalobacteraceae.g__Massilia	0.0	0.0	0.0	0.0	0.21405	0.17029	0.0	0.0	0.0	0.0	0.0	0.0	0.0	0.0	0.0	0.0	0.0	0.0	0.0	0.0	0.0	0.0	0.0	0.0	0.0	0.0	0.0	0.0455	0.0	0.0	0.0	0.0	0.0	0.0	0.0	0.0	0.0	0.0	0.0	0.0	0.0	0.0	0.0	0.0	0.0	0.0	0.0	0.0	0.0	0.0	0.0	0.0	0.0	0.0	0.0	0.0	0.0	0.0	0.0	0.0	0.0	0.0	0.0	0.0	0.0	0.0	0.04631	0.08258	0.0	0.0	0.0	0.0	0.0	0.0	0.0	0.0	0.0	0.0
k__Bacteria.p__Proteobacteria.c__Betaproteobacteria.o__Neisseriales.f__Neisseriaceae.g__Eikenella	0.0	0.0	0.0	0.0	0.0	0.0	0.0	0.0	0.0	0.0	0.0	0.0	0.0	0.0	0.0	0.0	0.0	0.0	0.0	0.0	0.0	0.0	0.0	0.0	0.0	0.0	0.0	0.0	0.0	0.0	0.0	0.0	0.0	0.0	0.0	0.0	0.0	0.0	0.0	0.0	0.0	0.0	0.0	0.0	0.0	0.0	0.0	0.0	0.0	0.0	0.0	0.0	0.0	0.0	0.0	0.0	0.0	0.0	0.0	0.0	0.0	0.0	0.0	0.75969	0.0	0.0	0.0	0.0	0.0	0.33371	0.0	0.0	0.0	0.0	0.0	0.0	0.0	0.0
k__Bacteria.p__Proteobacteria.c__Betaproteobacteria.o__Neisseriales.f__Neisseriaceae.g__Kingella	0.0	0.0	0.0	0.0	0.0	0.0	0.0	0.0	0.0	0.0	0.0	0.0	0.0	0.0	0.0	0.0	0.0	0.0	0.0	0.0	0.0	0.0	0.0	0.0	0.0	0.0	0.0	0.0	0.0	0.0	0.0	0.0	0.0	0.0	0.0	0.0	0.0	0.0	0.0	0.05622	0.0	0.0	0.0	0.0	0.0	0.0	0.0	0.0	0.0	0.0	0.00333	0.0	0.0	0.0	0.0	0.0	0.0	0.0	0.0	0.0	0.0	0.0	0.0	0.0	0.41323	0.10304	0.0	0.0	0.0	0.14688	0.0	0.0	0.0	0.0	0.0	0.0	0.0	0.0
k__Bacteria.p__Proteobacteria.c__Betaproteobacteria.o__Neisseriales.f__Neisseriaceae.g__Morococcus	0.0	0.0	0.0	0.0	0.0	0.0	0.0	0.0	0.0	0.0	0.03127	0.0	0.0	0.0	0.0	0.0	0.0	0.0	0.0	0.0	0.0	0.0	0.0	0.0	0.0	0.0	0.3506	0.0	0.0	0.0	0.12678	0.0	0.0	0.0	0.0	0.0	0.0	0.1594	0.0	0.0	0.0	0.0	0.0	0.0	0.0	0.0	0.0	0.0	0.14066	0.0	0.0	0.0	0.0	0.0	0.0	0.0	0.0	0.0	0.0	0.0	0.0	0.0	0.0	0.0	0.0	0.0	0.0	0.0	0.0	0.0	0.0	0.0	0.0	0.0	0.0	0.0	0.0	0.0
k__Bacteria.p__Proteobacteria.c__Betaproteobacteria.o__Neisseriales.f__Neisseriaceae.g__Neisseria	0.15708	0.06246	0.0	0.0	0.0	0.0	0.46777	0.74453	0.22732	0.00809	0.14292	0.21542	0.00853	0.0	0.0	0.01552	0.02745	0.0	0.14885	0.0	0.0	0.0	0.75409	0.27845	0.61194	0.0	1.96977	0.60611	0.0	0.0	0.84448	0.36868	0.01972	0.0	0.0	0.0	1.01315	3.6933	0.40801	1.64523	0.62213	0.0	0.71311	0.14851	0.42574	0.69303	0.0	0.87773	0.172	0.14295	0.37754	0.12392	0.0	0.0	0.7449	0.32806	0.25109	0.01048	1.56406	0.1285	0.0	0.23564	0.36806	5.70084	0.16308	0.14403	0.0	0.0	1.43438	11.57453	0.28177	0.32763	0.00618	0.02405	0.04412	0.0	0.0	0.06635
k__Bacteria.p__Proteobacteria.c__Epsilonproteobacteria.o__Campylobacterales.f__Campylobacteraceae.g__Campylobacter	0.0	0.0	0.0	0.0	0.0	0.0	0.0	0.0	0.0	0.0	0.0	0.0	0.0	0.0	0.0	0.0	0.0	0.0	0.0	0.0	0.0	0.0	0.0	0.0	0.0	0.0	0.0	0.0	0.0	0.0	0.0	0.0	0.0	0.0	0.0	0.0	0.0	0.0	0.0	0.0	0.0	0.0	0.0	0.0	0.0	0.0	0.0	0.0	0.0	0.0	0.0	0.0	0.0	0.0	0.0	0.0	0.0	0.0	0.0	0.0	0.0	0.0	0.0	0.50614	0.03009	0.01323	0.0	0.0	0.0	0.15341	0.0	0.0	0.0	0.0	0.0	0.0	0.0	0.0
k__Bacteria.p__Proteobacteria.c__Gammaproteobacteria.o__Aeromonadales.f__Aeromonadaceae.g__Aeromonas	0.0	0.0	0.0	0.0	0.0	0.0	0.0	0.0	0.0	0.0	0.0	0.0	0.0	0.0	0.0	0.0	0.0	0.0	0.0	0.0	0.0	0.0	0.0	0.0	0.0	0.0	0.0	0.0	0.0	0.0	0.0	0.0	0.0	0.0	0.0	0.0	0.0	0.0	0.0	0.0	0.0	0.0	0.31939	0.0	0.0	0.0	0.0	0.0	0.0	0.0	0.0	0.0	0.0	0.0	0.0	0.0	0.0	0.0	0.0	0.0	0.0	0.0	0.0	0.0	0.0	0.0	0.0	0.0	0.36269	0.23897	0.0	0.07074	0.0	0.0	0.0	0.0	0.0	0.04157
k__Bacteria.p__Proteobacteria.c__Gammaproteobacteria.o__Cardiobacteriales.f__Cardiobacteriaceae.g__Cardiobacterium	0.0	0.0	0.0	0.0	0.0	0.0	0.0	0.0	0.04125	0.0	0.0	0.0	0.0	0.0	0.0	0.0	0.0	0.0	0.0	0.0	0.0	0.0	0.0	0.0	0.0	0.0	0.0	0.0	0.0	0.0	0.0	0.0	0.0	0.0	0.0	0.0	0.0	0.0	0.0	0.0	0.0	0.0	0.0	0.0	0.0	0.0	0.0	0.0	0.0	0.0	0.0	0.0	0.0	0.0	0.07757	0.02007	0.0	0.0	0.0	0.0	0.0	0.0	0.0	0.83401	0.67454	1.1834	0.0	0.0	0.0	0.63012	0.0	0.0	0.0	0.0	0.0	0.0	0.0	0.0
k__Bacteria.p__Proteobacteria.c__Gammaproteobacteria.o__Enterobacterales.f__Enterobacteriaceae.g__Escherichia	0.21577	0.08993	0.03716	0.0	0.0	0.0	0.0	0.0	0.18907	0.01794	0.0	0.04982	0.02717	0.0	0.0	0.0	0.0	0.04841	0.0	0.0	0.0	0.0	0.22503	0.0	0.22748	0.0	0.0	0.0	0.0	0.0	0.07425	0.0	0.0	0.40056	0.0	0.05436	0.0	0.0	0.0	0.75217	0.0	0.0	0.0	0.0	0.0	0.0	0.0	0.0	0.0	0.0	0.0	0.0	0.0	0.0	0.0	0.0	0.02705	0.0	0.0	0.0	0.20239	0.01823	0.0	0.0	0.0	0.0	0.0	0.0	0.0	0.0	0.0	0.0	0.0	0.0	0.0	0.0	0.0	0.0
k__Bacteria.p__Proteobacteria.c__Gammaproteobacteria.o__Enterobacterales.f__Enterobacteriaceae.g__Klebsiella	21.1329	0.0	0.0	0.0	0.0	0.0516	0.0	0.0	0.0	0.0	0.0	0.0	0.0	0.02442	0.0	0.00647	0.0	0.0	0.0	0.0	0.03661	0.03365	0.0	0.0	0.03267	0.0	0.0	0.0	0.0	0.0	0.0	0.0	0.0	0.0	0.0	0.0	0.0	0.0	0.0	0.0	0.0	0.0	0.0	0.0	0.0	0.0	0.0	0.0	0.0	0.0	0.0	0.0	0.0	0.0	0.0	0.0	0.0	0.0	0.02008	0.07258	0.0	0.0	0.0	0.0	0.13033	0.0	0.00881	0.0	0.01548	0.0	0.05042	0.01727	0.0	0.0	0.0	0.0	0.0	0.03667
k__Bacteria.p__Proteobacteria.c__Gammaproteobacteria.o__Enterobacterales.f__Enterobacteriaceae.g__Kosakonia	0.0	0.0	0.0	0.0	0.0	0.00439	0.0	0.0	0.0	0.0	0.0	0.0	0.0	0.0	0.0	0.0	0.0	0.0	0.0	0.0	0.0	0.0	0.0	0.0	0.0	0.0	0.0	0.0	0.0	0.0	0.0	0.0	0.0	0.0	0.0	0.0	0.0	0.0	0.0	0.0	0.0	0.0	0.0	0.0	0.0	0.0	0.0	0.0	0.0	0.0	0.0	0.0	0.0	0.0	0.0	0.0	0.0	0.0	0.0	0.0	0.0	0.0	0.0	0.0	0.0	0.0	0.0	0.0	0.0	0.0	0.0	0.0	0.0	0.0	0.0	0.0	0.0	0.0
k__Bacteria.p__Proteobacteria.c__Gammaproteobacteria.o__Enterobacterales.f__Enterobacteriaceae.g__Pluralibacter	0.0	0.0	0.0	0.0	0.0	0.0	0.0	0.0	0.0	0.0	0.0	0.0	0.0	0.0	0.0	0.0	0.0	0.0	0.0	0.0	0.0	0.0	0.0	0.0	0.0	0.0	0.0	0.0	0.0	0.0	0.0	0.0	0.0	0.0	0.0	0.0	0.0	0.0	0.0	0.0	0.0	0.0	0.0	0.0	0.0	0.0	0.0	0.0	0.0	0.0	0.0	0.0	0.0	0.0	0.0	0.0	0.0	0.0	0.0	0.02759	0.0	0.0	0.0	0.0	0.0	0.0	0.0	0.0	0.28918	0.08204	0.0	0.0	0.0	0.0	0.0	0.0	0.0	0.0
k__Bacteria.p__Proteobacteria.c__Gammaproteobacteria.o__Enterobacterales.f__Erwiniaceae.g__Mixta	0.0	0.0	0.0	0.0	0.0	0.0	0.0	0.0	0.0	0.0	0.0	0.0	0.0	0.0	0.0	0.0	0.0	0.0	0.0	0.0	0.0	0.0	0.0	0.0	0.03409	0.0	0.0	0.0	0.0	0.0	0.0	0.0	0.0	0.0	0.0	0.0	0.0	0.0	0.0	0.0	0.0	0.0	0.0	0.0	0.0	0.0	0.0	0.0	0.0	0.0	0.0	0.0	0.0	0.0	0.0	0.0	0.0	0.0	0.0	0.0	0.0	0.0	0.0	0.0	0.0	0.0	0.0	0.0	0.0	0.0	0.0	0.0	0.0	0.0	0.0	0.0	0.0	0.0
k__Bacteria.p__Proteobacteria.c__Gammaproteobacteria.o__Enterobacterales.f__Erwiniaceae.g__Pantoea	0.0	0.0	0.0	0.0	0.0	0.0	0.0	0.0	0.0	0.0	0.0	0.0	0.0	0.0	0.0	0.0	0.0	0.0	0.0	0.0	0.0	0.0	0.0	0.0	0.0	0.0	0.0	0.0	0.0	0.0	0.0	0.0	0.0	0.0	0.0	0.0	0.0	0.0	0.0	0.0	0.0	0.0	0.0	0.0	0.0	0.0	0.0	0.0	0.0	0.0	0.0	0.0	0.0	0.0	0.0	0.0	0.0	0.0	0.0	0.0	0.0	0.0	0.0	0.0	0.0	0.0	0.0	0.03051	0.41721	0.0	0.0	0.0	0.0	0.0	0.0	0.0	0.0	0.0
k__Bacteria.p__Proteobacteria.c__Gammaproteobacteria.o__Pasteurellales.f__Pasteurellaceae.g__Aggregatibacter	0.0	0.0	0.0	0.0	0.0	0.0	0.0	0.06041	0.0	0.0	0.0	0.02185	0.0	0.0	0.0	0.0	0.0	0.0	0.0	0.0	0.01025	0.0	0.0	0.0	0.0	0.0	0.0	0.04229	0.0	0.0	0.0	0.0	0.0	0.0	0.0	0.0	0.0	0.0	0.0	0.0	1.01173	0.0	0.0	0.0	0.0	0.0	0.0	0.05388	0.0	0.0	0.04282	0.0	0.0	0.0	0.0	0.0	0.0	0.0	0.0	0.0	0.0	0.0	0.0	0.25993	0.0	0.0	0.0	0.0	0.0	0.46527	0.0148	0.0	0.0	0.00198	0.0	0.0	0.0	0.0
k__Bacteria.p__Proteobacteria.c__Gammaproteobacteria.o__Pasteurellales.f__Pasteurellaceae.g__Haemophilus	0.26862	0.04569	0.0	0.0	0.0	0.0	0.33965	0.66004	0.06731	0.05553	0.12096	0.13362	0.07064	0.50401	0.0	0.03993	0.24987	0.01927	0.31853	0.25724	0.18502	0.00771	0.23213	0.10502	0.31848	0.0	0.13073	0.3361	0.0	0.0	2.11621	0.56115	0.0	0.0	0.29774	0.01756	1.31263	2.1295	1.39237	2.15536	3.67	0.0	1.12134	0.98441	0.08851	0.28352	0.0	1.8858	0.24714	0.26528	0.23974	0.16058	0.0	0.0	1.17911	0.73078	0.37874	0.29952	0.05783	0.0	0.0	0.03894	0.05954	0.31279	0.39568	0.0	0.01097	0.05091	0.11899	0.63596	0.0	0.07228	0.01912	0.10868	0.11314	0.0	0.0	0.07713
k__Bacteria.p__Proteobacteria.c__Gammaproteobacteria.o__Pseudomonadales.f__Moraxellaceae.g__Acinetobacter	1.88876	1.81968	0.43393	0.39323	3.43801	3.29511	0.10309	0.30172	0.11617	0.08549	0.0	0.09876	0.24761	0.18106	0.17964	0.57052	0.03016	0.12845	0.0	0.0	0.07829	0.0	0.0	0.0	0.09396	0.0	2.63575	3.64421	0.06285	0.0171	0.05184	0.09157	0.0	0.0	0.0	0.0	1.49523	1.48033	0.0	0.0	0.0	0.0	0.34332	0.0	0.51787	0.38402	0.05009	0.0	0.04337	0.06687	0.18043	0.10006	0.01069	0.01092	0.10878	0.1512	0.01025	0.34021	0.0	0.04372	0.0	0.15532	0.3344	0.1808	3.01788	0.78681	1.57023	2.08706	7.24367	0.49977	0.0	0.0	1.44069	3.86744	0.01199	0.02545	0.026	0.34801
k__Bacteria.p__Proteobacteria.c__Gammaproteobacteria.o__Pseudomonadales.f__Moraxellaceae.g__Alkanindiges	0.0	0.0	0.0	0.0	0.02694	0.15133	0.0	0.0	0.0	0.0	0.0	0.0	0.0	0.0	0.0	0.0	0.0	0.0	0.0	0.0	0.0	0.0	0.0	0.0	0.0	0.0	0.66513	0.98502	0.0	0.0	0.0	0.0	0.0	0.0	0.0	0.0	0.0	0.00846	0.0	0.0	0.0	0.0	0.0	0.0	0.0	0.0	0.0	0.0	0.0	0.0	0.0	0.0	0.0	0.0	0.0	0.0	0.0	0.0	0.0	0.0056	0.0	0.0	0.0	0.0	0.0	0.0	0.0	0.00738	0.0	0.0	0.0	0.0	0.0	0.0	0.0	0.0	0.0	0.0
k__Bacteria.p__Proteobacteria.c__Gammaproteobacteria.o__Pseudomonadales.f__Moraxellaceae.g__Moraxella	5.08707	2.81395	6.28136	4.5577	8.20376	10.83568	5.12832	6.43139	1.98483	0.9577	1.31853	2.14888	7.97003	14.26653	0.30138	1.9219	27.02128	13.43736	2.18148	2.12764	0.25095	0.27086	0.26309	0.19044	1.96167	0.14804	13.656	17.88726	0.93702	0.18661	0.22987	0.41369	1.63157	1.418	0.94722	0.34019	3.25744	2.22231	3.56005	4.75576	5.61116	3.87978	1.08798	3.19447	0.0	0.15072	5.11593	5.00493	2.77171	2.20661	0.22949	0.12391	1.69183	0.77863	1.67097	1.66993	4.38279	0.8406	0.91026	0.99458	12.93868	11.00062	0.0544	0.0	11.43069	7.10057	3.23082	2.68406	5.96453	3.58	0.06585	0.07518	0.41032	3.36046	9.95401	6.54254	2.51621	4.09204
k__Bacteria.p__Proteobacteria.c__Gammaproteobacteria.o__Pseudomonadales.f__Pseudomonadaceae.g__Pseudomonas	0.0	0.0	0.0	0.0	0.10316	0.13264	0.0	0.0	0.0	0.0	0.0	0.0	0.0	0.01299	0.0	0.0	0.0	0.0	0.0	0.0	0.0	0.0	0.04426	0.0	0.0	0.0	0.0	0.0	0.0	0.0	0.0	0.0	0.0	0.0	0.0	0.0	0.0	0.0	0.0	0.0	0.0	0.0	0.0	0.0	0.0	0.0	0.0	0.0	0.0	0.0	0.0	0.0	0.0	0.0	0.0	0.0	0.0	0.0	0.0	0.0	0.0	0.0	0.0	0.0	0.0	0.0	0.0	0.0	0.0	0.0	0.0	0.0	0.01132	0.01452	0.0	0.0	0.03413	0.11564
k__Bacteria.p__Proteobacteria.c__Gammaproteobacteria.o__Vibrionales.f__Vibrionaceae.g__Aliivibrio	0.0	0.0	0.0	0.0	0.0	0.0	0.0	0.0	0.0	0.0	0.0	0.0	0.0	0.0	0.0	0.05285	0.0	0.0	0.0	0.0	0.0	0.0	0.0	0.0	0.0	0.0	0.0	0.0	0.0	0.0	0.0	0.0	0.0	0.0	0.0	0.0	0.0	0.0	0.0	0.0	0.0	0.0	0.0	0.0	0.0	0.0	0.0	0.0	0.0	0.0	0.0	0.0	0.0	0.0	0.0	0.0	0.0	0.0	0.0	0.0	0.0	0.0	0.0	0.0	0.0	0.0	0.0	0.0	0.0	0.0	0.0	0.0	0.0	0.0	0.0	0.0	0.0	0.0
k__Bacteria.p__Proteobacteria.c__Gammaproteobacteria.o__Vibrionales.f__Vibrionaceae.g__Photobacterium	0.0	0.0	0.0	0.0	0.0	0.0	0.0	0.0	0.0	0.0	0.0	0.0	0.0	0.0	4.44246	1.66758	0.0	0.0	0.0	0.0	0.0	0.0	0.0	0.0	0.0	0.0	0.0	0.0	0.0	0.0	0.0	0.0	0.0	0.0	0.0	0.0	0.0	0.0	0.0	0.0	0.0	0.0	0.0	0.0	0.0	0.0	0.0	0.0	0.0	0.0	0.0	0.0	0.0	0.0	0.0	0.0	0.0	0.0	0.0	0.0	0.0	0.0	0.0	0.0	0.0	0.0	0.0	0.0	0.0	0.0	0.0	0.0	0.0	0.0	0.0	0.0	0.0	0.0
k__Bacteria.p__Proteobacteria.c__Gammaproteobacteria.o__Xanthomonadales.f__Xanthomonadaceae.g__Lysobacter	0.0	0.0	0.0	0.0	0.0	0.0	0.0	0.0	0.0	0.0	0.0	0.0	0.0	0.0	0.0	0.0	0.01744	0.0	0.0	0.0	0.0	0.0	0.0	0.0	0.0	0.0	0.0	0.0	0.0	0.0	0.0	0.0	0.0	0.0	0.0	0.0	0.0	0.0	0.0	0.0	0.0	0.0	0.0	0.0	0.0	0.0	0.0	0.0	0.0	0.0	0.0	0.0	0.0	0.0	0.0	0.0	0.0	0.0	0.0	0.0	0.0	0.0	0.0	0.0	0.00364	0.02445	0.0	0.0	0.0	0.0	0.0	0.0	0.0	0.0	0.0	0.0	0.0	0.0
k__Bacteria.p__Proteobacteria.c__Gammaproteobacteria.o__Xanthomonadales.f__Xanthomonadaceae.g__Stenotrophomonas	0.0	0.0	0.0	0.0	0.10541	0.02503	0.0	0.0	0.0	0.0	0.0	0.00529	0.0	0.0	0.0	0.0	0.0	0.0	0.0	0.0	0.0	0.0	0.0	0.0	0.0	0.0	0.0	0.0	0.0	0.0	0.0	0.0	0.0	0.0	0.0	0.0	0.0	0.0	0.0	0.0	0.0	0.0	0.0	0.03808	0.02382	0.05031	0.0	0.0	0.0	0.0	0.0	0.0	0.0	0.0	0.0	0.0	0.0	0.0	0.0	0.0	0.0	0.11319	0.11989	0.03034	0.07463	0.0	0.0	0.00552	0.0	0.06516	0.0	0.0	0.0	0.0	0.0	0.0	0.02466	0.02016
k__Bacteria.p__Proteobacteria.c__Gammaproteobacteria.o__Xanthomonadales.f__Xanthomonadaceae.g__Xanthomonadaceae_unclassified	0.0	0.0	0.0	0.0	0.0	0.0	0.0	0.0	0.0	0.0	0.0	0.0	0.0	0.0	0.0	0.0	0.0	0.0	0.0	0.0	0.0	0.0	0.0	0.0	0.0	0.0	0.0	0.0	0.0	0.0	0.0	0.0	0.0	0.0	0.0	0.0	0.0	0.0	0.0	0.0	0.0	0.0	0.0	0.0	0.0	0.0	0.0	0.0	0.0	0.0	0.0	0.0	0.0	0.0	0.0	0.0	0.0	0.0	0.0	0.00286	0.0	0.0	0.0	0.0	0.0	0.0	0.0	0.0	0.0	0.0	0.0	0.0	0.0	0.0	0.0	0.0	0.0	0.0
k__Bacteria.p__Proteobacteria.c__Proteobacteria_unclassified.o__Proteobacteria_unclassified.f__Proteobacteria_unclassified.g__Proteobacteria_unclassified	0.0	0.0	0.0	0.0019	0.0	0.0	0.0	0.00308	0.0	0.0	0.09809	0.15951	0.0	0.0	0.13965	0.18608	0.08404	0.0	0.0	0.0	0.0	0.0	0.2219	0.0046	0.0	0.0	0.0	0.05668	0.0	0.0	0.0	0.1537	0.0	0.0	0.0	0.0	0.0	0.0	0.0	0.0	0.0	0.0	0.0	0.0	0.00862	0.11419	0.0	0.0	0.05007	0.0	0.0	0.01234	0.0	0.0	0.00475	0.0	0.22401	0.08953	0.0	0.0	0.0	0.13152	0.0	0.0	0.15696	0.0794	0.45708	0.2774	0.22166	0.19043	0.28017	0.12434	0.0	0.00459	0.64269	0.52086	0.0	0.02305
k__Bacteria.p__Spirochaetes.c__Spirochaetia.o__Spirochaetales.f__Spirochaetaceae.g__Treponema	0.0	0.0	0.0	0.0	0.0	0.0	0.0	0.0	0.0	0.0	0.0	0.0	0.0	0.0	0.0	0.0	0.0	0.0	0.0	0.0	0.0	0.0	0.0	0.0	0.0	0.0	0.0	0.0	0.0	0.0	0.0	0.0	0.0	0.0	0.0	0.0	0.0	0.0	0.0	0.0	0.0	0.0	0.0	0.0	0.0	0.0	0.0	0.0	0.0	0.0	0.0	0.0	0.0	0.0	0.0	0.0	0.0	0.0	0.0	0.0	0.0	0.0	0.0	0.08023	0.0	0.0	0.0	0.0	0.0	0.22765	0.0	0.0	0.0	0.0	0.0	0.0	0.0	0.0
k__Bacteria.p__Tenericutes.c__Mollicutes.o__Entomoplasmatales.f__Spiroplasmataceae.g__Spiroplasma	0.0	0.0	0.0	0.0	0.0	0.0	0.0	0.0	0.0	0.0	0.0	0.0	0.0	0.0	0.0	0.00058	0.0	0.0	0.0	0.0	0.0	0.0	0.0	0.0	0.0	0.0	0.0	0.0	0.0	0.0	0.0	0.0	0.0	0.0	0.0	0.0	0.0	0.0	0.0	0.0	0.0	0.0	0.0	0.0	0.0	0.0	0.0	0.0	0.0	0.0	0.0	0.0	0.0	0.0	0.0	0.0	0.0	0.0	0.0	0.0	0.0	0.0	0.0	0.0	0.0	0.0	0.0	0.0	0.0	0.0	0.0	0.0	0.0	0.0	0.0	0.0	0.0	0.0
