dataset_name	GuptaA_2019	GuptaA_2019	GuptaA_2019	GuptaA_2019	GuptaA_2019	GuptaA_2019	GuptaA_2019	GuptaA_2019	GuptaA_2019	GuptaA_2019	GuptaA_2019	GuptaA_2019	GuptaA_2019	GuptaA_2019	GuptaA_2019	GuptaA_2019	GuptaA_2019	GuptaA_2019	GuptaA_2019	GuptaA_2019	GuptaA_2019	GuptaA_2019	GuptaA_2019	GuptaA_2019	GuptaA_2019	GuptaA_2019	GuptaA_2019	GuptaA_2019	GuptaA_2019	GuptaA_2019	GuptaA_2019	GuptaA_2019	GuptaA_2019	GuptaA_2019	GuptaA_2019	GuptaA_2019	GuptaA_2019	GuptaA_2019	GuptaA_2019	GuptaA_2019	GuptaA_2019	GuptaA_2019	GuptaA_2019	GuptaA_2019	GuptaA_2019	GuptaA_2019	GuptaA_2019	GuptaA_2019	GuptaA_2019	GuptaA_2019	GuptaA_2019	GuptaA_2019	GuptaA_2019	GuptaA_2019	GuptaA_2019	GuptaA_2019	GuptaA_2019	GuptaA_2019
study_condition	CRC	CRC	CRC	CRC	CRC	CRC	CRC	CRC	CRC	CRC	CRC	CRC	CRC	control	control	control	control	control	control	control	control	control	control	control	control	control	control	control	control	control	control	control	control	control	control	control	control	control	control	control	control	control	control	CRC	CRC	CRC	CRC	CRC	CRC	CRC	CRC	CRC	CRC	CRC	CRC	CRC	CRC	CRC
k__Archaea.p__Euryarchaeota.c__Methanobacteria.o__Methanobacteriales.f__Methanobacteriaceae.g__Methanobrevibacter	0	0	0	0	0	19.73944	6.0529	0	3.91161	0	0	0	0	0.37419	0	0	0	0.57571	0	0	0	0	0	0	0	0	0	0	0	0	0	0	0.2615	0	0	0	0	0.63353	0	0	0	0	0.01149	7.35236	0.19662	0.5279	0.47314	0.17853	0.91338	0	0.34405	0.71767	0.06709	7.25853	0.28251	0.29173	0.21462	0.59617
k__Bacteria.p__Actinobacteria.c__Actinobacteria.o__Actinomycetales.f__Actinomycetaceae.g__Actinomyces	0.00201	0.07615	0.01154	0	0	0	0	0	0	0	0	0.00988	0	0	0	0	0	0	0	0	0	0	0	0	0	0	0	0	0	0	0	0	0	0	0	0	0	0	0	0	0	0	0	0	0	0	0	0	0	0	0	0	0	0	0	0	0	0
k__Bacteria.p__Actinobacteria.c__Actinobacteria.o__Bifidobacteriales.f__Bifidobacteriaceae.g__Bifidobacterium	10.46822	2.05607	1.53975	1.86465	0.30174	0.35076	2.46758	1.39911	6.43801	0.02836	0	40.83911	0.58887	0	1.05151	1.30016	0.03175	2.38724	6.54622	15.8165	5.95756	0.37843	0.4595	0	0.29729	12.53863	0.30505	1.32802	6.98255	1.14771	1.28098	17.09206	0.66849	0.08008	25.36172	0.31854	1.37564	0.69214	11.52863	2.04016	0.28233	0.08854	0.50526	0	0.3339	0.0581	0.07543	0	1.76578	0.26575	0.21032	0.269	0.13182	0.02304	0.13681	0.11164	0.18492	0.95359
k__Bacteria.p__Actinobacteria.c__Actinobacteria.o__Bifidobacteriales.f__Bifidobacteriaceae.g__Scardovia	0.00074	0.0391	0.0	0.0	0.0	0.0	0.0	0.0	0.0	0.0	0	0.0	0.0	0	0.0	0.0	0.0	0.0	0.0	0.0	0.0	0.0	0.0	0	0.0	0.0	0.0	0.0	0.0	0.0	0.0	0.0	0.0	0.0	0.05273	0.0	0.0	0.0	0.0	0.0	0.0	0.0	0.0	0	0.0	0.0	0.0	0	0.0	0.0	0.0	0.0	0.0	0.0	0.0	0.0	0.0	0.0
k__Bacteria.p__Actinobacteria.c__Actinobacteria.o__Corynebacteriales.f__Corynebacteriaceae.g__Corynebacterium	0.02471	0	0	0	0	0	0	0	0	0	0	0.13479	0	0	0	0	0	0	0	0	0	0	0	0	0	0	0	0	0	0	0	0	0	0	0	0	0	0	0	0	0	0	0	0	0	0	0	0	0	0	0	0	0	0	0	0	0	0
k__Bacteria.p__Actinobacteria.c__Actinobacteria.o__Micrococcales.f__Micrococcaceae.g__Rothia	0.15167	1.1382	0.07875	0	0	0	0	0	0	0	0	0.0	0	0	0	0	0	0	0	0	0	0	0	0	0	0	0.01297	0	0	0	0	0	0	0	0.21731	0	0	0	0	0	0	0	0	0	0	0	0	0	0	0	0	0	0	0	0	0	0	0
k__Bacteria.p__Actinobacteria.c__Coriobacteriia.o__Coriobacteriales.f__Atopobiaceae.g__Atopobium	0.00144	0.0	0.0	0.0	0.0	0.0	0.0	0.0	0.0	0.0	0.0	0.0046	0.0	0.0	0.0	0.0	0.0	0.0	0.0	0.0	0.0	0.0	0.0	0.0	0.0	0.0	0.0	0.0	0.0	0.0	0.0	0.0	0.0	0.0	0.0	0.0	0.0	0.0	0.0	0.0	0.0	0.0	0.0	0.0	0.0	0.0	0.0	0.0	0.0	0.0	0.0	0.0	0.0	0.0	0.0	0.0	0.0	0.0
k__Bacteria.p__Actinobacteria.c__Coriobacteriia.o__Coriobacteriales.f__Atopobiaceae.g__Olsenella	0.0	0.0	0.00977	0.0	0.0	0.0	0.97637	0.00688	0.32282	0.0	0.0	0.0	0.01211	0.0	0.0	0.0	0.0	0.0	0.0	0.09314	0.09349	0.0	0.0	0.0	0.0	2.14563	0.0	0.0	0.20413	0.30505	0.0	0.07096	0.06066	0.0	0.0	0.0	0.38124	0.27885	1.70838	0.0	0.0	0.0	0.0	0.0	0.0	0.0	0.0	0.0	0.0	0.0	0.0	0.0	0.0	0.0	0.0	0.0	0.0	0.0
k__Bacteria.p__Actinobacteria.c__Coriobacteriia.o__Coriobacteriales.f__Coriobacteriaceae.g__Collinsella	0.57244	2.64242	0.62927	0.11588	0.71034	0.31584	0.08643	0.67477	0.37526	0.0	1.09847	0.07085	0.20193	0.26627	0.11599	1.09343	1.24698	0.24263	0.88503	4.06087	0.03629	4.16845	0.09914	0.01735	0.0	0.84958	0.75729	0.09636	4.96042	0.12082	1.45333	0.0	0.08496	0.0	0.53074	0.74236	0.12546	0.22519	1.02771	0.0	0.01378	0.0	0.28125	0.04811	0.05694	0.0	0.0	0.03841	0.38477	3.37594	0.04887	0.0	1.73667	0.02091	1.55298	1.58204	0.0	0.15527
k__Bacteria.p__Actinobacteria.c__Coriobacteriia.o__Coriobacteriales.f__Coriobacteriaceae.g__Enorma	0.0	0.0	0.0	0.0	0.0	0.0	0.0	0.0	0.0	0.0	0.0	0.0	0.0	0.0	0.0	0.0	0.0	0.0	0.0	0.0	0.0	0.0	0.0	0.0	0.0	0.0	0.0	0.00295	0.0114	0.0	0.0	0.0	0.0	0.0	0.0	0.0	0.0	0.0	0.0	0.0	0.0	0.0	0.0	0.0	0.0	0.0	0.0	0.0	0.0	0.0	0.0	0.0	0.0	0.0	0.0	0.0	0.0	0.0
k__Bacteria.p__Actinobacteria.c__Coriobacteriia.o__Eggerthellales.f__Eggerthellaceae.g__Adlercreutzia	0.0	0.0	0.0	0.0	0.0	0.0	0.0	0.0	0.0	0.0	0.0	0.0	0.0	0.0	0.0	0.0	0.0	0.0	0.0	0.0	0.0	0.0	0.0	0.0	0.0	0.0	0.0	0.0	0.30485	0.00184	0.0	0.0	0.0	0.0	0.0	0.0	0.02412	0.0	0.0	0.0	0.0	0.0	0.0	0.0	0.0	0.0	0.0	0.0	0.0	0.0	0.0	0.0	0.0	0.0	0.0	0.0	0.0	0.0
k__Bacteria.p__Actinobacteria.c__Coriobacteriia.o__Eggerthellales.f__Eggerthellaceae.g__Asaccharobacter	0.0	0.0	0.0	0.0	0.0	0.0	0.0	0.0	0.0	0.0	0.0	0.0	0.0	0.0	0.0	0.0	0.0	0.0	0.0	0.0	0.0	0.0	0.0	0.0	0.0	0.0	0.0	0.0	0.81535	0.01785	0.0	0.0	0.0	0.0	0.0	0.0	0.01988	0.0	0.0	0.0	0.0	0.0	0.0	0.0	0.0	0.0	0.0	0.0	0.0	0.0	0.0	0.0	0.0	0.0	0.0	0.0	0.0	0.0
k__Bacteria.p__Actinobacteria.c__Coriobacteriia.o__Eggerthellales.f__Eggerthellaceae.g__Eggerthella	0.01929	0.0	0.0	0.0	0.0	0.0	0.0	0.0	0.0	0.0	0.0	0.0	0.0	0.0	0.0	0.0	0.0	0.0	0.0	0.0	0.0	0.0	0.0	0.0	0.0	0.0	0.0	0.0	0.05487	0.0	0.0	0.0	0.0	0.0	0.0	0.0	0.0	0.0	0.0	0.0	0.0	0.0	0.0	0.0	0.0	0.0	0.0	0.0	0.0	0.0	0.0	0.0	0.0	0.0	0.0	0.0	0.0	0.0
k__Bacteria.p__Actinobacteria.c__Coriobacteriia.o__Eggerthellales.f__Eggerthellaceae.g__Slackia	0.0	0.0	0.16389	0.0	0.0	0.05161	0.0	0.0	0.08004	0.0	0.30524	0.0	0.0	0.0	0.0	0.0	0.18929	0.0	0.29578	0.09978	0.0	1.64953	0.0	0.0	0.0	0.13698	0.08708	0.0	1.71998	0.0	0.8251	0.0	0.0	0.0	0.0	1.41511	0.0	0.0	0.06547	0.0	0.0	0.0	0.0254	0.0	0.0	0.0	0.0	0.0	0.02021	0.0	0.0	0.0	0.0	0.0	0.0	0.0	0.0	0.0
k__Bacteria.p__Bacteroidetes.c__Bacteroidia.o__Bacteroidales.f__Bacteroidaceae.g__Bacteroides	22.32153	2.48428	14.85255	3.39676	36.99666	12.51466	49.2369	3.19298	2.60879	27.56473	3.07764	0.79281	70.7616	2.32966	0.58042	1.13005	63.7825	0.3172	0.27253	6.59084	50.60927	5.14762	2.20916	0.0	0.10043	6.73033	0.0	1.45702	14.73945	0.30675	40.51039	45.7315	6.46374	0.0	0.07496	0.08422	0.38677	26.1636	6.80892	75.31031	0.0	11.44489	1.0233	3.16287	37.70303	25.04619	18.43479	11.10505	1.14652	42.52715	26.98465	19.38917	29.3537	4.03492	31.00079	32.90786	28.24073	10.95047
k__Bacteria.p__Bacteroidetes.c__Bacteroidia.o__Bacteroidales.f__Barnesiellaceae.g__Barnesiella	0.0	0.0	0.0	0.0	0.0	0.0	0.0	0.0	0.0	13.58181	0.0	0.0	0.0	0.0	0.0	0.0	0.0	0.0	0.0	0.0	0.0	0.0	0.0	0.0	0.0	0.28367	0.0	0.0	0.0	0.04059	0.0	3.02869	0.0	0.0	0	0.0	0.04358	0.0	0.31879	0.0	0.0	0.01148	0.01433	0.0	0.0	0.02612	0.0	0.0	0.0	0.0	0.0276	0.0	0.0	0.0	0.0	0.01966	0.03065	0.0
k__Bacteria.p__Bacteroidetes.c__Bacteroidia.o__Bacteroidales.f__Barnesiellaceae.g__Coprobacter	0.0	0.0	0.0	0.0	0.0	0.0	0.0	0.0	0.0	0.0	0.0	0.0	0.0	0.0	0.0	0.0	0.0	0.0	0.0	0.28558	0.0	0.0	0.0	0.0	0.0	0.02027	0.0	0.0	0.0	0.0	0.0	0.0	0.0	0.0	0	0.0	0.0	0.0	0.05395	0.0	0.0	0.0	0.0	0.0	0.0	0.0	0.0	0.0	0.0	0.0	0.0	0.0	0.0	0.0	0.0	0.0	0.0	0.0
k__Bacteria.p__Bacteroidetes.c__Bacteroidia.o__Bacteroidales.f__Odoribacteraceae.g__Butyricimonas	0.01101	0.0	0.0	0.0	0.0	0.0	0.55039	0.05093	0.0	0.77939	0.0	0.0	0.0	0.0	0.0	0.0	0.0	0.0	0.0	0.29421	0.0	0.0	0.0	0.0	0.0	0.0	0.0	0.0	0.0	0.0	0.0	0.0	0.07527	0.0	0	0.0	0.0	0.0	0.0	0.0	0.0	0.06788	0.0	0.0	0.01754	0.45406	0.44499	0.78617	0.0	0.0	0.22618	0.54246	0.37969	0.0	0.23907	0.21653	0.2518	0.2608
k__Bacteria.p__Bacteroidetes.c__Bacteroidia.o__Bacteroidales.f__Odoribacteraceae.g__Odoribacter	0.24621	0.0	0.24505	0.0	0.77221	0.90051	2.36557	0.13289	0.22953	1.42248	0.00815	0.0	0.0	0.06615	0.01934	0.0	0.09245	0.02851	0.0	0.5323	0.11912	0.0	0.00856	0.0	0.0	0.09472	0.0	0.0	0.08181	0.02584	0.0	0.11478	0.44607	0.0	0	0.0	0.02165	0.06779	0.12094	0.7764	0.0	0.10257	0.02291	0.0	0.36433	14.29407	9.25073	2.82869	0.0	0.34736	5.484	6.8631	1.4111	0.56757	8.18387	8.38277	4.83483	1.11618
k__Bacteria.p__Bacteroidetes.c__Bacteroidia.o__Bacteroidales.f__Porphyromonadaceae.g__Porphyromonas	0.42906	0.0	0.0	0.0	0.0	3.36289	0.0	0.0	0.0	0.0	0.0	0.0	0.0	0.0	0.0	0.0	0.0	0.0	0.0	0.0	0.0	0.0	0.0	0.0	0.0	0.0	0.0	0.0	0.0	0.0	0.0	0.0	0.0	0.0	0	0.0	0.0	0.0	0.0	0.0	0.0	0.0	0.0	0.0	0.89946	0.0	0.20792	0.0	0.0	0.0	0.43578	0.69817	0.0	0.0	0.0	0.0	0.54677	0.10178
k__Bacteria.p__Bacteroidetes.c__Bacteroidia.o__Bacteroidales.f__Prevotellaceae.g__Alloprevotella	0.0	0.0	0.0	0.0	0.0	0.0	0.0	0.0	0.0	0.0	0.0	0.0	1.89369	0.0	0.0	0.0	0.0	0.0	0.0	0.0	0.0	0.0	0.0	0.0	0.0	0.0	0.0	0.0	0.0	0.0	0.0	0.0	0.0	0.0	0	0.0	0.0	0.0	0.0	0.0	0.0	0.0	0.0	0.0	0.00474	0.0	0.0	0.0	0.0	0.0	0.0301	0.0	0.0	0.0	0.0	0.0	0.00428	0.0
k__Bacteria.p__Bacteroidetes.c__Bacteroidia.o__Bacteroidales.f__Prevotellaceae.g__Paraprevotella	0.17797	0.0	0.0	0.0	1.04213	0.0	0.0	0.0	0.0	4.6248	0.0	0.0	0.0	0.0	0.0	0.01504	0.0	0.0	0.0	0.0	0.0	0.0	0.0	0.0	0.0	0.0	0.0	0.0	0.0	0.0	0.79083	0.0	0.0	0.0	0	0.0	0.0	0.0	0.0	0.18948	0.0	0.05619	0.0	0.0	0.00442	0.0	0.0	0.0	0.0	1.21512	0.00589	0.0	0.52541	0.0	0.50043	0.49585	0.00427	0.0
k__Bacteria.p__Bacteroidetes.c__Bacteroidia.o__Bacteroidales.f__Prevotellaceae.g__Prevotella	6.99146	0.22441	0.70697	7.12627	30.95012	4.66943	0.02316	3.5143	29.05677	6.11462	36.90144	0.0	0.17807	86.80403	78.72441	78.2408	0.0	71.40672	31.52463	23.08387	0.0	66.96474	87.24307	95.87146	74.48139	36.70138	93.55195	85.93279	18.23492	81.83568	9.46928	0.0	58.23338	52.26581	0	53.79694	82.18147	46.31854	38.87673	0.0	71.03741	79.53355	75.61696	38.54579	48.01244	35.53544	39.76365	50.11586	7.10647	30.37181	41.92122	44.32714	39.43261	37.25404	35.21922	33.2958	41.87247	28.81101
k__Bacteria.p__Bacteroidetes.c__Bacteroidia.o__Bacteroidales.f__Rikenellaceae.g__Alistipes	1.02117	0.0	0.01389	0.0	0.27459	1.14777	8.61851	3.15492	0.17226	31.96697	0.43844	0.0	0.0	0.00606	0.0	0.0	4.59413	0.0	0.0	7.61301	3.77925	0.0	0.01704	0.0	0.0	0.33181	0.0	0.15549	0.58847	0.00389	2.25694	12.77069	0.0	0.0	0.0	0.02064	0.07969	4.80851	0.22857	10.74778	0.0	0.92952	0.0	0.0	0.15373	1.38154	1.08501	0.31399	0.0	0.09737	0.60976	0.6582	0.24495	0.0	0.93634	1.13151	0.74707	0.11499
k__Bacteria.p__Bacteroidetes.c__Bacteroidia.o__Bacteroidales.f__Tannerellaceae.g__Parabacteroides	2.63991	0.0	0.14012	0.0	13.53364	1.61386	7.82637	0.15507	0.0	2.01562	1.05321	0.10566	0.0	0.18867	0.03626	0.01066	4.28362	0.18582	0.0466	0.69217	4.2302	0.86057	0.07358	0.0	0.1764	0.178	0.0	0.13059	0.42186	0.0	2.33261	0.65002	0.0	0.0	0.0	0.04645	0.0	2.2674	0.25506	0.50981	0.0	0.33041	0.0272	2.25029	1.22805	4.1777	2.88627	6.93366	0.01606	15.39657	2.35522	2.01503	11.28271	2.2444	8.57259	8.96701	2.13486	2.72682
k__Bacteria.p__Candidatus_Melainabacteria.c__Candidatus_Melainabacteria_unclassified.o__Candidatus_Gastranaerophilales.f__Candidatus_Gastranaerophilales_unclassified.g__Candidatus_Gastranaerophilales_unclassified	0.0	0.0	0.0	0.0	0.0	0.0	0.0	0.0	0.0	0.0	0.0	0.0	0.0	0.0	0.0	0.0	0.0	0.0	0.0	1.43208	0.0	0.0	0.0	0.0	0.0	0.0	0.0	0.0	0.0	0.0	0.0	0.0	0.0	0.0	0.0	0.0	0.0	0.0	0.0	0.0	0.0	0.0	0.0	0.0	0.0	0.0	0.0	0.0	0.0	0.0	0.0	0.0	0.0	0.0	0.0	0.0	0.0	0.0
k__Bacteria.p__Firmicutes.c__Bacilli.o__Bacillales.f__Bacillales_unclassified.g__Gemella	0.02437	0.22278	0.0	0.0	0.0	0.0	0.0	0.06999	0.0	0.0	0.0	0.0	0.0	0.0	0.0	0.0	0.0	0.0	0.0	0.0	0.0	0.0	0.0	0.0	0.0	0.0	0.0	0.0	0.0	0.0	0.0	0.0	0.0	0.0	0.0	0.0	0.0	0.0	0.0	0.0	0.0	0.0	0.0	0.0	0.0	0.0	0.0	0.0	0.0	0.0	0.00655	0.0	0.0	0.0	0.0	0.0	0.0	0.0
k__Bacteria.p__Firmicutes.c__Bacilli.o__Lactobacillales.f__Carnobacteriaceae.g__Granulicatella	0.0	0.0	0.01244	0.0	0.0	0.0	0.0	0.0	0.0	0.0	0.0	0.0	0.0	0.0	0.0	0.0	0.0	0.0	0.0	0.0	0.0	0.0	0.0	0.0	0.0	0.0	0.0	0.0	0.0	0.0	0.0	0.0	0.0	0.0	0.0	0.0	0.0	0.0	0.0	0.0	0.0	0.0	0.0	0.0	0.0	0.0	0.0	0.0	0.0	0.0	0.0	0.0	0.0	0.0	0.0	0.0	0.0	0.0
k__Bacteria.p__Firmicutes.c__Bacilli.o__Lactobacillales.f__Enterococcaceae.g__Enterococcus	0.27064	0.0245	0.04167	0.02495	0.0	0.0	0.0	0.0	0.0	0.0	0.02341	1.21669	0.0	0.0	0.0	0.0	0.0	0.0	0.0	0.0	0.0	0.0	0.0	0.0	0.0	0.0	0.0	0.0	0.0	0.0	0.0	0.0	0.0	0.0	0.0	0.0	0.0	0.0	0.0	0.0	0.0	0.0	0.0	0.0	0.0	0.3846	0.10653	0.0	0.0	0.0	0.10214	0.1527	0.0	0.0	0.12766	0.17132	0.10838	0.0
k__Bacteria.p__Firmicutes.c__Bacilli.o__Lactobacillales.f__Lactobacillaceae.g__Lactobacillus	0.93597	5.50496	0.53729	0.0	0.38915	0.0	0.0	0.08491	0.0544	0.17471	0.91795	0.38678	0.02406	0.0	1.37004	0.22307	0.0304	0.13407	0.32639	0.76987	1.61248	0.26135	1.65321	0.04064	0.23848	1.82899	0.12803	0.05217	0.4194	1.4481	0.0	0.04553	0.0	0.0	12.73411	0.01913	1.67992	0.27101	1.70347	0.0	0.76611	0.0	0.00316	0.0	0.0	0.0	0.0	0.0	0.0	0.99448	0.0	0.0	0.36938	0.0	0.2964	0.24113	0.0	0.0
k__Bacteria.p__Firmicutes.c__Bacilli.o__Lactobacillales.f__Leuconostocaceae.g__Weissella	0.04245	0.32626	0.0	0.0	0.0	0.0	0.0	0.0	0.0	0.0	0.0	0.0	0.05463	0.0	0.10861	0.0	0.0	0.0	0.0	0.0	0.0	0.08978	0.0	0.0	0.00661	0.0	0.0	0.0	0.0	0.0	0.0	0.0	0.0	0.0	0.0	0.0	0.0	0.0	0.0	0.0	0.0	0.0	0.0	0.0	0.0	0.0	0.0	0.0	0.0	0.0	0.0	0.0	0.0	0.0	0.0	0.0	0.0	0.0
k__Bacteria.p__Firmicutes.c__Bacilli.o__Lactobacillales.f__Streptococcaceae.g__Streptococcus	1.7266	12.78623	0.80616	0.02935	0.0	0.0	0.0	0.0	0.0	0.0	0.04727	0.01997	0.12426	0.0	0.01251	0.0	0.0	0.0	0.0	0.0	0.02832	0.01894	0.12748	0.0	0.16367	0.0	0.0	0.0	0.0	0.0	0.0	0.0	0.0	0.0	0.0	0.0	0.0	0.11239	0.0	0.0	0.15522	0.0	0.0	0.0	0.0	0.0	0.02388	0.00602	0.74612	0.025	0.0	0.13635	0.0	0.0	0.0	0.01694	0.0	0.27642
k__Bacteria.p__Firmicutes.c__Clostridia.o__Clostridiales.f__Clostridiaceae.g__Butyricicoccus	0.0	0.0	0.31086	0.0	0.0	0.0	0.0	0.0	0.0	0.0	0.0	0.0	0.0	0.0	0.0	0.0	0.0	0.0	0.0	0.0	0.0	0.0	0.0	0.0	0.0	0.0	0.0	0.0	0.0	0.0	0.0	0.0	0.0	0.0	0.0	0.0	0.0	0.0	0.0	0.0	0.0	0.0	0.0	0.0	0.0	0.0	0.0	0.0	0.0	0.0	0.0	0.0	0.0	0.0	0.0	0.0	0.0	0.0
k__Bacteria.p__Firmicutes.c__Clostridia.o__Clostridiales.f__Clostridiaceae.g__Clostridium	0.08775	0.01299	0.0	0.0	0.0	24.82502	0.0	0.0	0.0	0.0	0.0	0.0	0.0	0.0	0.0	0.0	0.0	0.1296	2.78951	0.03308	0.07982	0.0	0.0	0.0	0.0	0.0	0.0	0.0	16.59821	0.0	0.0	0.0	0.0	9.65935	0.0	0.0	0.0	0.0	0.0	0.0	0.0	0.0	0.0	15.12954	1.15555	0.49325	0.80087	1.25601	4.67436	0.0	0.88755	0.95395	0.5486	13.97693	0.24214	0.28689	0.87743	2.88397
k__Bacteria.p__Firmicutes.c__Clostridia.o__Clostridiales.f__Clostridiaceae.g__Hungatella	0.0	0.0	0.0	0.0	0.0	0.0	0.0	0.0	0.0	0.0	0.0	0.0	0.0	0.0	0.0	0.0	0.0	0.0	0.0	0.0	0.0	0.0	0.0	0.0	0.0	0.0	0.0	0.0	0.0	0.0	0.0	0.0	0.0	0.0	0.0	0.0	0.0	0.0	0.0	0.0	0.0	0.0	0.0	0.0	0.0	0.01893	0.0	0.0	0.0	0.0	0.00488	0.01804	0.0	0.0	0.00806	0.01006	0.0042	0.0
k__Bacteria.p__Firmicutes.c__Clostridia.o__Clostridiales.f__Clostridiales_Family_XIII_Incertae_Sedis.g__Mogibacterium	0.0	0.0	0.0	0.0	0.0	0.16843	0.0	0.0	0.0	0.0	0.0	0.0	0.0	0.0	0.0	0.0	0.0	0.0	0.0	0.0	0.0	0.0	0.0	0.0	0.0	0.0	0.0	0.0	0.0	0.0	0.0	0.0	0.0	0.0	0.0	0.0	0.0	0.0	0.0	0.0	0.0	0.0	0.0	0.0	0.0	0.0	0.0	0.0	0.0	0.0	0.0	0.0	0.0	0.0	0.0	0.0	0.0	0.0
k__Bacteria.p__Firmicutes.c__Clostridia.o__Clostridiales.f__Clostridiales_unclassified.g__Clostridiales_unclassified	0.78806	0.0	0.0	0.0	0.0	0.0	0.0	0.0	0.0	0.0	0.0	0.0	0.0	0.0	0.0	0.0	0.0	0.0	0.0	0.0	0.0	0.0	0.0	0.0	0.0	0.0	0.0	0.0	0.0	0.0	0.0	0.0	0.0	0.01086	0.0	0.0	0.0	0.0	0.0	0.0	0.0	0.0	0.22215	0.0	0.0	0.0	0.0	0.0	0.0	0.0	0.0	0.0	0.0	0.0	0.0	0.0	0.0	0.0
k__Bacteria.p__Firmicutes.c__Clostridia.o__Clostridiales.f__Clostridiales_unclassified.g__Intestinimonas	0.0	0.0	0.0	0.0	0.0	0.0	0.0	0.02204	0.55327	0.25517	0.0	0.0	0.0	0.0	0.0	0.0	0.0	0.0	0.0	0.0	0.0	0.0	0.0	0.0	0.0	0.0	0.0	0.0	0.0	0.0	0.0	0.09649	0.0	0.0	0.0	0.0	0.0	0.0	0.0	0.0	0.0	0.0	0.0	0.0	0.18751	0.0	0.0	0.25404	0.0	0.0	0.13724	0.00599	0.12523	0.0	0.0	0.0	0.13152	0.13489
k__Bacteria.p__Firmicutes.c__Clostridia.o__Clostridiales.f__Clostridiales_unclassified.g__Lawsonibacter	0.0	0.0	0.0	0.0	0.0	0.0	0.0	0.0	0.0	0.03152	0.0	0.0	0.0	0.0	0.0	0.0	0.0	0.0	0.0	0.0	0.0	0.0	0.0	0.0	0.0	0.0	0.0	0.0	0.0	0.0	0.0	0.0	0.0	0.0	0.0	0.0	0.0	0.0	0.0	0.0	0.0	0.0	0.0	0.0	0.0	0.0	0.0	0.0	0.0	0.0	0.0	0.0	0.0	0.0	0.0	0.0	0.0	0.0
k__Bacteria.p__Firmicutes.c__Clostridia.o__Clostridiales.f__Eubacteriaceae.g__Eubacterium	0.63407	0.57115	0.0	4.39173	0.0	13.61307	0.49494	24.31286	16.23956	0.05903	0.06958	0.0	2.19901	1.96872	0.28793	0.69707	2.72103	0.59302	6.01636	1.712	2.30218	6.20809	0.32587	0.0981	1.54864	0.07019	0.0	1.27782	1.14577	0.0	5.77301	0.27209	3.56422	1.10132	0.14628	0.0	0.0	0.23961	0.06107	1.81773	1.4109	0.71678	2.79253	0.30126	2.3308	0.18134	0.09376	6.13933	15.54386	0.01688	1.28036	0.07975	2.54395	0.41991	0.11579	0.10468	1.35323	9.7662
k__Bacteria.p__Firmicutes.c__Clostridia.o__Clostridiales.f__Lachnospiraceae.g__Anaerostipes	0.00339	0.0	2.53127	0.0	0.0	0.0	0.0	0.08526	0.0	0.0	0.0	0.05269	0.0	0.0	0.0	0.0	0.0	0.0	0.0	0.20703	0.0	0.0	0.0	0.0	0.0	0.0	0.0	0.0	0.0	0.0	0.0	0.0	0.0	0.0	0.0	0.0	0.0	0.0	0.0	0.0	0.0	0.0	0.0	0.05241	0.0	0.0	0.0	0.0	0.0	0.0	0.0	0.0	0.0	0.00969	0.0	0.0	0.0	0.0
k__Bacteria.p__Firmicutes.c__Clostridia.o__Clostridiales.f__Lachnospiraceae.g__Blautia	0.50019	0.48561	2.20597	0.0	1.92142	0.0	0.0	0.00596	0.0	0.0	0.0	0.0	0.06111	0.0	0.03059	0.02705	0.0	0.05164	0.93574	0.48043	0.00707	0.49607	0.13794	0.0125	0.0	0.04282	0.0	0.0	0.91574	0.0	0.0	0.0	0.0	0.0	0.12193	0.0	0.0	0.0	0.03394	0.0	0.0	0.0	0.00713	0.05844	0.04646	0.0	0.0	0.0	0.11479	1.32613	0.0	0.00697	0.64193	0.14143	0.54383	0.47184	0.03683	0.03648
k__Bacteria.p__Firmicutes.c__Clostridia.o__Clostridiales.f__Lachnospiraceae.g__Butyrivibrio	0.0	0.0	0.0	0.0	0.0	0.0	0.0	0.0	0.0	0.0	0.0	0.0	0.0	0.0	0.0	0.0	0.0	7.64404	8.68845	0.0	0.0	0.0	0.0	0.0	0.0	0.0	0.0	0.0	0.0	0.0	0.0	0.0	0.6187	22.86796	0.0	0.0	0.0	0.0	0.0	0.0	0.0	0.0	2.45504	0.0	0.35655	0.6712	0.5257	0.29378	10.13077	0.0	0.39684	0.57521	0.14747	0.0	0.31678	0.30019	0.47126	4.73657
k__Bacteria.p__Firmicutes.c__Clostridia.o__Clostridiales.f__Lachnospiraceae.g__Coprococcus	0.17759	0.0	0.0	0.0	0.86617	0.0	0.04988	5.71205	0.0113	0.0	0.18824	0.01525	0.0	0.40224	0.20437	0.04781	0.02376	0.34473	0.64943	0.0093	0.14775	0.27083	0.27041	0.0	0.52709	0.35923	0.01848	0.08027	1.33179	0.01209	0.0	0.00587	0.15743	0.0	0.00892	0.0	0.04259	1.0206	0.51277	0.0	0.1406	0.34239	0.0	0.47484	0.0	0.04243	0.03001	0.2585	0.23176	0.25078	0.0221	0.0	0.28639	0.50247	0.0779	0.15252	0.01533	0.21225
k__Bacteria.p__Firmicutes.c__Clostridia.o__Clostridiales.f__Lachnospiraceae.g__Dorea	0.12592	1.11048	1.93685	0.0	0.0	0.0	0.60969	0.11309	0.53908	0.0	0.06198	0.0	0.0	0.0	0.30262	0.36291	0.02311	0.23074	1.7019	0.07492	7.18985	0.0	0.27141	0.0	0.16492	0.08684	0.03186	0.0	1.30822	0.0	0.0	0.0	0.86743	0.0	0.0	0.0	0.0	0.0	0.18169	0.03341	0.64551	0.0	0.04243	0.0	0.0382	0.07492	0.0	0.0	0.32481	0.0	0.0448	0.00959	0.0	0.0	0.00591	0.01396	0.03849	0.17747
k__Bacteria.p__Firmicutes.c__Clostridia.o__Clostridiales.f__Lachnospiraceae.g__Eisenbergiella	0.0	0.0	0.0	0.0	0.0	0.0	0.0	0.0	0.0	0.0	0.0	0.0	0.0	0.0	0.0	0.0	0.0	0.0	0.0	0.0	0.0	0.0	0.0	0.0	0.0	0.0	0.0	0.0	0.0	0.0	0.0	0.0	0.0	0.0	0.0	0.0	0.0	0.0	0.0	0.0162	0.0	0.0	0.0	0.0	0.0	0.12202	0.22251	0.0	0.0	0.0	0.16342	0.1353	0.0	0.0	0.09235	0.05729	0.10879	0.0
k__Bacteria.p__Firmicutes.c__Clostridia.o__Clostridiales.f__Lachnospiraceae.g__Fusicatenibacter	0.00965	0.0	1.16192	0.03612	0.0	0.0	0.0	0.00655	0.01765	0.0	0.04767	0.0	0.92471	0.0	0.0	0.0	0.01048	0.0	0.0	0.01831	0.0	0.0	0.0	0.0	0.0	0.06378	0.0	0.0	0.00305	0.0	0.04804	0.24683	0.0	0.0	0.10829	0.0	0.0	0.0	0.08525	0.0	0.0	0.0	0.0	0.0	0.0	0.0	0.0	0.0	0.0	0.0	0.0	0.0	0.0	0.0	0.0	0.0	0.0	0.0
k__Bacteria.p__Firmicutes.c__Clostridia.o__Clostridiales.f__Lachnospiraceae.g__Lachnoclostridium	1.63392	0.15533	0.0	0.0	0.0	0.0	0.07138	0.0	0.0	0.3515	0.0	0.0	0.0	0.0	0.0	0.0	0.0	0.0	0.0	0.0	0.0	0.0	0.0	0.0	0.0	0.0	0.0	0.0	0.0	0.0	0.0	0.0	0.0	0.0	0.0	0.0	0.0	0.0	0.0	0.0	0.0	0.0	0.0	0.0	0.0	0.89241	0.70122	0.0	0.0	0.0	0.44301	0.55488	0.0	0.0	0.4598	0.45742	0.41743	0.0
k__Bacteria.p__Firmicutes.c__Clostridia.o__Clostridiales.f__Lachnospiraceae.g__Lachnospira	0.0	0.0	0.0	0.0	0.0	0.0	0.0	0.0	0.0	0.0	0.0	0.0	0.0	0.04542	0.0	0.0	0.0	0.0	1.04583	0.0	0.0	0.39185	0.03337	0.5934	1.85656	0.0	0.0	0.0	0.0	0.0	0.0	0.0	0.0	0.0	0.0	0.0	0.0	0.01599	0.0	0.0	0.0	0.0	0.08756	0.0	0.0	0.0	0.0	0.0	0.0	0.0	0.0	0.0	0.0	0.0	0.0	0.0	0.0	0.0
k__Bacteria.p__Firmicutes.c__Clostridia.o__Clostridiales.f__Lachnospiraceae.g__Lachnospiraceae_unclassified	0.05039	0.02461	0.0	0.0	0.09169	0.0	0.0	13.77966	1.40596	0.0	0.35673	0.0	0.0	1.54806	9.8119	3.28133	0.64361	6.85524	15.72571	0.20513	1.17527	7.96704	1.01025	0.40005	6.65805	1.57102	0.76775	0.12836	9.84427	0.0	0.0	1.6997	5.02788	2.88784	0.10742	0.0	0.0	2.12862	1.64141	0.39055	2.92822	0.2439	1.49865	0.0	0.0	0.0	0.0	0.0	1.03441	0.12197	0.0	0.0	0.00798	0.0	0.01791	0.01702	0.0	0.47731
k__Bacteria.p__Firmicutes.c__Clostridia.o__Clostridiales.f__Lachnospiraceae.g__Roseburia	0.9403	0.32404	8.16503	4.82395	1.24033	1.50706	0.0	0.84353	0.36064	0.97583	4.55774	0.0	3.70361	0.41107	0.23276	2.27479	9.47817	2.7076	6.75802	0.7009	16.358	0.31744	0.55813	0.73161	1.20254	2.43121	2.6889	3.91035	6.15793	0.25146	2.89793	4.58686	7.6195	0.43128	0.9567	0.0	0.27685	0.2436	2.31357	0.06653	14.53717	0.48657	0.86836	0.0	0.81368	0.82899	0.28768	0.18565	0.58049	0.39075	0.64787	0.29973	0.19286	0.0	0.65557	0.64742	0.71417	0.39385
k__Bacteria.p__Firmicutes.c__Clostridia.o__Clostridiales.f__Oscillospiraceae.g__Oscillibacter	0.03707	0.15797	0.0	0.0	0.0	0.79703	3.39932	0.24588	0.81465	0.49867	1.13747	0.0	0.0	0.83412	0.07925	0.0	0.0	0.41391	0.14711	0.11397	0.0	0.0	0.36612	0.0	0.11872	0.04797	0.0	0.18502	0.5254	0.01435	2.48229	1.22863	0.30978	2.6268	0.0	0.05177	0.03687	0.0	0.06798	0.05297	0.19384	0.10495	0.81611	0.48454	0.87266	0.6973	2.42243	5.30192	5.36825	0.0	1.42039	3.03036	2.64439	0.71254	0.39713	0.3264	1.5316	5.05275
k__Bacteria.p__Firmicutes.c__Clostridia.o__Clostridiales.f__Peptostreptococcaceae.g__Intestinibacter	0.0	0.0	0.0	0.0	0.0	0.0	0.0	0.0	0.0	0.0	0.0	0.0	0.0	0.0	0.0	0.0	0.0	0.0	0.0	0.0	0.0	0.0	0.0	0.0	0.0	0.0	0.0	0.0	0.10534	0.0	0.0	0.0	0.0	0.0	0.0	0.0	0.0	0.0	0.0	0.0	0.0	0.0	0.0	0.0	0.0	0.0	0.0	0.0	0.0	0.0	0.0	0.0	0.0	0.0	0.0	0.0	0.0	0.0
k__Bacteria.p__Firmicutes.c__Clostridia.o__Clostridiales.f__Peptostreptococcaceae.g__Peptostreptococcus	0.05611	0.0	0.0	0.0	0.0	0.0	0.0	0.00814	2.64245	0.0	0.0	0.0	0.00906	0.0	0.0	0.0	0.0	0.0	0.0	0.0	0.0	0.0	0.0	0.0	0.0	0.0	0.0	0.0	0.0	0.0	0.0	0.0	0.0	0.0	0.0	0.0	0.0	0.0	0.0	0.0	0.0	0.0	0.0	0.0	0.0	0.0	0.0	0.0	0.0	0.0	0.0	0.0	0.0	0.0	0.0	0.0	0.0	0.0
k__Bacteria.p__Firmicutes.c__Clostridia.o__Clostridiales.f__Ruminococcaceae.g__Agathobaculum	0.07018	0.07375	0.0	0.0	0.02192	0.0	0.0	0.02982	0.0	0.0	0.0	0.0	0.0	0.0	0.057	0.0	0.0	0.0	0.01284	0.29138	0.18803	0.00617	0.0	0.0	0.0	0.0	0.0	0.0	0.34318	0.0	0.29942	0.0	0.0	0.0	4.51517	0.01982	0.0	0.12665	0.0	0.0	0.0	0.0	0.0	0.0	0.0	0.0	0.0	0.09201	0.06315	0.0	0.0	0.0	0.03783	0.0	0.0	0.0	0.0	0.11591
k__Bacteria.p__Firmicutes.c__Clostridia.o__Clostridiales.f__Ruminococcaceae.g__Anaerotruncus	0.0	0.0	0.02501	0.0	0.0	0.0	0.0	0.0	0.0	0.0	0.0	0.0	0.0	0.0	0.0	0.0	0.0	0.0	0.0	0.0	0.0	0.0	0.0	0.0	0.0	0.0	0.0	0.0	0.0	0.0	0.0	0.0	0.0	0.0	0.0	0.0	0.0	0.0	0.0	0.0	0.0	0.0	0.0	0.13434	0.0	0.0	0.0	0.0	0.0	0.0	0.0	0.0	0.0	0.19466	0.0	0.0	0.0	0.0
k__Bacteria.p__Firmicutes.c__Clostridia.o__Clostridiales.f__Ruminococcaceae.g__Faecalibacterium	0.87187	0.74692	0.64798	1.78205	0.0	0.0	0.0	9.64885	1.29709	3.97564	2.08815	0.00354	3.63451	0.58431	2.39736	1.68092	4.85651	3.27901	2.42598	2.81976	1.72927	0.89838	1.27129	0.38258	0.38095	5.50335	0.67692	1.42815	3.60336	7.44384	1.3436	2.1882	2.18555	0.9514	0.0	1.76395	6.9625	1.10068	4.84305	2.91182	0.46793	0.31182	0.66372	0.01674	0.93489	0.0	0.0	0.52573	1.62197	0.0	0.41391	0.04749	0.18663	0.11097	0.0	0.0	0.52577	0.89686
k__Bacteria.p__Firmicutes.c__Clostridia.o__Clostridiales.f__Ruminococcaceae.g__Flavonifractor	1.43682	4.93969	0.62027	0.44465	0.26787	0.0	0.693	0.0	0.0	0.57979	0.13035	0.20661	0.11566	0.0	0.0	0.0	0.00513	0.0	0.0	0.0	0.0	0.0	0.0	0.0	0.0	0.0	0.0	0.0	0.0	0.0	0.63858	0.0	0.0	0.0	0.29903	0.0	0.0	0.0	0.0	0.04064	0.0	0.0	0.0	0.0	0.00686	1.54013	1.01745	0.0	0.0	0.07273	0.66396	0.64222	0.01753	0.00629	1.22306	0.9269	0.61662	0.0
k__Bacteria.p__Firmicutes.c__Clostridia.o__Clostridiales.f__Ruminococcaceae.g__Gemmiger	0.19565	1.12779	0.0	0.0	0.0	0.0	0.10923	0.12617	0.0	0.13273	0.0088	0.0	0.0	0.0	0.0	0.01271	0.0	0.0	0.00633	0.15339	0.0	0.00813	0.0	0.0	0.0	0.0256	0.0	0.0	0.24602	0.04871	0.08185	0.10177	0.0	0.0	0.0	0.0	0.05102	0.0	0.03705	0.0	0.0	0.0	0.0	0.0	0.0	0.0	0.0	0.0	0.0	0.0	0.0	0.0	0.0	0.0	0.0	0.0	0.0	0.0
k__Bacteria.p__Firmicutes.c__Clostridia.o__Clostridiales.f__Ruminococcaceae.g__Ruminococcaceae_unclassified	0.40198	0.0	0.0	0.0	0.0	0.0	0.0	0.0	5.26545	0.0	0.04441	0.0	0.0	0.0	0.0	0.0	0.0	0.0	0.04054	0.22955	0.0	0.0	0.0	0.0	0.0	0.0	0.0	0.13622	1.19972	0.0	0.04353	0.0	1.56565	0.0	0.0	0.0	0.0	0.01479	0.0	3.38963	0.0	0.0	0.0	0.77347	0.0	0.03857	0.16531	0.05846	1.30945	0.0	0.10662	0.21179	0.01943	0.55971	0.04528	0.02098	0.07916	0.66825
k__Bacteria.p__Firmicutes.c__Clostridia.o__Clostridiales.f__Ruminococcaceae.g__Ruminococcus	0.09491	0.44022	0.06238	0.0	0.0	0.18922	5.47624	1.51988	0.28959	2.07655	0.0	0.0	0.37382	0.48465	0.01765	0.12528	2.09178	0.62146	1.01205	9.41811	0.21105	0.0	0.0	0.0	0.0	0.6431	0.0	0.03234	2.87711	0.14918	0.0	2.0714	0.57387	0.33546	0.12619	0.0	0.19897	0.0	0.5871	0.5764	0.0	0.0	0.0	11.9369	0.22632	0.27236	0.32055	0.17749	7.55198	0.0	0.16344	0.56794	0.07171	11.26179	0.12589	0.12477	0.21076	3.52218
k__Bacteria.p__Firmicutes.c__Clostridia.o__Clostridiales.f__Ruminococcaceae.g__Ruthenibacterium	0.94295	0.0	0.02276	0.0	0.0	0.78571	0.62938	0.28302	0.14108	2.0512	0.12823	0.0	0.0	0.0	0.0	0.0	0.0	0.0	0.0	0.0	0.0	0.0	0.0	0.0	0.0	0.0	0.0	0.0	0.00792	0.0	1.57871	0.0	0.0	0.0	0.0	0.0	0.0	0.00521	0.0	0.0	0.0	0.0	0.0	0.0	0.0	2.21102	2.36582	0.23838	0.0	0.0	1.53582	1.73589	0.12428	0.08595	1.45511	1.23196	1.34613	0.09894
k__Bacteria.p__Firmicutes.c__Erysipelotrichia.o__Erysipelotrichales.f__Erysipelotrichaceae.g__Catenibacterium	0.0	0.0	0.0	0.0	0.0	0.0	0.0	0.02022	0.23918	0.0	0.0	0.0	0.0	0.0	0.0	0.01699	0.07043	0.08881	0.30588	0.0799	0.0	0.06916	0.0	0.0	0.04305	0.0	0.21677	0.0	0.92135	0.0	0.0	0.0	0.0	0.0	0.0	0.0	0.0	0.0	0.0	0.0	0.13566	0.01373	0.13002	0.12981	0.0	0.0271	0.04065	0.05272	0.38542	0.0	0.0	0.05451	0.02513	0.15398	0.0	0.0	0.0	0.22908
k__Bacteria.p__Firmicutes.c__Erysipelotrichia.o__Erysipelotrichales.f__Erysipelotrichaceae.g__Erysipelatoclostridium	0.07689	0.0	0.129	0.0	0.0	0.0	0.0	0.0	0.0	0.0	0.0	0.0	0.0	0.0	0.0	0.0	0.0	0.0	0.0	0.0	0.0	0.0	0.0	0.0	0.0	0.0	0.0	0.0	0.0	0.0	0.0	0.0	0.0	0.0	0.0	0.0	0.0	0.0	0.0	0.0	0.0	0.0	0.0	0.0	0.0	0.0	0.0	0.0	0.0	0.0	0.0	0.0	0.0	0.0	0.0	0.0	0.0	0.0
k__Bacteria.p__Firmicutes.c__Erysipelotrichia.o__Erysipelotrichales.f__Erysipelotrichaceae.g__Holdemanella	0.0	0.0	0.0	0.0	0.0	0.0	0.2242	0.0	0.0	0.0	0.0	0.00642	0.0	0.0	0.02558	0.0	0.0	0.0	0.00438	0.0	0.0	0.71611	0.00614	0.0	0.0	0.0	0.0	0.0	0.0	0.0	0.0	0.0	0.0	0.0	0.0	0.0	0.0	0.0	0.0	0.0	0.17975	0.0	0.0	0.0	0.2445	0.03294	0.0	0.0	0.35232	0.0	0.12629	0.00852	0.0	0.0	0.00326	0.0	0.12401	0.19873
k__Bacteria.p__Firmicutes.c__Erysipelotrichia.o__Erysipelotrichales.f__Erysipelotrichaceae.g__Solobacterium	0.0	0.0	0.0	0.0	0.0	0.0	0.0	0.0	0.68947	0.0	0.0	0.0	0.0	0.0	0.0	0.0	0.0	0.0	0.0	0.0	0.0	0.0	0.0	0.0	0.0	0.0	0.0	0.0	0.0	0.0	0.0	0.0	0.0	0.0	0.0	0.0	0.0	0.0	0.0	0.0	0.0	0.0	0.0	0.0	0.01109	0.0	0.0	0.0	0.0	0.0	0.01662	0.0	0.0	0.0	0.0	0.0	0.00494	0.0
k__Bacteria.p__Firmicutes.c__Erysipelotrichia.o__Erysipelotrichales.f__Erysipelotrichaceae.g__Turicibacter	0.0	0.0	0.0	0.0	0.0	0.0	0.0	0.0	0.0	0.0	0.0	0.0	0.0	0.0	0.00741	0.0	0.0	0.0	0.0	0.0	0.0	0.0	0.0	0.0	0.0	0.0	0.0	0.0	0.0	0.0	0.0	0.0	0.0	0.0	0.0	0.0	0.0	0.0	0.0	0.0	0.0	0.0	0.00269	0.0	0.0	0.0	0.0	0.0	0.0	0.0	0.0	0.0	0.0	0.0	0.0	0.0	0.0	0.0
k__Bacteria.p__Firmicutes.c__Firmicutes_unclassified.o__Firmicutes_unclassified.f__Firmicutes_unclassified.g__Firmicutes_unclassified	1.62322	0.0	0.0	0.0	0.0	0.04188	0.0132	0.98115	1.36941	0.66718	1.11476	0.0	0.0	0.06624	0.0	0.0	0.0	0.52776	0.08932	0.16042	0.3546	0.0	0.04307	0.0	0.0	0.04714	0.15394	0.49639	1.73101	0.33362	7.0751	1.02316	0.24079	1.34498	0.0	0.00442	0.34544	0.0341	0.0	0.0	0.38686	0.39665	0.86048	7.07239	0.0	0.48963	0.62662	1.86418	18.69364	0.0	0.51933	0.83428	0.7493	7.3223	0.291	0.25074	0.43727	10.16498
k__Bacteria.p__Firmicutes.c__Negativicutes.o__Acidaminococcales.f__Acidaminococcaceae.g__Acidaminococcus	1.30472	0.0	0.0	0.0	0.0	0.0	6.10498	0.0	4.58477	0.0	2.58218	0.0	0.0	0.0	0.0	0.0	0.0	0.0	0.0	0.0	0.0	0.0	0.0	0.0	0.0	0.78763	0.0	0.0	0.0	0.0	0.0	0.04277	0.0	0.0	0.0	0.0	0.0	0.0	0.94821	0.0	0.0	0.0	0.0	0.0	0.0	0.0	0.0	0.0	0.0	0.0	0.0	0.0	0.0	0.0	0.0	0.0	0.0	0.0
k__Bacteria.p__Firmicutes.c__Negativicutes.o__Acidaminococcales.f__Acidaminococcaceae.g__Phascolarctobacterium	0.0	0.0	0.20001	0.0	0.0	0.35793	0.0	0.0	0.0	0.0	0.0	0.0	0.0	2.68908	0.0	0.0	0.0	0.06182	0.0	0.0	0.4658	0.0	0.0	0.0	2.34437	0.0	0.0	0.0	0.0	0.0	0.0	0.0	0.0	0.0	0.0	0.0	0.0	0.0	0.0	0.05762	0.49705	0.14831	0.0	0.0	0.0	2.70599	1.65026	0.0	0.63305	0.0	1.10997	1.33027	0.0	0.02499	1.25426	1.48709	1.04715	0.33754
k__Bacteria.p__Firmicutes.c__Negativicutes.o__Selenomonadales.f__Selenomonadaceae.g__Megamonas	0.0	0.0	0.25243	0.0	0.0	0.0	0.0	0.0	0.0	0.0	0.04622	0.0	0.0	0.0	0.20414	0.51389	0.0	0.0	0.0	0.0	0.0	0.15466	0.07869	0.26655	0.0	0.0	0.0	0.0	0.0	0.0	0.0	0.0	0.0	0.0	0.0	0.08455	0.0	0.0	0.0	0.0	0.0	1.87716	0.0	0.0	0.0237	0.0	0.0	0.0	0.0	0.0	0.0	0.0	0.0	0.0	0.0	0.0	0.06354	0.0
k__Bacteria.p__Firmicutes.c__Negativicutes.o__Selenomonadales.f__Selenomonadaceae.g__Mitsuokella	0.0	0.0	0.0	0.0	0.0	0.0	0.35383	0.00303	14.89513	0.00507	2.18985	0.0	2.04268	0.0	0.0	0.0	0.46047	0.10463	2.72416	0.00858	0.0	0.0	0.0	0.0	0.77294	6.58793	0.0	0.0	0.11087	0.24137	0.07949	0.0	6.03051	0.0	0.0	0.17311	0.27434	0.0	6.18794	0.0	2.84468	0.0	4.23702	0.0	0.0	0.0	0.0	0.0	0.0	0.0	0.0	0.0	0.0	0.0	0.0	0.0	0.0	0.0
k__Bacteria.p__Firmicutes.c__Negativicutes.o__Veillonellales.f__Veillonellaceae.g__Allisonella	0.05987	0.0	0.0	0.0	0.4898	0.0	0.0	0.0	0.0	0.0	0.02608	0.0	0.0	0.0	0.0	0.0	0.0	0.0	0.0	0.0	0.0	0.0	0.0	0.0	0.0	0.0	0.0	0.0	0.0	0.0	0.0	0.0	0.0	0.0	0.0	0.0	0.0	0.0	0.0	0.0	0.0	0.0	0.0	0.0	0.0	0.0	0.0	0.0	0.0	0.7087	0.0	0.0	0.3342	0.0	0.31548	0.28251	0.0	0.0
k__Bacteria.p__Firmicutes.c__Negativicutes.o__Veillonellales.f__Veillonellaceae.g__Dialister	1.42754	5.44719	0.5332	3.12142	0.0	1.5376	0.0	0.33836	0.0	0.0	8.58405	0.0	0.97189	0.0	3.7663	6.46041	2.99828	0.0	2.22671	1.05636	0.0	0.0	1.14083	1.57225	0.0	19.454	0.0	0.97919	0.35997	5.68813	8.49075	1.9395	0.0	0.0	3.05297	20.05831	4.8239	1.19616	19.46276	0.0	0.0	1.50998	0.0	7.06269	1.23102	0.0	0.1653	0.0	0.0	0.0	0.60343	0.35538	0.0	7.36735	0.0	0.0	0.64724	0.07196
k__Bacteria.p__Firmicutes.c__Negativicutes.o__Veillonellales.f__Veillonellaceae.g__Megasphaera	0.00511	0.0	0.43425	0.0	0.0	0.0	0.09833	0.09152	1.43427	0.0	0.56916	0.0	3.67613	0.0	0.07908	2.45761	1.60951	0.0	0.16977	0.01068	2.36881	0.00981	0.38235	0.0	0.11505	0.41344	0.52965	0.15857	0.06228	0.52902	0.1533	1.40679	0.0	0.0	34.44568	0.59944	0.51665	0.0	0.3396	0.0	1.73298	0.07507	6.75373	0.0	0.0	0.0	0.0	0.82521	0.20734	0.0	0.0	0.0	0.32737	0.0	0.0	0.0	0.0	0.40824
k__Bacteria.p__Firmicutes.c__Negativicutes.o__Veillonellales.f__Veillonellaceae.g__Veillonella	1.29834	7.93108	6.67102	0.23018	0.94749	0.0	0.0	0.0	0.0	0.0	0.13698	0.0	0.09021	0.0	0.13507	0.00471	0.0	0.0	0.0	0.30162	0.45019	0.13319	0.0028	0.0	0.0	0.0	0.0	0.0	0.0	0.0	0.0	0.0	0.0	0.0	0.0302	0.0	0.0	0.0	0.0	0.0	0.0	0.0	0.0	0.0	0.51348	1.96332	2.7883	1.48901	0.0	1.44612	2.57713	2.45064	1.27482	0.04537	1.80483	1.56231	2.33112	0.60248
k__Bacteria.p__Firmicutes.c__Tissierellia.o__Tissierellales.f__Peptoniphilaceae.g__Parvimonas	0.05045	0.0	0.0	0.0	0.0	7.29352	0.0	1.86491	0.34438	0.0	0.0	0.0	0.0	0.0	0.0	0.0	0.0	0.0	0.0	0.0	0.0	0.0	0.0	0.0	0.0	0.0	0.0	0.0	0.0	0.0	0.0	0.0	0.0	0.0	0.0	0.0	0.0	0.12899	0.0	0.0	0.0	0.0	0.0	0.0	0.18378	0.0	0.0	0.0	0.0	0.0	0.07363	0.0	0.0	0.0	0.0	0.0	0.06755	0.01527
k__Bacteria.p__Fusobacteria.c__Fusobacteriia.o__Fusobacteriales.f__Fusobacteriaceae.g__Cetobacterium	0.0	0.0	0.0	0.0	0.0	0.0	0.0	0.0	0.02348	0.0	0.0	0.0	0.0	0.0	0.0	0.0	0.0	0.0	0.0	0.0	0.0	0.0	0.0	0.0	0.0	0.0	0.0	0.0	0.0	0.0	0.0	0.0	0.0	0.0	0.0	0.0	0.0	0.0	0.0	0.0	0.0	0.0	0.0	0.0	0.0	0.0	0.0	0.0	0.0	0.0	0.0	0.0	0.0	0.0	0.0	0.0	0.0	0.0
k__Bacteria.p__Fusobacteria.c__Fusobacteriia.o__Fusobacteriales.f__Fusobacteriaceae.g__Fusobacterium	0.0	0.0	0.0	0.0	0.0	0.0	0.0	0.02789	1.05697	0.0	0.0	0.0	0.0	0.0	0.0	0.0	0.05449	0.0	0.0	0.0	0.12338	0.0	0.0	0.0	0.0	0.0	0.0	0.0	0.0	0.0	0.0	0.0	0.0	0.0	0.0	0.0	0.0	0.0	0.0	0.0	0.0	0.0	0.0	0.0	0.06626	0.0	0.0	0.0	0.38848	0.0	0.06445	0.0	0.0	0.0	0.0	0.0	0.04337	0.20731
k__Bacteria.p__Lentisphaerae.c__Lentisphaeria.o__Victivallales.f__Victivallaceae.g__Victivallis	0.0	0.0	0.0	0.0	0.0	0.0	0.0	0.0	0.0	0.0	0.0	0.0	0.0	0.0	0.0	0.0	0.0	0.0	0.0	0.18388	0.0	0.0	0.0	0.0	0.0	0.0	0.0	0.0	0.0	0.0	0.0	0.0	0.0	0.0	0.0	0.0	0.0	0.0	0	0.0	0.0	0.0	0.0	0	0.0	0.0	0.0	0.0	0.0	0.0	0.0	0.0	0.0	0.01098	0.0	0.0	0.0	0.0
k__Bacteria.p__Proteobacteria.c__Betaproteobacteria.o__Burkholderiales.f__Comamonadaceae.g__Comamonas	0.0	0.0	0.0	0.0	0.0	0.0	0.0	0.0	0.0	0.0	0.0	0.0	0.0	0.06448	0.0	0.0	0.0	0.00876	0.44447	7.55889	0.0	0.0	0.0	0.0	0.0	0.0	0.0	0.0	0.0	0.0	0.0	0.02104	0.0	0.0	0.0	0.0	0.0	0.0	0	0.0	0.16035	0.0	0.0	0	0.0	0.0	0.0	0.0	3.38988	0.0	0.0	0.0	0.0	0.0	0.0	0.0	0.0	1.91922
k__Bacteria.p__Proteobacteria.c__Betaproteobacteria.o__Burkholderiales.f__Sutterellaceae.g__Parasutterella	1.59193	4.83497	0.0	6.31791	0.0	0.0	0.0	0.08448	0.0	0.0	0.0	0.2274	0.0	0.0	0.0	0.0	0.5817	0.0	0.1064	0.0	0.0	0.0	0.0	0.0	0.0	0.0	0.0	0.0	0.0	0.0	0.0	0.0	0.0	0.0	0.0	0.0	0.0	0.28072	0	0.66601	0.0	0.0	0.0	0	0.0	0.0	0.0	0.0	0.0	0.0	0.0	0.0	0.0	0.0	0.0	0.0	0.0	0.0
k__Bacteria.p__Proteobacteria.c__Betaproteobacteria.o__Burkholderiales.f__Sutterellaceae.g__Sutterella	0.0	0.0	0.0	0.0	0.0	0.0	0.0	0.0	0.0	0.0	0.0	0.0	0.0	0.0	0.0	0.0	0.0	0.0	0.0	0.0	0.0	0.0	0.0	0.0	0.0	0.0	0.0	0.0	0.0	0.0	0.0	0.0	0.0	0.0	0.0	0.0	0.0	0.0	0	0.0	0.0	0.0	0.0	0	0.01416	0.0	0.0	0.0	0.0	0.0	0.01317	0.0	0.0	0.0	0.0	0.0	0.05176	0.0
k__Bacteria.p__Proteobacteria.c__Betaproteobacteria.o__Burkholderiales.f__Sutterellaceae.g__Turicimonas	0.08887	0.03174	0.0	0.45362	0.0	0.0	0.0	0.0	0.0	0.0	0.0	0.0	0.0	0.0	0.0	0.0	0.01955	0.0	0.0	0.0	0.0	0.0	0.0	0.0	0.0	0.0	0.0	0.0	0.0	0.0	0.0	0.0	0.0	0.0	0.0	0.0	0.0	0.02123	0	0.02053	0.0	0.0	0.0	0	0.0	0.0	0.0	0.0	0.0	0.0	0.0	0.0	0.0	0.0	0.0	0.0	0.0	0.0
k__Bacteria.p__Proteobacteria.c__Betaproteobacteria.o__Neisseriales.f__Neisseriaceae.g__Neisseria	0.0	0.0	0.0	0.0	0.0	0.0	0.0	0.0	0.0	0.0	0.0	0.0	0.0	0.0	0.0	0.0	0.0	0.0	0.0	0.0	0.0	0.0	0.0	0.0	0.0	0.0	0.0	0.0	0.0	0.0	0.0	0.0	0.0	0.0	0.04857	0.0	0.0	0.0	0	0.0	0.0	0.0	0.0	0	0.0	0.0	0.0	0.0	0.0	0.0	0.0	0.0	0.0	0.0	0.0	0.0	0.0	0.0
k__Bacteria.p__Proteobacteria.c__Deltaproteobacteria.o__Desulfovibrionales.f__Desulfovibrionaceae.g__Bilophila	0.01971	0.0	0.0	0.14471	0.0	0.0	0.04489	0.0	0.07835	0.05274	0.0	0.0	0.0	0.0	0.0	0.0	0.0	0.0	0.0	0.12091	0.0	0.0	0.0	0.0	0.0	0.0	0.0	0.0	0.0	0.0	0.32367	0.16072	0.0	0.0	0.0	0.0	0.0	0.0	0	0.0	0.0	0.0	0.0	0	0.0	0.0	0.0	0.14841	0.0	0.0	0.00656	0.01477	0.14495	0.0	0.0	0.0	0.00966	0.09448
k__Bacteria.p__Proteobacteria.c__Deltaproteobacteria.o__Desulfovibrionales.f__Desulfovibrionaceae.g__Desulfovibrio	0.0	0.0	0.0	0.0	0.0	0.0	0.94967	0.06242	0.0	0.0	0.0	0.0	0.0	0.0	0.0	0.0	0.10086	0.0	0.0	0.0	0.0	0.0	0.0	0.0	0.0	0.0	0.0	0.05036	0.0	0.0	1.1927	0.0	0.0	0.0	0.0	0.0	0.0	0.0	0	0.0	0.0	0.0	0.19402	0	0.0	0.08795	0.37898	0.34465	0.4962	0.0	0.23606	0.43669	0.19634	0.0	0.11144	0.05284	0.16486	0.38468
k__Bacteria.p__Proteobacteria.c__Deltaproteobacteria.o__Desulfovibrionales.f__Desulfovibrionaceae.g__Desulfovibrionaceae_unclassified	0.0	0.0	0.0	0.0	0.0	0.00957	0.0	0.0	0.0	0.0	0.0	0.0	0.0	0.0	0.0	0.0	0.0	0.0	0.0	0.0	0.0	0.0	0.0	0.0	0.0	0.0	0.0	0.0	0.0	0.0	0.0	0.0	0.0	0.0	0.0	0.0	0.0	0.0	0	0.0	0.0	0.0	0.0	0	0.0	0.0	0.0	0.0	0.0	0.0	0.0	0.0	0.0	0.0	0.0	0.0	0.0	0.0
k__Bacteria.p__Proteobacteria.c__Epsilonproteobacteria.o__Campylobacterales.f__Campylobacteraceae.g__Campylobacter	0.0	0.0	0.0	0.0	0.0	0.0	0.0	0.0	0.0	0.0	0.0	0.0	0.0	0.0	0.0	0.0	0.0	0.0	0.0	0.0	0.0	0.0	0.00681	0.0	0.0	0.0	0.0	0.0	0.0	0.0	0.0	0.0	0.0	0.0	0.0	0.0	0.0	0.0	0	0.0	0.0	0.0	0.0	0	0.0	0.0	0.0	0.0	0.0	0.0	0.0	0.01134	0.0	0.0	0.0	0.0	0.0	0.0
k__Bacteria.p__Proteobacteria.c__Gammaproteobacteria.o__Aeromonadales.f__Aeromonadaceae.g__Aeromonas	1.11347	0.0	0.0	8.52647	0.0	0.0	0.0	0.0	0.0	0.0	0.0	0.0	0.0	0.0	0.0	0.0	0.0	0.0	0.0	0.0	0.0	0.0	0.0	0.0	0.0	0.0	0.0	0.0	0.0	0.0	0.0	0.0	0.0	0.0	0.0	0.0	0.0	0.0	0	0.0	0.0	0.0	0.0	0	0.0	0.0	0.0	0.0	0.0	0.0	0.0	0.0	0.0	0.0	0.0	0.0	0.0	0.0
k__Bacteria.p__Proteobacteria.c__Gammaproteobacteria.o__Aeromonadales.f__Succinivibrionaceae.g__Anaerobiospirillum	0.0	0.0	0.0	0.0	0.0	0.0	0	0.0	0.0	0.0	0.0	0.0	0.0	0.0	0.0	0.0	0	0.0	0.05535	0.0	0.0	0.0	0.0	0.0	0.0	0.0	0.0	0.0	0.0	0.0	0.0	0.0	0.0	0.0	0.0	0.0	0.0	0.0	0	0.0	0.0	0.0	0.05292	0	0.0	0.0	0.0	0.0	0.0	0.0	0.0	0.0	0.0	0.0	0.0	0.0	0.0	0.0
k__Bacteria.p__Proteobacteria.c__Gammaproteobacteria.o__Enterobacterales.f__Enterobacteriaceae.g__Citrobacter	1.40605	0.90297	0.0	9.72688	0.0	0.0	0	0.0	0.0	0.0	1.03499	0.0	0.0	0.0	0.0	0.0	0	0.0	0.0	0.0	0.0	0.0	0.0	0.0	0.0	0.0	0.0	0.0	0.0	0.0	0.0	0.0	0.0	0.0	0.0	0.0	0.0	0.0	0	0.0	0.0	0.0	0.0	0	0.0	0.0	0.0	0.0	0.0	0.0	0.0	0.0	0.0	0.0	0.0	0.0	0.0	0.04547
k__Bacteria.p__Proteobacteria.c__Gammaproteobacteria.o__Enterobacterales.f__Enterobacteriaceae.g__Enterobacter	2.72094	1.17805	3.89594	18.7436	0.0	0.0	0	0.0	0.0	0.0	5.33321	0.0	0.0	0.0	0.0	0.0	0	0.0	0.64103	0.51192	0.0	0.35399	0.0	0.0	0.0	0.0	0.0	0.0	0.0	0.0	0.0	0.03463	0.0	0.0	0.0	0.05556	0.0	0.0	0	0.0	0.0	0.0	0.0	0	0.0	0.0	0.0	0.0	0.0	0.0	0.0	0.0	0.0	0.0	0.0	0.0	0.0	0.0
k__Bacteria.p__Proteobacteria.c__Gammaproteobacteria.o__Enterobacterales.f__Enterobacteriaceae.g__Escherichia	24.6124	34.15032	1.28937	12.77199	5.27225	4.2072	0	0.00932	2.45734	0.0	5.18049	55.53339	0.2888	0.8666	0.08537	0.02331	0	0.28194	3.38255	9.68801	0.29912	0.15785	0.23413	0.01352	4.48316	0.0	0.0	1.74442	1.06202	0.0	5.25067	0.06686	4.81257	0.0	0.18787	6.0639	0.06668	9.831	0	0.21079	0.42901	0.0501	0.26388	0	1.60171	1.25211	4.80063	1.15925	14.80429	0.71907	3.31133	3.77374	1.0119	0.15895	1.0124	1.32941	3.44763	7.3781
k__Bacteria.p__Proteobacteria.c__Gammaproteobacteria.o__Enterobacterales.f__Enterobacteriaceae.g__Klebsiella	3.90718	6.72682	48.24822	14.73867	0.0	0.0	0	0.0	0.0	0.01387	20.08946	0.3655	7.67216	0.0	0.1799	0.0	0	0.75319	1.94819	1.10929	0.0	1.93213	1.73459	0.0	4.31972	0.02477	0.02225	0.23713	0.0	0.0	0.0	0.62133	0.13202	5.18912	16.48342	14.68178	0.0	0.0	0	0.0925	0.20063	1.15755	0.47301	0	0.0	0.0	0.0	0.0	0.0	0.0	0.0	0.0	0.0	0.0	0.0	0.0	0.0	0.0
k__Bacteria.p__Proteobacteria.c__Gammaproteobacteria.o__Enterobacterales.f__Enterobacteriaceae.g__Kluyvera	0.02647	0.02327	0.0	0.14291	0.0	0.0	0	0.0	0.0	0.0	0.0	0.0	0.0	0.0	0.0	0.0	0	0.0	0.0	0.0	0.0	0.0	0.0	0.0	0.0	0.0	0.0	0.0	0.0	0.0	0.0	0.0	0.0	0.0	0.0	0.0	0.0	0.0	0	0.0	0.0	0.0	0.0	0	0.0	0.0	0.0	0.0	0.0	0.0	0.0	0.0	0.0	0.0	0.0	0.0	0.0	0.0
k__Bacteria.p__Proteobacteria.c__Gammaproteobacteria.o__Enterobacterales.f__Enterobacteriaceae.g__Kosakonia	0.00185	0.0	0.0	0.03287	0.0	0.0	0	0.0	0.0	0.0	0.0	0.0	0.0	0.0	0.0	0.0	0	0.0	0.0	0.0	0.0	0.0	0.0	0.0	0.0	0.0	0.0	0.0	0.0	0.0	0.0	0.0	0.0	0.0	0.0	0.0	0.0	0.0	0	0.0	0.0	0.0	0.0	0	0.0	0.0	0.0	0.0	0.0	0.0	0.0	0.0	0.0	0.0	0.0	0.0	0.0	0.0
k__Bacteria.p__Proteobacteria.c__Gammaproteobacteria.o__Enterobacterales.f__Enterobacteriaceae.g__Leclercia	0.0084	0.0	0.0	0.10574	0.0	0.0	0	0.0	0.0	0.0	0.0	0.0	0.0	0.0	0.0	0.0	0	0.0	0.0	0.0	0.0	0.0	0.0	0.0	0.0	0.0	0.0	0.0	0.0	0.0	0.0	0.0	0.0	0.0	0.0	0.0	0.0	0.0	0	0.0	0.0	0.0	0.0	0	0.0	0.0	0.0	0.0	0.0	0.0	0.0	0.0	0.0	0.0	0.0	0.0	0.0	0.0
k__Bacteria.p__Proteobacteria.c__Gammaproteobacteria.o__Enterobacterales.f__Enterobacteriaceae.g__Pluralibacter	0.0	0.0	0.0	0.0	0.0	0.0	0	0.0	0.0	0.0	0.10545	0.0	0.0	0.0	0.0	0.0	0	0.0	0.0	0.0	0.0	0.0	0.0	0.0	0.0	0.0	0.0	0.0	0.0	0.0	0.0	0.0	0.0	0.0	0.0	0.0	0.0	0.0	0	0.0	0.0	0.0	0.0	0	0.0	0.0	0.0	0.0	0.0	0.0	0.0	0.0	0.0	0.0	0.0	0.0	0.0	0.0
k__Bacteria.p__Proteobacteria.c__Gammaproteobacteria.o__Enterobacterales.f__Erwiniaceae.g__Pantoea	0.0	0.0	0.0	0.0	0.0	0.0	0	0.0	0.0	0.0	0.0	0.0	0.0	0.0	0.0	0.0	0	0.0	0.0	0.0	0.0	0.0	0.0	0.0	0.0	0.0	0.0	0.0	0.0	0.0	0.0	0.0	0.0	0.24775	0.0	0.0	0.0	0.0	0	0.0	0.0	0.0	0.0	0	0.0	0.0	0.0	0.0	0.0	0.0	0.0	0.0	0.0	0.0	0.0	0.0	0.0	0.0
k__Bacteria.p__Proteobacteria.c__Gammaproteobacteria.o__Enterobacterales.f__Morganellaceae.g__Morganella	1.1905	0.0	0.0	0.0	3.91046	0.0	0	0.0	0.0	0.0	0.0	0.0	0.27398	0.0	0.0	0.0	0	0.0	0.0	0.0	0.0	0.0	0.0	0.0	0.0	0.0	0.0	0.0	0.0	0.0	0.0	0.0	0.0	0.0	0.0	0.0	0.0	0.0	0	0.0	0.0	0.0	0.0	0	0.0	0.0	0.0	0.0	0.0	0.33033	0.0	0.0	0.12988	0.0	0.15226	0.08738	0.0	0.0
k__Bacteria.p__Proteobacteria.c__Gammaproteobacteria.o__Enterobacterales.f__Morganellaceae.g__Proteus	0.02969	0.0	0.0	0.27553	0.0	0.0	0	0.0	0.0	0.0	0.31657	0.0	0.0	0.0	0.0	0.0	0	0.0	0.0	0.0	0.0	0.0	0.0	0.0	0.0	0.0	0.0	0.0	0.0	0.0	0.0	0.0	0.0	0.0	0.0	0.0	0.0	0.0	0	0.0	0.0	0.0	0.0	0	0.0	0.0	0.0	0.0	0.0	0.0	0.0	0.0	0.0	0.0	0.0	0.0	0.0	0.0
k__Bacteria.p__Proteobacteria.c__Gammaproteobacteria.o__Enterobacterales.f__Morganellaceae.g__Providencia	0.0	0.0	0.0	0.03315	0.0	0.0	0	0.0	0.0	0.0	0.0	0.0	0.0	0.0	0.0	0.0	0	0.0	0.0	0.0	0.0	0.0	0.0	0.0	0.0	0.0	0.0	0.0	0.0	0.0	0.0	0.0	0.0	0.0	0.0	0.0	0.0	0.0	0	0.0	0.0	0.0	0.0	0	0.0	0.0	0.0	0.0	0.0	0.0	0.0	0.0	0.0	0.0	0.0	0.0	0.0	0.0
k__Bacteria.p__Proteobacteria.c__Gammaproteobacteria.o__Pasteurellales.f__Pasteurellaceae.g__Haemophilus	0.1689	0.73567	0.82348	0.2968	0	0	0.0	0.0	0	0	0	0.0	0.12345	0	0.07661	0	0	0.0	0.0488	0.26852	0.08384	0.36969	0.23506	0	0	0	0.0511	0	0	0.01016	0.0	0.0	0	0	0.38979	0	0.05126	1.7731	0	0.0	0.08823	0	0.04731	0.0	0.0	0.0	0.0	0.0	0	0	0.0	0.0	0.0	0.0	0.0	0.0	0.0	0.0
k__Bacteria.p__Proteobacteria.c__Proteobacteria_unclassified.o__Proteobacteria_unclassified.f__Proteobacteria_unclassified.g__Proteobacteria_unclassified	0.11702	0.29257	0.0	0.30119	0	0	0.0	0.0	0	0	0	0.00806	0.0	0	0.0	0	0	0.0	0.0	0.0	0.0	0.0	0.0	0	0	0	0.0	0	0	0.0	0.0	0.0	0	0	0.0	0	0.0	0.0	0	0.02432	0.0	0	0.0	0.0	0.0	0.0	0.0	0.0	0	0	0.0	0.0	0.0	0.0	0.0	0.0	0.0	0.0
k__Bacteria.p__Spirochaetes.c__Spirochaetia.o__Spirochaetales.f__Spirochaetaceae.g__Treponema	0.0	0.0	0.0	0.0	0	0	0.0	0.0	0	0	0	0.0	0.0	0	0.0	0	0	0.0	0.0	0.0	0.0	0.0	0.0	0	0	0	0.0	0	0	0.0	0.0	0.0	0	0	0.0	0	0.0	0.0	0	0.0	0.76578	0	0.0	0.0	0.0	0.0	0.10316	0.05232	0	0	0.0	0.1769	0.00975	0.0	0.0	0.0	0.0	0.02698
k__Bacteria.p__Synergistetes.c__Synergistia.o__Synergistales.f__Synergistaceae.g__Pyramidobacter	0.0	0.0	0.0	0	0	0	0.0	0.0	0	0	0	0	0	0	0	0	0	0.0	0	0.0	0	0	0	0	0	0	0	0	0	0.0	0.0	0.0	0	0	0	0	0.0	0	0	0.0	0.0	0	0	0.0	0.16561	0.0	0.0	0.0	0	0	0.09913	0.0	0.0	0.0	0.0	0.0	0.13811	0.0
k__Bacteria.p__Verrucomicrobia.c__Verrucomicrobiae.o__Verrucomicrobiales.f__Akkermansiaceae.g__Akkermansia	0.01284	0.04943	0.04368	0	0	0	2.47367	27.33715	0	0	0	0	0	0	0	0	0	0.0	0	1.10955	0	0	0	0	0	0	0	0	0	0.02395	3.32789	2.68112	0	0	0	0	0.03351	0	0	0.05841	0.0	0	0	4.21495	0.0	3.44035	7.49192	6.97658	0	0	4.10832	5.20957	3.26502	4.68448	2.21015	1.95123	3.7674	2.6781
