dataset_name	HanniganGD_2017	HanniganGD_2017	HanniganGD_2017	HanniganGD_2017	HanniganGD_2017	HanniganGD_2017	HanniganGD_2017	HanniganGD_2017	HanniganGD_2017	HanniganGD_2017	HanniganGD_2017	HanniganGD_2017	HanniganGD_2017	HanniganGD_2017	HanniganGD_2017	HanniganGD_2017	HanniganGD_2017	HanniganGD_2017	HanniganGD_2017	HanniganGD_2017	HanniganGD_2017	HanniganGD_2017	HanniganGD_2017	HanniganGD_2017	HanniganGD_2017	HanniganGD_2017	HanniganGD_2017	HanniganGD_2017	HanniganGD_2017	HanniganGD_2017	HanniganGD_2017	HanniganGD_2017	HanniganGD_2017	HanniganGD_2017	HanniganGD_2017	HanniganGD_2017	HanniganGD_2017	HanniganGD_2017	HanniganGD_2017	HanniganGD_2017	HanniganGD_2017	HanniganGD_2017	HanniganGD_2017	HanniganGD_2017	HanniganGD_2017	HanniganGD_2017	HanniganGD_2017	HanniganGD_2017	HanniganGD_2017	HanniganGD_2017	HanniganGD_2017	HanniganGD_2017	HanniganGD_2017	HanniganGD_2017	HanniganGD_2017
study_condition	CRC	CRC	CRC	CRC	CRC	CRC	CRC	CRC	CRC	CRC	CRC	CRC	CRC	CRC	CRC	CRC	CRC	CRC	CRC	CRC	CRC	CRC	CRC	CRC	CRC	CRC	CRC	control	control	control	control	control	control	control	control	control	control	control	control	control	control	control	control	control	control	control	control	control	control	control	control	control	control	control	control
k__Archaea.p__Euryarchaeota.c__Methanobacteria.o__Methanobacteriales.f__Methanobacteriaceae.g__Methanobrevibacter	0	2.65387	0	2.06922	0	3.61987	0	0.10064	0	0	0	0.40508	8.56939	0	0	1.0564	0	0	0	0	0	0.16822	0	0	0	0	4.88678	0	0	0	0	0	0	0	0	0	0	0	3.63518	0	0	0.35803	0	1.76247	0	0	0	0	3.99734	0.04154	0	0	0	3.23825	0.01009
k__Bacteria.p__Actinobacteria.c__Actinobacteria.o__Actinomycetales.f__Actinomycetaceae.g__Actinobaculum	0	0	0	0	0	0	0	0	0	0	0	0	0	0	0	0	0	0	0	0	0	0	0	0	0	0	0	0	0	0	0	0	0	0	0	0.28225	0	0	0	0	0	0	0	0	0	0	0	0.05296	0	0	0	0	0	0	0
k__Bacteria.p__Actinobacteria.c__Actinobacteria.o__Actinomycetales.f__Actinomycetaceae.g__Actinomyces	0.14116	0	0.04663	0	0	0	0.02895	0.21066	0.47263	0.01624	0	0	0	0.01269	0	0	0	0	0	0	0	0	0	0	0	0	0	0	0	0.02999	0	0	0	0.02353	0	0.13145	0	0	0	0	0.08173	0.07999	0.34179	0	0	0	0.00672	0.01912	0	0.12066	0.0123	0	0.01351	0	0.26717
k__Bacteria.p__Actinobacteria.c__Actinobacteria.o__Actinomycetales.f__Actinomycetaceae.g__Trueperella	0.0	0	0.0	0.0	0.0	0.0	0.0	0.05829	0.0	0	0	0.0	0	0.0	0.0	0.0	0	0.0	0.0	0.0	0.0	0.0	0.0	0.0	0.0	0.0	0.0	0	0	0.0	0.0	0.0	0.0	0	0.0	0.0	0.0	0.0	0	0.0	0	0.0	0.0	0.0	0.0	0	0.0	0.0	0	0.0	0	0.0	0.0	0	0.0
k__Bacteria.p__Actinobacteria.c__Actinobacteria.o__Bifidobacteriales.f__Bifidobacteriaceae.g__Bifidobacterium	8.0156	0	9.31638	3.10217	12.62047	4.12886	46.59807	0.0	16.72463	0	0	13.43161	0	4.56578	4.03215	0.74203	0	6.09727	1.77361	2.43378	4.90697	28.31649	29.73815	27.22602	0.32433	7.31025	6.58672	0	0	4.32924	14.66715	48.21434	0.70754	0	10.1353	14.87207	14.23224	36.43415	0	0.06908	0	4.37116	57.77258	41.13176	6.77621	0	0.26945	6.56474	0	30.04765	0	13.19574	7.99502	0	1.71099
k__Bacteria.p__Actinobacteria.c__Actinobacteria.o__Micrococcales.f__Micrococcaceae.g__Rothia	0.24743	0.56125	0.0	0	0	0	0	0.09093	0	0	0	0	0	0	0	0	0	0	0	0	0.04257	0.00934	0.11432	0	0	0	0	0	0	0	0	0.00798	0	0.08909	0	0	0	0	0	0	0	0	0.00274	0.0	0.0	0	0	0.10335	0	0.17424	0	0	0	0	0.08592
k__Bacteria.p__Actinobacteria.c__Actinobacteria.o__Propionibacteriales.f__Propionibacteriaceae.g__Propionibacterium	0.0	0.0	0.18189	0.0	0.0	0.0	0.0	0.0	0.0	0.0	0.0	0.0	0.0	0.0	0.0	0.0	0	0.0	0.0	0.0	0.0	0.0	0.0	0.0	0.0	0.0	0.0	0.0	0.0	0.0	0.0	0.0	0.0	0.0	0.0	0.0	0.0	0.0	0.0	0.0	0.0	0.0	0.0	0.01914	0.03334	0.0	0.0	0.0	0.0	0.0	0.0	0.0	0.0	0.0	0.0
k__Bacteria.p__Actinobacteria.c__Coriobacteriia.o__Coriobacteriales.f__Coriobacteriaceae.g__Collinsella	3.0129	7.05855	10.15848	47.75666	10.93486	2.05688	14.34263	14.87278	11.87339	6.31974	7.76483	6.74588	0.0	0.0	3.38804	2.58915	0	7.2417	0.0	0.1039	25.99103	7.80137	0.0	0.0	0.24275	12.6831	12.76279	0.0	0.0	24.76136	0.0	14.54513	0.0	0.0	0.23087	28.45074	33.87828	0.40298	3.33886	0.0	0.0	11.12128	0.0	12.60421	5.22448	1.7032	6.01091	12.41245	3.62779	20.525	8.27752	0.0	27.25029	6.6265	11.48798
k__Bacteria.p__Actinobacteria.c__Coriobacteriia.o__Coriobacteriales.f__Coriobacteriaceae.g__Enorma	0.0	0.0	0.0	0.06568	0.01357	0.0	0.01115	0.02432	0.0	0.0	0.0	0.0	0.0	0.0	0.0	0.0	0	0.00715	0.0	0.0	0.03252	0.0	0.0	0.0	0.0	0.01479	0.0	0.0	0.0	0.0	0.0	0.055	0.0	0.0	0.0	0.01833	0.01695	0.0	0.0	0.0	0.0	0.0	0.0	0.33509	0.0	0.0	0.0	0.00375	0.0	0.01806	0.0	0.0	0.00826	0.0	0.00226
k__Bacteria.p__Actinobacteria.c__Coriobacteriia.o__Eggerthellales.f__Eggerthellaceae.g__Adlercreutzia	0.19128	0.27684	0.29329	0.1029	0.05776	0.04391	0.0	0.09332	0.24609	0.0	0.22183	0.65721	0.0	0.0	0.0314	0.30931	0	0.02405	0.04023	0.0	0.73858	0.0	0.0	0.11357	0.01247	0.41214	1.14671	0.50707	0.0	0.50585	0.62245	0.0	0.0	0.0	0.0	0.18958	1.26446	0.0	0.0	0.01844	0.80176	0.04078	0.0	0.04795	0.19242	0.16086	0.52776	0.0	0.0	0.27346	0.19432	0.0	0.36203	1.68686	0.01838
k__Bacteria.p__Actinobacteria.c__Coriobacteriia.o__Eggerthellales.f__Eggerthellaceae.g__Asaccharobacter	0.11164	0.92218	0.80583	0.15584	0.0369	0.09013	0.0	0.04931	0.2912	0.0	0.23723	0.80775	0.0	0.0	0.04056	0.36659	0	0.12469	0.08774	0.0	0.97233	0.01899	0.0	0.30166	0.04336	0.53267	0.95181	0.45785	0.0	0.13131	2.03751	0.0	0.0	0.0	0.0	0.23264	1.19842	0.0	0.0	0.07277	1.60641	0.00386	0.0	0.23412	0.62684	0.14788	0.22924	0.0	0.0	0.19574	0.24788	0.0	0.70279	1.77865	0.04104
k__Bacteria.p__Actinobacteria.c__Coriobacteriia.o__Eggerthellales.f__Eggerthellaceae.g__Eggerthella	0.07602	0.22287	0.0	0.61978	0.0	0.0	1.91791	13.86649	0.136	3.95069	0.14393	0.0	0.0	0.0	0.13165	0.0	0	0.0	0.10403	2.04344	0.0	0.0	3.43128	0.34065	0.37609	0.25872	0.00731	0.43567	1.33455	1.38826	2.27617	0.73079	1.40255	2.61893	1.25482	1.14917	0.0	0.0	0.0	0.07019	1.55949	0.0	0.69886	0.0	0.0	0.01186	0.42788	0.41411	0.0	0.33976	0.56868	3.11588	0.14751	0.09395	0.1287
k__Bacteria.p__Actinobacteria.c__Coriobacteriia.o__Eggerthellales.f__Eggerthellaceae.g__Enterorhabdus	0.0	0.0	0.0	0.0	0.0	0.01294	0.0	0.03062	0.0	0.0	0.0	0.0	0.0	0.0	0.0	0.0	0	0.0	0.0	0.0	0.00682	0.0	0.0	0.0	0.0	0.00154	0.0	0.0	0.0	0.0	0.0	0.0	0.0	0.0	0.0	0.0	0.0	0.0	0.0	0.0	0.02714	0.0	0.0	0.0	0.0	0.0	0.0	0.0	0.0	0.0	0.0	0.0	0.01136	0.01528	0.01416
k__Bacteria.p__Actinobacteria.c__Coriobacteriia.o__Eggerthellales.f__Eggerthellaceae.g__Gordonibacter	0.26538	0.12773	0.17213	0.12146	0.12757	0.0	0.49098	3.66814	0.93925	0.66012	0.08054	0.0	0.0	0.60189	0.01544	0.03866	0	0.1056	0.01769	0.27828	0.28783	0.0	0.46568	0.14033	0.17078	0.25326	0.0	0.02131	2.70082	0.43274	0.30402	0.94815	0.19129	0.38695	0.12394	0.43246	0.0	0.0	0.0	0.02194	1.5203	0.21862	0.06396	0.19525	0.0	0.02058	0.27196	0.08905	0.01682	0.54903	0.32226	1.0212	1.57188	0.26141	0.03365
k__Bacteria.p__Actinobacteria.c__Coriobacteriia.o__Eggerthellales.f__Eggerthellaceae.g__Slackia	0.0	0.0	0.0	4.35876	0.72402	0.0	0.0	0.00136	0.0	0.0	0.0	2.27566	0.66344	0.0	0.0	0.0	0	0.0	0.0	0.0	0.0	0.08812	0.0	0.0	0.0	0.0	0.0	0.0	0.0	0.0	0.0	0.0	0.0	0.0	0.0	0.0	0.0	0.0	0.0	0.0	0.0	0.0	0.0	0.0	2.74211	0.0	0.03154	0.0	0.0	0.0	0.0	0.0	0.0	4.75713	1.36597
k__Bacteria.p__Bacteroidetes.c__Bacteroidia.o__Bacteroidales.f__Bacteroidaceae.g__Bacteroides	0.74746	0.0	0.0	1.1538	2.02661	2.12619	0.0	18.01071	4.3897	10.51364	0.0	0.0	0.10086	0.0	5.06622	0.75707	0	6.68269	1.49116	3.17597	0.53846	0.15423	0.09768	0.0	0.33362	0.1404	0.7687	4.95767	0.0	0.0	0.00732	0.39543	12.26313	0.84934	3.3049	5.68277	0.73289	0.0	0.73692	32.40727	2.4446	3.78058	0.20564	6.98015	8.15288	7.13208	0.10291	0.24345	1.631	0.01844	9.8522	0.45345	0.19884	7.5846	0.49021
k__Bacteria.p__Bacteroidetes.c__Bacteroidia.o__Bacteroidales.f__Barnesiellaceae.g__Barnesiella	0.0	0.0	0	0.0	0.0	0.29874	0	0.0	0.55299	0.0	0	0.0	0.0	0	0.0	0.0	0	0.85333	0.0	0.0	0.0	0.0	0.0	0.0	0.0	0.0	0.01231	0.0	0.0	0	0.0	0.0	0.0	0	0.0	0.0	0.0	0	0.0	0.0	0.0	0.21357	0	0.96758	0.10242	0.15936	0	0.0	0.0	0.0	0.26591	0.0	0.466	0.45661	0.0
k__Bacteria.p__Bacteroidetes.c__Bacteroidia.o__Bacteroidales.f__Barnesiellaceae.g__Coprobacter	0.0	0.0	0	0.0	0.0	0.0	0	0.0	0.0	0.0	0	0.0	0.0	0	0.0	0.0	0	0.0	0.0	0.0	0.0	0.0	0.0	0.0	0.0	0.0	0.0	0.0	0.0	0	0.0	0.0	0.0	0	0.0	0.07082	0.0	0	0.0	0.0	0.0	0.0	0	0.0	0.0	0.0	0	0.0	0.0	0.0	0.0	0.0	0.0	0.0	0.0
k__Bacteria.p__Bacteroidetes.c__Bacteroidia.o__Bacteroidales.f__Odoribacteraceae.g__Odoribacter	0.0	0.0	0	0.02094	0.0	0.0	0	0.07009	0.0	0.0	0	0.0	0.08932	0	0.0	0.0	0	0.0	0.0	0.0	0.0	0.0	0.0	0.0	0.0	0.0	0.0	0.0	0.0	0	0.0	0.0	0.4319	0	0.0	0.0	0.0	0	0.0	1.15045	0.0	0.34485	0	0.0	0.03109	0.0	0	0.0	0.04495	0.0	0.0	0.0	0.0	0.0	0.0
k__Bacteria.p__Bacteroidetes.c__Bacteroidia.o__Bacteroidales.f__Porphyromonadaceae.g__Porphyromonas	0.0	1.24509	0	0.0	0.0	0.0	0	0.0	0.72128	0.0	0	0.0	2.70585	0	0.0	0.0	0	0.0	0.0	0.0	0.0	0.0	0.0	0.0	0.0	0.0	0.0	0.0	0.0	0	0.0	0.0	0.0	0	0.0	0.0	0.0	0	0.0	0.0	0.0	0.0	0	0.0	0.0	0.0	0	0.0	0.0	0.0	0.0	0.0	0.0	0.07514	0.0
k__Bacteria.p__Bacteroidetes.c__Bacteroidia.o__Bacteroidales.f__Prevotellaceae.g__Paraprevotella	0.0	0.0	0	0.0	0.61729	0.08696	0	0.0	0.0	0.0	0	0.0	0.0	0	0.0	0.0	0	0.0	0.0	0.0	0.0	0.0	0.0	0.0	0.0	0.0	0.0	0.0	0.0	0	0.0	0.0	0.0	0	0.0	0.0	0.0	0	0.0	0.0	0.0	0.0	0	0.0	0.0	0.0	0	0.0	0.0	0.0	0.0	0.0	0.0	0.0	0.0
k__Bacteria.p__Bacteroidetes.c__Bacteroidia.o__Bacteroidales.f__Prevotellaceae.g__Prevotella	0.0	0.0	0	0.0	0.19116	2.13288	0	0.0	0.08145	0.0	0	0.0	0.02509	0	0.0	0.0	0	0.59271	0.0	0.0	0.0	0.0	0.0	0.0	0.0	0.0	0.0	0.0	0.0	0	0.0	0.0	0.0	0	0.0	0.0	0.0	0	0.0	35.85569	0.0	0.0	0	0.0	0.0	0.0	0	0.0	0.0	0.01456	0.0	0.0	0.0	0.21056	0.0
k__Bacteria.p__Bacteroidetes.c__Bacteroidia.o__Bacteroidales.f__Rikenellaceae.g__Alistipes	0.03599	0.22508	0.0	0.54189	0.23085	1.21424	0.0	13.40825	0.1966	0.24562	0.0	0.0	0.0	0.0	1.1652	0.07416	0	3.17766	0.55151	0.0	0.0	0.0	0.0	0.09164	0.0	0.66754	0.61825	0.0	0.0	0.0	0.0	0.08881	4.41625	0.0	0.30973	0.04623	0.1466	0.0	0.0	0.15459	1.46774	0.85912	0.0	2.31032	2.04574	0.53503	0.0	0.06102	0.02673	0.0	0.0	0.0	8.01088	0.12276	0.02804
k__Bacteria.p__Bacteroidetes.c__Bacteroidia.o__Bacteroidales.f__Tannerellaceae.g__Parabacteroides	0.0	0.0	0.0	0.1464	0.02448	0.4925	0.0	0.08204	0.67529	0.0	0.0	0.15194	0.0173	0.0	1.9901	0.0085	0	1.7223	0.03763	0.07816	0.0	0.0	0.24493	0.0	0.00539	0.03987	0.0	0.0	0.02393	0.0	0.0	0.0	0.73232	0.0	0.0	0.18433	0.0	0.0	0.0	5.30135	0.25791	0.0269	0.0	0.21848	1.18741	0.29123	0.0	0.0	0.06638	0.0	0.70731	0.0	0.07571	0.11539	0.0
k__Bacteria.p__Firmicutes.c__Bacilli.o__Bacillales.f__Bacillales_unclassified.g__Gemella	0.04752	0.07843	0.0	0.0	0.0	0.0	0.0	0.0	0.0	0.11875	0.0	0.0	0.0	0.0	0.0	0.0	0	0.0	0.0	0.01017	0.0	0.0	0.02724	0.0	0.0	0.0	0.0	0.0	0.0	0.0	0.0	0.0	0.0	0.0	0.0	0.0	0.0	0.0	0.0	0.0	0.0	0.0	0.0	0.0	0.0	0.0	0.0	0.0	0.0	0.0	0.0	0.0	0.0	0.0	0.01619
k__Bacteria.p__Firmicutes.c__Bacilli.o__Lactobacillales.f__Enterococcaceae.g__Enterococcus	0.0	0.0	0.0	0.0	0.0	0.0	0.0	0.0	0.0	0.0	0.0	0.0	0.0	0.0	0.0	0.088	0	0.0	0.0	0.0	0.0	0.0	0.3527	0.0	0.0	0.0	0.0	0.0	7.14695	0.0	0.0	0.0	0.0	0.0	0.0	0.0	0.0	0.0	0.0	0.0	0.0	0.0	0.02229	0.0	0.0	0.0	0.0	0.0	0.0	0.0	0.0	0.0	0.0	0.0	0.0
k__Bacteria.p__Firmicutes.c__Bacilli.o__Lactobacillales.f__Lactobacillaceae.g__Lactobacillus	0.0	0.0	0.0	0.0	0.0	0.0	0.0	0.00531	0.0	0.0	0.0	0.0	0.0	0.15792	0.0	0.0	0	0.0	0.0	0.0	0.25854	0.0	0.73093	0.0	0.0	0.0	0.38456	0.0	0.01471	0.01258	0.0	0.0	0.0	0.0	0.0	0.0	0.0	3.52446	0.0	0.0	0.04242	0.0	0.0	0.0	0.0	0.0	0.0	1.48138	0.0	0.0	0.0	0.0	0.0	0.0	0.0
k__Bacteria.p__Firmicutes.c__Bacilli.o__Lactobacillales.f__Leuconostocaceae.g__Leuconostoc	0.0	0.0	0.0	0.0	0.0	0.0	0.0	0.0	0.0	0.0	0.0	0.0	0.0	0.0	0.0	0.0	0	0.0	0.0	0.0	0.0	0.0	0.0	0.0	0.0	0.01641	0.0	0.0	0.0	0.0	0.0	0.0	0.0	0.0	0.0	0.0	0.0	0.0	0.0	0.0	0.00661	0.0	0.0	0.0	0.0	0.0	0.0	0.0	0.0	0.0	0.0	0.0	0.0	0.0	0.0
k__Bacteria.p__Firmicutes.c__Bacilli.o__Lactobacillales.f__Leuconostocaceae.g__Weissella	0.0	0.0	0.0	0.0	0.0	0.0	0.0	0.0	0.0	0.0	0.0	0.0	0.0	0.0	0.0	0.0	0	0.0	0.0	0.0	0.0	0.0	0.0	0.0	0.0	0.0	0.0	0.0	0.0	0.0	0.0	0.0	0.0	0.0	0.0	0.0	0.0	0.0	0.0	0.0	0.0	0.0	0.0	0.0	0.17012	0.0	0.0	0.0	0.0	0.0	0.0	0.0	0.0	0.0	0.0
k__Bacteria.p__Firmicutes.c__Bacilli.o__Lactobacillales.f__Streptococcaceae.g__Lactococcus	0.0	0.0	0.0	0.0	0.0	0.0	0.0	0.0	0.0	0.0	0.0	0.0	0.0	0.53304	0.0	0.0	0	0.0	0.0	0.0	0.00897	0.0	0.0149	0.0	0.0	0.0	0.15732	0.0	0.0	0.0	0.0	0.0	0.0	0.0	0.0	0.0	0.0	0.0	0.0	0.0	0.0	0.0	0.0	0.0	0.0	0.0	0.0	0.0	0.0	0.0	0.0	0.0	0.02749	0.0	0.0
k__Bacteria.p__Firmicutes.c__Bacilli.o__Lactobacillales.f__Streptococcaceae.g__Streptococcus	4.38483	16.94639	0.25951	0.04015	0.0	0.33235	0.56827	0.29373	0.09401	0.74818	0.06238	0.0	0.0	4.7131	0.0	0.05267	0	0.0	0.0436	0.75042	3.6209	8.32885	8.19873	0.03791	0.01218	3.48762	4.32768	1.32705	6.15764	0.21969	0.24173	3.10492	0.45611	2.72275	0.52063	0.55548	0.06174	11.94622	0.01174	0.29355	0.4082	2.96216	0.37259	2.91504	0.44595	0.87402	0.58076	13.41796	0.13501	1.27777	1.10801	0.77165	0.53382	1.49763	5.31904
k__Bacteria.p__Firmicutes.c__Clostridia.o__Clostridiales.f__Catabacteriaceae.g__Catabacter	0.0	0.0	0.0	0.0	0.0	0.0	0.0	0.2886	0.0	0.0	0.0	0.0	0.0	0.0	0.0	0.0	0	0.0	0.0	0.0	0.0	0.0	0.0	0.0	0.0	0.0	0.0	0.0	0.0	0.0	0.0	0.0	0.0	0.0	0.0	0.03243	0.0	0.0	0.0	0.0	0.0	0.0	0.0	0.0	0.0	0.0	0.0	0.0	0.0	0.0	0.0	0.0	0.0	0.0	0.0
k__Bacteria.p__Firmicutes.c__Clostridia.o__Clostridiales.f__Christensenellaceae.g__Christensenella	0.0	0.0	0.0	0.06486	0.0	0.0	0.0	0.0	0.00726	0.0	0.0	0.0	0.0	0.0	0.0	0.0	0	0.0	0.0	0.0	0.0	0.0	0.0	0.0	0.0	0.0	0.0	0.0	0.0	0.0	0.0	0.0	0.02452	0.0	0.0	0.0	0.0	0.0	0.0	0.0	0.0	0.0	0.0	0.0	0.0	0.0	0.0	0.0	0.0	0.0	0.0	0.0	0.0	0.0	0.0
k__Bacteria.p__Firmicutes.c__Clostridia.o__Clostridiales.f__Clostridiaceae.g__Butyricicoccus	0.0	0.0	0.0	0.0	0.0	0.0	0.0	0.0	0.0	0.0	0.0	0.0	0.0	0.0	0.0	0.0	0	0.0	0.0	0.0	0.0	0.13857	0.0	0.0	0.0	0.0	0.0	0.0	0.0	0.0	0.0	0.0	0.0	0.0	0.0	0.0	0.0	0.0	0.0	0.0	0.0	0.0	0.0	0.0	0.0	0.0	0.0	0.0	0.0	0.0	0.0	0.0	0.0	0.0	0.0
k__Bacteria.p__Firmicutes.c__Clostridia.o__Clostridiales.f__Clostridiaceae.g__Clostridium	0.0	0.0	0.0	0.80363	0.34735	0.21365	0.0	0.0	0.0	0.0	0.0	0.46361	0.0	0.07742	0.05367	0.00632	0	0.22533	0.46606	0.0	0.0	0.0	1.11047	0.04022	0.0	0.0	0.14225	0.0	0.3562	0.0	0.0	0.0	0.0	0.0	0.0	0.0	0.0	0.0	0.0	0.0	0.0	0.31181	0.0	0.0	0.03641	0.29723	0.0	0.0	0.03242	0.0	0.51594	0.0	0.61653	0.0	0.0488
k__Bacteria.p__Firmicutes.c__Clostridia.o__Clostridiales.f__Clostridiaceae.g__Hungatella	0.0	0.0	0.0	0.0	0.0	0.0	0.0	0.0	0.0	0.00698	0.0	0.0	0.0	0.0	0.0	0.0	0	0.0	0.0	0.0	0.0	0.0	0.03759	0.0	0.0	0.0	0.0	0.0	0.0	0.0	0.0	0.0	0.01741	0.0	0.0	0.0	0.0	0.0	0.0	0.0	0.0	0.0	0.0	0.0	0.0	0.0	0.0	0.0	0.0	0.0	0.0	0.0	0.0	0.0	0.0
k__Bacteria.p__Firmicutes.c__Clostridia.o__Clostridiales.f__Clostridiales_Family_XIII_Incertae_Sedis.g__Clostridiales_Family_XIII_Incertae_Sedis_unclassified	0.0	0.0	0.0	0.0	0.0	0.0	0.0	0.00415	0.0	0.0	0.0	0.0	0.0	0.0	0.0	0.0	0	0.0	0.0	0.00614	0.0	0.0	0.0	0.0	0.0	0.0	0.0	0.0	0.0	0.0	0.0	0.0	0.0	0.0	0.0	0.0	0.0	0.0	0.0	0.0	0.0	0.0	0.0	0.0	0.0	0.0	0.0	0.0	0.0	0.0	0.0	0.0	0.0	0.0	0.0
k__Bacteria.p__Firmicutes.c__Clostridia.o__Clostridiales.f__Clostridiales_unclassified.g__Intestinimonas	0.0	0.0	0.0	0.0	0.0	1.11562	0.0	0.0	0.0	0.0	0.0	0.0	0.0	0.0	0.0	0.0	0	0.02871	0.0	0.0	0.0	0.0	0.0	0.0	0.0	0.0	0.0	0.0	0.0	0.0	0.0	0.0	0.0	0.0	0.55588	0.0	0.0	0.0	0.0	0.0	0.0	0.0	0.0	0.0	0.0	0.0	0.0	0.0	0.0	0.0	0.0	0.0	0.0	0.0	0.0
k__Bacteria.p__Firmicutes.c__Clostridia.o__Clostridiales.f__Clostridiales_unclassified.g__Lawsonibacter	0.0	0.0	0.0	0.0	0.01627	0.0	0.0	0.0	0.11654	0.0	0.0	0.0	0.0	0.0	0.0	0.04041	0	0.0	0.04536	0.0	0.0	0.0	0.0	0.0	0.0	0.0	0.0	0.0	0.0	0.0	0.0	0.0	0.0	0.0	0.0	0.0	0.0	0.0	0.0	0.15705	0.0	0.0	0.0	0.0	0.0	0.0051	0.0	0.0	0.01002	0.0	0.0	0.24285	0.0	0.0	0.0
k__Bacteria.p__Firmicutes.c__Clostridia.o__Clostridiales.f__Clostridiales_unclassified.g__Monoglobus	0.11389	0.0	0.0	0.61875	0.0	0.0	0.27939	0.30164	0.0	0.0	0.00356	0.0	0.0	0.0	0.0	0.3153	0	0.0	0.10195	0.0	0.0	0.0	0.0	0.0	0.0	0.0	1.13979	0.0	0.0	0.16005	1.18351	0.26271	0.0	0.0	1.38343	0.0	0.0	0.0	0.54619	0.0	1.10984	0.0	0.0	0.0	0.0	0.18268	0.0	0.0	0.74122	0.54104	0.24128	0.86503	4.03755	0.20325	0.0
k__Bacteria.p__Firmicutes.c__Clostridia.o__Clostridiales.f__Eubacteriaceae.g__Eubacterium	6.3851	1.84296	4.70346	0.80919	4.18752	4.16433	0.0	3.23615	2.52751	0.07128	9.28345	0.58383	14.64931	0.40995	1.40227	2.99605	0	7.4189	1.21599	5.22974	5.19983	6.69868	0.0	7.4601	0.2276	0.20804	4.32717	3.07072	3.74226	6.38473	10.79895	4.56319	6.42519	0.16172	1.35824	3.26129	19.42809	3.50866	0.32038	0.13997	4.08776	4.23581	0.0	5.26243	5.60879	0.92627	9.64868	0.67833	0.49088	7.62256	1.79131	8.05391	3.12693	16.97834	4.91612
k__Bacteria.p__Firmicutes.c__Clostridia.o__Clostridiales.f__Lachnospiraceae.g__Anaerostipes	4.46583	8.36079	2.99539	3.13215	6.83894	0.58888	7.44108	0.69755	9.49303	6.78625	2.28959	1.26281	15.38765	12.31972	1.72098	3.33101	0	4.46763	0.55696	8.16531	4.47235	1.13977	13.52562	8.84201	0.75397	16.33783	0.62365	0.8925	1.1464	3.65634	8.00819	8.41956	2.45641	46.06762	10.56484	0.6122	0.38262	17.03584	2.5027	0.15356	3.85211	9.48783	8.74847	1.08941	3.39026	2.29872	6.19232	4.00192	1.94847	11.362	6.76734	16.94351	1.45562	9.77865	6.57268
k__Bacteria.p__Firmicutes.c__Clostridia.o__Clostridiales.f__Lachnospiraceae.g__Anaerotignum	0.0	0.0	0.0	0.0	0.0	0.0	0.0	0.00294	0.0	0.0	0.0	0.0	0.0	0.0	0.10833	0.0	0	0.0	1.41335	0.0	0.0	0.0	0.0	0.02412	0.0	0.0	0.0	0.0	0.0	0.0	0.0	0.0	0.0	0.16924	0.0	0.19481	0.0	0.0	0.0	0.00249	0.03827	0.0	0.0	0.0	0.0	0.0	0.0	0.0	0.0	0.0	0.73275	0.0	0.0	0.0	0.0
k__Bacteria.p__Firmicutes.c__Clostridia.o__Clostridiales.f__Lachnospiraceae.g__Blautia	15.59929	27.8027	15.55186	11.86804	20.11938	8.19951	7.16052	7.6037	2.03023	47.42021	51.96341	3.54322	16.97216	32.86296	4.20209	8.84383	0	3.37968	2.10301	63.86732	6.18622	20.93016	14.44791	43.16996	2.7243	17.92768	23.50556	9.72415	0.96156	16.17926	13.33287	3.88763	31.44422	13.07239	5.30092	4.39545	14.96742	10.00621	1.38526	5.30613	11.7026	12.50804	24.86366	3.86298	7.25032	1.17312	37.27284	14.73862	1.80705	17.29223	20.88474	10.15203	3.78535	7.17759	11.45325
k__Bacteria.p__Firmicutes.c__Clostridia.o__Clostridiales.f__Lachnospiraceae.g__Butyrivibrio	0.0	0.0	0.0	0.0	0.0	0.0	0.0	0.0	0.0	0.0	0.0	0.0	0.0	0.0	0.0	0.0	0	0.0	0.0	0.0	0.0	0.0	0.0	0.0	7.14068	0.0	0.0	0.0	0.0	0.0	0.0	0.0	0.0	0.0	0.0	0.0	0.0	0.0	0.0	0.0	0.0	0.0	0.0	0.0	0.0	0.0	0.0	0.0	0.0	0.0	0.0	0.0	0.0	0.0	0.0
k__Bacteria.p__Firmicutes.c__Clostridia.o__Clostridiales.f__Lachnospiraceae.g__Coprococcus	4.07008	0.29424	1.38686	0.7556	3.20141	6.60466	5.71171	3.29305	3.51489	3.46112	0.0	0.55752	1.76518	5.46191	0.42629	1.37138	0	1.43986	0.27124	0.29193	2.26852	0.00706	0.0	1.14217	0.0	3.08812	15.06454	6.02274	1.11228	4.76616	10.72243	1.28243	1.28374	7.44414	0.0	12.2201	2.56648	0.0	0.17316	0.32375	4.95196	10.0512	0.0	3.69714	1.59783	1.15408	0.85466	0.0	0.29989	0.0	3.39378	0.0	5.54879	5.67744	2.32832
k__Bacteria.p__Firmicutes.c__Clostridia.o__Clostridiales.f__Lachnospiraceae.g__Dorea	9.62905	9.98146	7.89718	4.48276	0.99639	0.43015	7.47614	0.46425	11.10147	2.35614	4.11192	2.58752	3.15443	1.79015	3.33074	3.86596	0	1.47663	1.92199	2.75267	7.29171	2.42107	1.1878	3.76964	0.52921	0.21733	10.58247	0.80839	2.78556	5.6488	9.3443	3.15452	11.18687	8.90512	8.05509	3.35839	0.29023	4.1744	0.33231	0.10188	2.239	7.49157	0.79702	2.58517	4.36993	1.35459	6.78923	4.38103	0.76837	0.8227	2.90007	2.33686	4.98262	3.75593	2.01371
k__Bacteria.p__Firmicutes.c__Clostridia.o__Clostridiales.f__Lachnospiraceae.g__Eisenbergiella	0.0	0.0	0.0	0.0	0.09248	0.01634	0.0	0.01648	0.06378	0.0	0.0	0.0	0.0	0.0	0.0	0.0	0	0.0	0.0	0.0	0.0	0.0	0.11821	0.29752	0.0	0.0	0.0	0.08459	0.02968	0.0	0.0	0.0	0.01446	0.11377	0.0	0.28901	0.0	0.0	0.0	0.01207	0.01042	0.0	0.0	0.0	0.0	0.0	0.0	0.0	0.0	0.0	0.0	0.0	0.0	0.22027	0.0
k__Bacteria.p__Firmicutes.c__Clostridia.o__Clostridiales.f__Lachnospiraceae.g__Fusicatenibacter	5.7506	15.70895	26.58014	2.93191	4.80508	2.426	3.9066	0.18214	2.35135	0.99222	12.05118	0.83772	4.71071	1.09136	5.7855	3.28524	0	2.05627	2.47551	1.72083	5.09257	1.97008	0.0	1.39411	0.0	11.39883	2.0471	3.97587	7.02842	26.89169	11.68813	0.10637	0.0	8.60592	10.95433	2.96103	0.0	1.08153	0.57716	0.12808	29.52846	2.97804	0.0	0.20213	6.65586	1.87677	13.97116	12.30654	0.8793	0.0	7.45466	5.36623	0.70301	7.95201	15.27119
k__Bacteria.p__Firmicutes.c__Clostridia.o__Clostridiales.f__Lachnospiraceae.g__Lachnoclostridium	0.0	0.0	0.0	0.0	0.00648	0.0	0.37321	0.19878	0.0	0.11814	0.0	0.0	0.0	0.23285	0.0	0.0	0	0.0	0.0	0.17297	0.0	0.0	0.64138	0.0	0.0	0.00778	0.0	0.03404	0.0	0.0	0.0	0.0	0.03011	0.0	0.0	0.37849	0.0	0.0	0.0	0.16523	0.0	0.0	0.00551	0.0	0.0	0.0	0.0	0.0	0.0	0.0	0.0	0.0	0.0	0.0	0.0
k__Bacteria.p__Firmicutes.c__Clostridia.o__Clostridiales.f__Lachnospiraceae.g__Lachnospira	0.22574	0.0	0.0	0.00182	0.0	0.0	0.0	0.0	0.0	0.0	0.0	0.0	0.0	0.0	0.0	0.0	0	0.01983	0.07809	0.0	0.0	0.165	0.0	0.0	0.0	0.0	0.0	0.16321	0.0	0.0	0.0	0.0	0.0	0.0	0.0	0.0	0.0	0.0	0.0	0.01193	0.0	0.0	0.0	0.0	0.0	0.10406	0.0	0.0	0.0	0.0	0.0	0.0	0.0	0.02052	0.0
k__Bacteria.p__Firmicutes.c__Clostridia.o__Clostridiales.f__Lachnospiraceae.g__Lachnospiraceae_unclassified	8.38377	0.0	1.62502	1.19411	0.0	4.66504	1.28238	0.0	0.01073	0.80572	5.43923	0.21244	0.0	15.6966	39.36465	1.61926	0	5.78736	38.06318	0.0726	6.59455	0.23786	0.3826	0.85455	0.47729	23.15136	0.19522	5.88138	8.73662	2.52614	0.01284	0.0	0.0	3.75053	4.55767	5.46527	0.5635	7.66045	0.0	1.49323	2.2871	13.30801	0.0	4.73013	15.06948	8.40212	4.53074	5.14065	0.0	0.0	27.31084	16.98817	4.57636	0.0	9.52691
k__Bacteria.p__Firmicutes.c__Clostridia.o__Clostridiales.f__Lachnospiraceae.g__Roseburia	7.89724	1.38973	0.53579	0.77556	8.98222	1.37936	1.20488	0.73025	8.46266	0.3996	0.0	6.75635	2.96573	0.02518	3.68083	5.2023	0	5.40827	2.68832	0.01036	16.01559	0.18009	0.0	0.34549	3.74254	0.14296	0.72467	5.09794	3.80499	0.04941	0.86215	3.77706	0.0	0.63938	5.00851	1.08275	1.42452	0.0	0.44712	4.087	1.44723	2.04484	0.0	0.10273	3.41311	1.12898	0.02564	0.06323	0.66863	0.19437	1.98475	4.50805	4.01809	7.73565	5.534
k__Bacteria.p__Firmicutes.c__Clostridia.o__Clostridiales.f__Lachnospiraceae.g__Sellimonas	0.0	0.0	0.0	0.12628	0.0	0.0	0.0	0.00916	0.0	0.26798	0.0	0.0	0.0	0.0	0.0	0.0	0	0.0	0.0	0.0	0.0	0.0	0.0	0.0	0.0	0.0	0.0	0.0	0.0	0.0	0.05597	0.0	0.0	0.0	0.38686	0.28138	0.0	0.0	0.0	0.0	0.0	0.0	0.03434	0.0	0.0	0.0	0.0	0.31384	0.0	0.0	0.0	0.0	0.0	0.0	0.0
k__Bacteria.p__Firmicutes.c__Clostridia.o__Clostridiales.f__Lachnospiraceae.g__Tyzzerella	0.0	0.0	0.0	0.0	0.0	0.0	0.0	0.0	0.0	0.0	0.0	0.0	0.0	0.0	0.0	0.0	0	0.0	0.0	0.0	0.0	0.0	0.0	0.0	0.0	0.0	0.0	0.0	0.0	0.0	0.0	0.0	0.0	0.43844	0.0	0.0	0.0	0.0	0.0	0.0	0.0	0.0	0.0	0.0	0.0	0.0	0.0	0.0	0.0	0.0	0.0	0.0	0.0	0.0	0.0
k__Bacteria.p__Firmicutes.c__Clostridia.o__Clostridiales.f__Oscillospiraceae.g__Oscillibacter	0.0	0.0	0.0	0.0	0.4276	3.95474	0.0	0.02955	1.27696	0.0	0.0	0.0	0.15512	0.0	0.0	0.01097	0	5.72473	0.0	0.0	0.0	0.0	0.0	0.0	0.34164	0.0	0.27395	0.0	0.0	0.0	0.0	0.0	0.0	0.0	0.0	0.0	0.0	0.0	0.0	0.12618	0.0	0.15058	0.0	0.15962	0.0	0.00932	0.0	0.0	0.09064	0.0	0.0	0.0	0.24362	0.47619	0.0
k__Bacteria.p__Firmicutes.c__Clostridia.o__Clostridiales.f__Peptococcaceae.g__Peptococcus	0.0	0.0	0.0	0.0	0.0	0.0	0.0	0.05429	0.0	0.0	0.0	0.0	0.0	0.0	0.0	0.0	0	0.0	0.0	0.0	0.0	0.0	0.0	0.0	0.0	0.0	0.0	0.0	0.0	0.0	0.0	0.0	0.0	0.0	0.0	0.0	0.0	0.0	0.0	0.0	0.0	0.0	0.0	0.0	0.0	0.0	0.0	0.0	0.0	0.0	0.0	0.0	0.0	0.0	0.0
k__Bacteria.p__Firmicutes.c__Clostridia.o__Clostridiales.f__Peptostreptococcaceae.g__Intestinibacter	0.0	0.0	0.0	0.0166	0.0	0.0	0.0	0.0	0.0	0.0	0.0	0.0	0.0	0.0	0.0	0.0	0	0.0	0.0	0.9421	0.19435	1.58953	2.53072	0.64111	0.0	0.0135	0.60307	0.0	0.30883	0.0	0.32076	0.0	0.27513	0.0	0.0	0.0	0.0	0.0	0.0	0.0	0.0	0.12932	0.02408	0.0	0.04362	0.0	0.0	0.0	0.0	0.0	0.0	0.0	0.01721	0.0	0.0207
k__Bacteria.p__Firmicutes.c__Clostridia.o__Clostridiales.f__Peptostreptococcaceae.g__Peptostreptococcus	0.0	0.0	0.0	0.0	0.0	0.0	0.0	0.00418	0.0	0.05154	0.0	0.0	0.03988	0.0	0.0	0.0	0	0.0	0.0	0.0	0.0	0.0	0.0	0.0	0.0	0.0	0.0	0.0	0.0	0.0	0.0	0.0	0.0	0.0	0.0	0.0	0.0	0.0	0.0	0.0	0.0	0.0	0.0	0.0	0.0	0.0	0.0	0.0	0.0	0.0	0.0	0.0	0.0	0.0	0.0
k__Bacteria.p__Firmicutes.c__Clostridia.o__Clostridiales.f__Peptostreptococcaceae.g__Romboutsia	0.0	0.0	0.0	0.0	0.0	0.0	0.0	0.0	0.0	0.0	0.0	0.0	0.0	0.0	0.0	0.0	0	0.0	0.0	0.0	0.0	0.0	0.03657	0.0	0.0	0.0	0.0	0.0	0.0	0.0	0.05268	0.0	0.0	0.0	0.0	0.0	0.0	0.0	0.0	0.0	0.0	0.0	0.0	0.0	0.0	0.0	0.0	0.0	0.0	0.0	0.0	0.0	0.00878	0.0	0.0
k__Bacteria.p__Firmicutes.c__Clostridia.o__Clostridiales.f__Ruminococcaceae.g__Agathobaculum	1.11593	1.63091	0.77609	0.35087	0.0	0.0	0.0	0.0	0.13421	0.05578	0.45224	0.84594	0.0	0.0	0.00763	0.54089	0	0.05017	0.46285	0.0	0.22281	0.0	0.0	0.50562	0.31791	0.0	0.19595	0.1748	0.03708	0.68179	0.0	0.28869	0.31288	0.06737	0.447	0.0	0.4558	0.0	0.0	0.03576	0.34377	0.13868	0.0	0.0	0.54886	0.20673	0.53068	0.0	0.06915	1.83355	0.23936	4.86936	0.02498	0.19919	0.05232
k__Bacteria.p__Firmicutes.c__Clostridia.o__Clostridiales.f__Ruminococcaceae.g__Anaeromassilibacillus	0.0	0.0	0.0	0.0	0.05479	0.0	0.0	0.0	0.0	0.0	0.0	0.0	0.0	0.0	0.03595	0.06579	0	0.0	0.0	0.0	0.0	0.0	0.0	0.0	0.0	0.0	0.0	0.0	0.0	0.0	0.0	0.02275	0.0	0.0	0.0	0.0	0.0	0.0	0.0	0.0	0.02499	0.0	0.0	0.0	0.0	0.01286	0.0	0.0	0.0	0.0	0.0	0.0	0.24593	0.0	0.0
k__Bacteria.p__Firmicutes.c__Clostridia.o__Clostridiales.f__Ruminococcaceae.g__Anaerotruncus	0.0	0.0	0.0	0.0	0.01631	0.0	0.0	0.0	0.0	0.0	0.0	0.0	0.0	0.0	0.0	0.0	0	0.0	0.0	0.0	0.0	0.0	0.0	0.0	0.0	0.0	0.0	0.0	0.0	0.0	0.0	0.0	0.0	0.0	0.0	0.0301	0.0	0.0	0.0	0.0	0.0	0.0	0.0	0.0	0.0	0.0	0.0	0.0	0.0	0.0	0.0	0.0	0.0	0.0	0.0
k__Bacteria.p__Firmicutes.c__Clostridia.o__Clostridiales.f__Ruminococcaceae.g__Faecalibacterium	0.39914	1.88898	3.06075	0.55324	19.50576	8.1869	0.12154	0.4367	2.30167	0.12903	2.80331	9.34686	0.55529	2.50052	16.75065	7.00509	0	11.72829	4.31375	0.07788	1.89141	0.02686	0.0	0.24726	4.06829	0.11725	1.13434	13.80419	37.68389	0.11672	2.05132	1.03207	0.00717	0.36708	2.66305	3.05362	0.88831	0.20716	0.21278	5.26249	2.47488	11.23948	0.21632	0.93337	8.96696	1.6025	2.80697	5.74913	0.66214	5.09491	2.49779	7.42666	1.13339	2.06736	1.21564
k__Bacteria.p__Firmicutes.c__Clostridia.o__Clostridiales.f__Ruminococcaceae.g__Flavonifractor	0.0	0.0	0.0	0.01943	0.14963	0.09599	0.0	0.0	0.0	1.32174	0.0	0.0	0.0	0.0	0.0	0.0	0	0.0	1.85148	0.25221	0.0	0.0	0.0	0.0	0.0	0.0	0.0	0.0	0.00666	0.0	0.0	0.00226	0.45119	0.07159	0.49189	0.1356	0.0	0.0	0.0	0.05602	0.33695	0.0	0.0	0.0	0.0	0.0	0.0	0.0	0.0	0.0	0.34307	0.32206	0.0	0.0	0.0
k__Bacteria.p__Firmicutes.c__Clostridia.o__Clostridiales.f__Ruminococcaceae.g__Gemmiger	0.0	0.0	0.01993	0.05424	0.0	0.07259	0.07379	0.00432	0.68261	0.0	0.0	0.25722	0.24601	0.0	0.36547	0.09814	0	0.50218	0.0	0.0	0.04465	0.0	0.0	0.0	0.0	0.0	0.31487	0.26661	0.23501	0.07235	0.46156	0.0	0.0	0.0	1.45188	0.04911	0.79147	0.0	0.0	0.03665	0.49056	0.20267	0.0	0.0	0.06554	0.02325	1.17399	0.04429	0.02262	0.09005	0.0	0.0	0.86328	0.72187	1.74436
k__Bacteria.p__Firmicutes.c__Clostridia.o__Clostridiales.f__Ruminococcaceae.g__Pseudoflavonifractor	0.0	0.0	0.0	0.0	0.0	0.0	0.0	0.0	0.01169	0.0	0.0	0.0	0.0	0.0	0.0	0.0	0	0.0	0.0	0.0	0.0	0.0	0.0	0.0	0.0	0.0	0.0	0.0	0.0	0.0	0.0	0.0	0.0	0.0	0.0	0.0	0.0	0.0	0.0	0.0	0.0	0.0	0.0	0.0	0.0	0.0	0.0	0.0	0.0	0.0	0.0	0.0	0.0	0.0	0.0
k__Bacteria.p__Firmicutes.c__Clostridia.o__Clostridiales.f__Ruminococcaceae.g__Ruminococcaceae_unclassified	0.23159	0.10523	0.0	0.01707	0.03507	0.51162	0.0	0.09014	0.08707	0.0	0.0	0.0	1.38911	0.0	0.0	1.47792	0	0.04749	0.05811	0.0	0.0	0.0	0.0	0.02966	1.67055	0.0	0.0	0.0	0.18101	0.0	0.0	0.87147	0.0	0.0	0.0	0.0	0.0	0.0	0.0	0.0321	1.16536	0.0205	0.0	0.0	0.0	48.2407	0.0	0.0	0.10309	0.20033	0.0	0.0	0.56866	0.25794	0.09633
k__Bacteria.p__Firmicutes.c__Clostridia.o__Clostridiales.f__Ruminococcaceae.g__Ruminococcus	15.69948	0.62961	1.95646	0.50723	0.0	5.34334	0.2725	5.75258	1.3116	0.0	1.89702	5.26448	4.16979	0.0	4.31277	15.25462	0	20.4339	0.04744	0.0	7.11992	0.0	0.0	0.0	5.42866	0.16337	4.96378	17.43315	5.89242	0.20832	1.05747	2.93924	14.78219	0.0	1.4607	0.0	0.87085	0.0	16.40657	4.07782	0.01658	0.0	0.0	2.62727	14.59375	13.13146	7.27317	0.21987	15.93294	0.82326	0.0	0.0	12.48402	0.0	14.11448
k__Bacteria.p__Firmicutes.c__Clostridia.o__Clostridiales.f__Ruminococcaceae.g__Ruthenibacterium	0.0	0.0	0.0	0.49851	1.16197	1.14948	0.0	0.15764	0.54306	4.05255	0.01071	0.0307	0.29917	0.0	0.21405	0.21866	0	0.0959	0.59015	0.44254	0.0	0.0	0.0	0.65839	0.19042	0.0	0.52594	0.27996	0.6653	0.0	0.17221	0.49375	3.21398	0.69742	1.00108	3.43795	0.05036	0.0	0.4547	0.35194	1.16521	0.29799	0.0	0.91743	0.36158	0.11476	0.01111	0.07495	0.67342	0.16446	0.35517	0.1408	0.46546	0.97474	1.29761
k__Bacteria.p__Firmicutes.c__Erysipelotrichia.o__Erysipelotrichales.f__Erysipelotrichaceae.g__Absiella	0.0	0.0	0.0	0.0	0.0	0.0	0.0	0.0	0.0	0.0	0.0	0.0	0.22655	0.0	0.0	0.0	0	0.0	0.0	0.0	0.0	0.03624	0.0	0.0	0.0	0.0	0.0	0.0	0.0	0.0	0.0	0.0	0.0	0.0	0.0	0.0	0.0	0.0	0.0	0.0	0.0	0.0	0.0	0.0	0.0	0.0	0.0	0.0	0.0	0.0	0.00807	0.0	0.0	0.0	0.0
k__Bacteria.p__Firmicutes.c__Erysipelotrichia.o__Erysipelotrichales.f__Erysipelotrichaceae.g__Candidatus_Stoquefichus	0.0	0.0	0.0	0.0	0.0	0.0	0.0	0.0	0.0	0.0	0.0	0.0	0.0	0.0	0.0	0.0	0	0.0	0.0	0.0	0.0	0.0	0.0	0.0	0.0	0.0	0.0	0.0	0.0	0.0	0.0	0.0	0.0	0.0	0.0	0.0	0.0	0.0	0.0	0.0	0.0	0.0	0.0	0.0	0.0	0.0	0.0	0.0	0.0	0.0	0.0	0.3315	0.0	0.0	0.0
k__Bacteria.p__Firmicutes.c__Erysipelotrichia.o__Erysipelotrichales.f__Erysipelotrichaceae.g__Catenibacterium	0.0	0.0	0.0	0.0	0.0	0.11923	0.73828	0.0	0.0	0.0	1.18001	0.0	0.0	0.0	0.0	0.0	0	0.0	0.0	0.0	0.0	0.0	0.0	0.0	0.0	0.0	0.65255	0.0	0.0	0.0	0.0	0.0	0.0	0.0	0.0	0.0	0.0	0.0	0.0	0.0	0.0	0.0	0.0	0.0	0.0	0.0	0.0	11.38446	0.0	0.0	0.0	0.0	0.0	0.0	0.0
k__Bacteria.p__Firmicutes.c__Erysipelotrichia.o__Erysipelotrichales.f__Erysipelotrichaceae.g__Coprobacillus	0.0	0.0	0.0	0.0	0.0	0.00365	0.0	0.0	0.0	0.0	0.0	0.0	0.0	0.0	0.0	0.0	0	0.0	0.0	0.0	0.0	0.0	0.0	0.0	0.0	0.0	0.0	0.0	0.0	0.0	0.0	0.0	0.0	0.0	0.0	0.0	0.0	0.0	0.0	0.0	0.0	0.0	0.0	0.0	0.0	0.0	0.0	0.0	0.0	0.0	0.0	0.0	0.0	0.0	0.0
k__Bacteria.p__Firmicutes.c__Erysipelotrichia.o__Erysipelotrichales.f__Erysipelotrichaceae.g__Dielma	0.0	0.0	0.0	0.0	0.0	0.0	0.0	0.0	0.0	0.0572	0.0	0.0	0.0	0.0	0.0	0.0	0	0.0	0.0	0.0	0.0	0.0	0.0	0.0	0.0	0.0	0.0	0.0	0.0	0.0	0.0	0.0	0.01981	0.0	0.0	0.0	0.0	0.0	0.0	0.0	0.0	0.0	0.0	0.0	0.0	0.0	0.0	0.0	0.0	0.0	0.0	0.0	0.0	0.0	0.0
k__Bacteria.p__Firmicutes.c__Erysipelotrichia.o__Erysipelotrichales.f__Erysipelotrichaceae.g__Erysipelatoclostridium	0.0	0.0	0.0	0.16064	0.0	0.0	0.0	0.04233	0.0	1.46083	0.0	0.0	0.0	0.1697	0.0	0.0	100	0.0	0.0	0.48913	0.0	0.0	0.84021	0.0	0.0	0.06991	0.0	0.0	0.0	0.0	0.05501	0.00949	2.55074	2.73771	2.29508	0.0	0.0	0.0	0.0	0.01657	0.04144	0.0	0.8728	0.0	0.0	0.0	0.0	0.0	0.0	0.13828	0.0	2.21891	0.00467	0.0	0.00768
k__Bacteria.p__Firmicutes.c__Erysipelotrichia.o__Erysipelotrichales.f__Erysipelotrichaceae.g__Faecalitalea	0.0	0.04616	0.0	1.26472	0.0	0.0	0.0	0.0	0.0	0.0	0.0	0.0	0.0	0.0	0.0	0.0	0	0.0	0.0	0.0	0.0	0.0	0.0	0.96686	0.0	0.0	0.0	0.0	0.0	0.0	0.0	0.70003	0.0	0.0	0.0	0.0	0.0	0.0	0.35709	0.0	0.0	0.0	0.0	0.0	0.0	0.0	0.0	0.0	0.47766	0.0	0.0	0.0	0.0	0.0	0.0
k__Bacteria.p__Firmicutes.c__Erysipelotrichia.o__Erysipelotrichales.f__Erysipelotrichaceae.g__Holdemanella	0.0	0.0	9.80894	0.0	0.0	0.0	0.0	0.0	0.0	0.0	0.0	0.0	0.0	0.0	0.0	0.0	0	0.0	0.0	0.0	0.0	0.0	0.0	0.0	0.0	0.0	0.0	0.0	0.0	0.70288	4.29122	0.0	0.0	0.0	0.0	0.0	0.0	0.0	0.0	0.0	0.0	0.0	0.0	0.0	0.0	0.0	0.45969	0.0	0.0	0.0	0.0	0.0	0.01635	0.13443	0.19123
k__Bacteria.p__Firmicutes.c__Erysipelotrichia.o__Erysipelotrichales.f__Erysipelotrichaceae.g__Holdemania	0.0	0.0	0.0	0.0	0.0	0.0	0.0	0.0	0.0	0.0	0.0	0.0	0.0	0.0	0.0	0.0	0	0.0	0.06721	0.0	0.0	0.0	0.0	0.0	0.13161	0.0	0.0	0.0	0.0	0.0	0.0	0.0	0.0	0.0	0.0	0.0	0.0	0.0	0.0	0.0	0.14287	0.0	0.0	0.0	0.0	0.0	0.0	0.0	0.0	0.0	0.0295	0.0	0.0	0.0	0.0
k__Bacteria.p__Firmicutes.c__Erysipelotrichia.o__Erysipelotrichales.f__Erysipelotrichaceae.g__Solobacterium	0.0	0.0	0.0	0.0	0.0	0.0	0.0	0.17356	0.0	0.12041	0.0	0.0	0.04122	0.0	0.0	0.0	0	0.0	0.0	0.0	0.0	0.0	0.0	0.0	0.0	0.0	0.0	0.0	0.0	0.0	0.0	0.0	0.0	0.0	0.0	0.0	0.0	0.0	0.0	0.0	0.0	0.0	0.0	0.0	0.0	0.0	0.0	0.0	0.0	0.0	0.0	0.0	0.0	0.0	0.0
k__Bacteria.p__Firmicutes.c__Erysipelotrichia.o__Erysipelotrichales.f__Erysipelotrichaceae.g__Turicibacter	0.0	0.0	0.0	0.00912	0.0	0.0	0.0	0.0	0.01033	0.0	0.0	0.04966	0.0	0.0	0.0	0.0	0	0.0	0.0	0.0	0.0	0.0	9.19231	0.0	0.0	0.0	0.0	0.0	0.12756	0.0	0.30619	0.09621	0.0	0.0	0.0	0.0	0.29609	0.0	0.0	0.0	0.0	0.32669	0.0	0.0	0.09298	0.0	0.0	0.0	0.0	0.0	0.0	0.0	0.06488	0.0	0.08577
k__Bacteria.p__Firmicutes.c__Firmicutes_unclassified.o__Firmicutes_unclassified.f__Firmicutes_unclassified.g__Firmicutes_unclassified	1.37955	0.0	0.0	8.6598	0.11276	0.15632	0.0	11.24819	0.37332	1.96428	0.00364	0.05885	0.0	0.0	2.09655	0.08858	0	0.64033	0.15453	4.55557	0.0	0.32244	0.0	0.75733	3.70578	1.25471	0.12957	6.62035	0.0	0.14436	0.0	0.0	0.5809	0.0	0.0	0.22883	0.0	0.0	0.1529	0.0	1.95977	0.69604	0.0	0.89775	0.07463	0.61414	0.0	0.0	0.27837	0.0	0.91594	0.1161	2.01609	0.0	0.00918
k__Bacteria.p__Firmicutes.c__Negativicutes.o__Acidaminococcales.f__Acidaminococcaceae.g__Acidaminococcus	0.0	0.0	0.0	0.0	0.0	0.0	0.0	0.0	0.0	0.0	0.0	0.0	0.0	0.0	0.0	0.0	0	0.0	0.0	0.0	0.0	0.0	0.0	0.0	0.0	0.0	0.0	0.0	0.0	0.0	0.0	0.0	0.0	0.0	0.0	1.06653	0.0	0.0	0.0	0.0	0.0	0.0	0.0	0.0	0.0	0.0	0.0	0.0	0.0	0.0	0.0	0.0	0.0	0.0	0.0
k__Bacteria.p__Firmicutes.c__Negativicutes.o__Acidaminococcales.f__Acidaminococcaceae.g__Phascolarctobacterium	0.0	0.0	0.0	0.06822	0.66877	0.26971	0.0	0.0	0.0	0.03691	0.0	0.0	0.0	0.0	0.0	0.03634	0	2.31851	0.44213	0.0	0.0	0.0	0.0	0.0	0.04004	0.0	0.0	0.0	0.0	0.0	0.0	0.0	0.00641	0.0	0.75987	0.0	0.0	0.0	0.0	0.0	0.0	0.0	0.0	0.0	0.07367	0.19679	0.0	0.0	0.0646	0.0	0.0	0.0	0.0	0.0	0.0
k__Bacteria.p__Firmicutes.c__Negativicutes.o__Selenomonadales.f__Selenomonadaceae.g__Megamonas	0.0	0.0	0.63946	0.0	0.0	0.0	0	0.0	0.0	0.0	0.0	0.0	0.0	0.0	0.0	0.0	0	0.0	0.0	0.0	0	0.0	0.0	0.0	0.0	0.0	0.0	0.0	0.0	0.0	0.0	0.0	0.0	0.0	0.0	0.0	0.0	0	0.0	0.0	0.0	0.0	0.0	0.0	0.0	0.0	0.0	0	0.0	0.0	0.0	0.0	0.0	0.0	0.0
k__Bacteria.p__Firmicutes.c__Negativicutes.o__Veillonellales.f__Veillonellaceae.g__Dialister	0.0	0.0	0.0	0.0	0.0	0.0	0	0.03236	0.07864	0.0	0.0	0.0	0.0	0.0	0.03744	0.0	0	0.0	0.0	0.0	0	0.0	0.0	0.0	0.0	0.0209	0.0	1.16179	0.0	0.0	0.0	0.0	0.0	0.0	0.0	0.0612	0.59793	0	0.0	0.87825	0.0	0.0	0.00364	0.0	0.0	0.0	0.0	0	0.0	0.0	0.0	0.09093	0.0	0.0	0.02278
k__Bacteria.p__Firmicutes.c__Negativicutes.o__Veillonellales.f__Veillonellaceae.g__Megasphaera	0.0	0.0	0.0	0.0	0.0	0.0	0	0.0	0.0	0.0	0.0	0.0	0.0	0.0	0.0	0.0	0	0.0	0.0	0.0	0	0.0	0.0	0.0	0.0	0.0	0.0	0.0	0.0	0.0	0.0	0.0	0.0	0.0	0.0	0.0	0.0	0	0.0	0.0	0.0	0.0	0.0	0.0	0.0	0.0	0.0	0	0.0	0.0	0.0	0.22174	0.0	0.0	0.0
k__Bacteria.p__Firmicutes.c__Negativicutes.o__Veillonellales.f__Veillonellaceae.g__Veillonella	0.0	0.0	0.0	0.0	0.0	0.0	0	0.0	0.0	0.0	0.0	0.0	0.0	0.0	0.0	0.59698	0	0.0	0.0	0.0	0	0.0	0.06288	0.0	0.0	0.0	0.0	0.0	2.30891	0.0	0.0	0.0	0.0	0.0	0.0	0.0	0.0	0	0.0	0.0	0.0	0.0	0.00931	0.0	0.0	0.0	0.0	0	0.0	0.0	0.0	0.0	0.0	0.0	0.0
k__Bacteria.p__Firmicutes.c__Tissierellia.o__Tissierellales.f__Peptoniphilaceae.g__Parvimonas	0.0	0.0	0.0	0.0	0.0	0.0	0	0.0	0.0	0.02451	0.0	0.0	0.0	0.0	0.0	0.0	0	0.0	0.0	0.0	0	0.0	0.0	0.0	0.0	0.0	0.0	0.0	0.0	0.0	0.0	0.0	0.0	0.0	0.0	0.0	0.0	0	0.0	0.0	0.0	0.0	0.0	0.0	0.0	0.0	0.0	0	0.0	0.0	0.0	0.0	0.0	0.0	0.0
k__Bacteria.p__Fusobacteria.c__Fusobacteriia.o__Fusobacteriales.f__Fusobacteriaceae.g__Fusobacterium	0.0	0.0	0.0	0.0	0.0	0.0	0	0.0	0.0	0.0	0.0	1.13367	0.0	0.0	0.0	0.0911	0	0.0	0.0	0.0	0	0.0	0.0	0.0	0.0	0.0	0.0	0.0	0.0	0.0	0.0	0.0	0.0157	0.0	0.0	0.0	0.0	0	0.0	0.0	0.0	0.0	0.0	0.0	0.0	0.0	0.0	0	0.0	0.0	0.0	0.0	0.0	0.0	0.0
k__Bacteria.p__Proteobacteria.c__Betaproteobacteria.o__Burkholderiales.f__Oxalobacteraceae.g__Oxalobacter	0	0	0	0	0.0	0.0	0	0.0	0.0	0.0	0	0.0	0	0.0	0.0	0.0	0	0.07448	0.0	0.0	0	0.0	0.0	0.0	0	0	0	0	0.0	0	0	0	0.0	0	0.0	0.0	0	0.0	0	0.0	0.0	0	0.0	0	0.0	0	0	0.0	0.0	0	0.0	0.0	1.21141	0.0	0.0
k__Bacteria.p__Proteobacteria.c__Betaproteobacteria.o__Burkholderiales.f__Sutterellaceae.g__Parasutterella	0	0	0	0	0.0	0.0	0	0.0	0.0	0.0	0	0.0	0	0.0	0.20757	0.0	0	0.04639	0.15809	0.0	0	0.0	0.0	0.0	0	0	0	0	0.0	0	0	0	0.0	0	0.0	0.0	0	0.0	0	0.33345	0.0	0	0.0	0	0.0	0	0	0.0	0.0	0	0.0	0.0	0.00184	0.0	0.0
k__Bacteria.p__Proteobacteria.c__Betaproteobacteria.o__Burkholderiales.f__Sutterellaceae.g__Turicimonas	0	0	0	0	0.0	0.0	0	0.0	0.0	0.0	0	0.0	0	0.0	0.0	0.0	0	0.0	0.0	0.0	0	0.0	0.0	0.0	0	0	0	0	0.15248	0	0	0	0.0	0	0.0708	0.0	0	0.0	0	0.04764	0.0	0	0.0	0	0.0	0	0	0.0	0.0	0	0.0	0.0	0.00594	0.0	0.0
k__Bacteria.p__Proteobacteria.c__Deltaproteobacteria.o__Desulfovibrionales.f__Desulfovibrionaceae.g__Bilophila	0	0	0	0	0.0	0.0	0	0.0	0.0	0.0	0	0.0	0	0.0	0.0	0.0	0	0.0	0.01463	0.0	0	0.0	0.0	0.0	0	0	0	0	0.0	0	0	0	0.0	0	0.0	0.0	0	0.0	0	0.0	0.0	0	0.0	0	0.0	0	0	0.0	0.0	0	0.0	0.0	0.0	0.0	0.00679
k__Bacteria.p__Proteobacteria.c__Deltaproteobacteria.o__Desulfovibrionales.f__Desulfovibrionaceae.g__Desulfovibrio	0	0	0	0	0.40905	0.0	0	0.0	0.0	0.0	0	0.0	0	0.0	0.0	0.0	0	0.0	0.0	0.0	0	0.0	0.0	0.0	0	0	0	0	0.0	0	0	0	0.0	0	0.0	0.0	0	0.0	0	0.0	0.0	0	0.0	0	0.0	0	0	0.0	0.0	0	0.0	0.0	0.0	0.0	0.0
k__Bacteria.p__Proteobacteria.c__Gammaproteobacteria.o__Enterobacterales.f__Enterobacteriaceae.g__Citrobacter	0	0	0	0	0	0.00792	0	0.0	0.0	0.0	0	0.0	0	0.0	0	0.0	0	0	0	0.0	0	0.0	3.9864	0.0	0	0	0	0	0.0	0	0	0	0.07765	0	0	0.0	0	0.0	0	0	0.0	0	0.0	0	0.0	0	0	0.0	0.0	0	0.0	0.0	0	0.0	0.0
k__Bacteria.p__Proteobacteria.c__Gammaproteobacteria.o__Enterobacterales.f__Enterobacteriaceae.g__Enterobacter	0	0	0	0	0	0.0	0	0.0	0.0	0.0	0	0.0	0	0.0	0	37.46977	0	0	0	0.0	0	0.0	0.0	0.0	0	0	0	0	0.0	0	0	0	0.0	0	0	0.0	0	0.0	0	0	0.0	0	0.0	0	0.0	0	0	0.0	0.0	0	0.0	0.0	0	0.0	0.0
k__Bacteria.p__Proteobacteria.c__Gammaproteobacteria.o__Enterobacterales.f__Enterobacteriaceae.g__Escherichia	0	0	0	0	0	1.94337	0	0.00831	1.10887	5.46657	0	41.73247	0	7.96081	0	0.0	0	0	0	2.07658	0	16.40912	0.0	0.6021	0	0	0	0	0.0	0	0	0	4.22224	0	0	5.00747	0	4.01796	0	0	0.80404	0	4.94441	0	0.0	0	0	5.66115	0.28172	0	0.07723	0.24739	0	0.04274	0.61072
k__Bacteria.p__Proteobacteria.c__Gammaproteobacteria.o__Enterobacterales.f__Enterobacteriaceae.g__Klebsiella	0	0	0	0	0	0.0	0	0.0	0.0	0.0	0	0.0	0	8.74715	0	0.0	0	0	0	0.0	0	2.61265	8.4828	0.0	0	0	0	0	0.0	0	0	0	0.0	0	0	0.0	0	0.0	0	0	0.0	0	0.0	0	0.0	0	0	0.35497	0.0	0	0.0	0.0	0	0.0	0.0
k__Bacteria.p__Proteobacteria.c__Gammaproteobacteria.o__Enterobacterales.f__Hafniaceae.g__Hafnia	0	0	0	0	0	0.02444	0	0.0	0.0	0.0	0	0.0	0	0.0	0	0.0	0	0	0	0.0	0	0.0	0.0	0.0	0	0	0	0	0.0	0	0	0	0.0	0	0	0.0	0	0.0	0	0	0.0	0	0.0	0	0.0	0	0	0.0	0.0	0	0.0	0.0	0	0.0	0.0
k__Bacteria.p__Proteobacteria.c__Gammaproteobacteria.o__Pasteurellales.f__Pasteurellaceae.g__Haemophilus	0.0	0	0.0	0	0.0	0.0	0	0	0.0	0	0	0	0.0	0.0	0.0	0.0	0	0	0.0	0	0	0.0	0	0	0.0	0.0	0.0	0.0	0.03163	0	0.0	0	0	0	0.0	0.0	0.0	0	0.0	0.0	0.0	0	0	0.0	0.05542	0.0	0	0.0	0.0	0.0	0	0	0.0	0.0	0.0
k__Bacteria.p__Proteobacteria.c__Proteobacteria_unclassified.o__Proteobacteria_unclassified.f__Proteobacteria_unclassified.g__Proteobacteria_unclassified	0.0	0	0.0	0	0.0	0.0	0	0	0.0	0	0	0	0.0	0.0	0.0	0.0	0	0	0.0	0	0	0.0	0	0	0.0	0.0	0.0	0.0	0.0	0	0.0	0	0	0	0.0	0.09866	0.0	0	0.0	1.24742	0.0	0	0	0.0	0.0	0.00362	0	0.0	0.0	0.0	0	0	0.27395	0.0	0.0
k__Bacteria.p__Verrucomicrobia.c__Verrucomicrobiae.o__Verrucomicrobiales.f__Akkermansiaceae.g__Akkermansia	1.37649	0	1.22855	0	0.25923	31.72071	0	0	15.00604	0	0	0	21.10144	0.06929	0.03578	0.08554	0	0	36.29139	0	0	0.22922	0	0	66.98852	0.0621	0.24262	16.79701	5.28667	0	5.06588	0	0	0	25.35271	0	4.89473	0	68.409	0	19.55452	0	0	3.21088	0	5.90405	0	0.02369	64.15138	0.22438	0	0	0.12331	7.10517	1.83959
