dataset_name	Heitz-BuschartA_2016	Heitz-BuschartA_2016	Heitz-BuschartA_2016	Heitz-BuschartA_2016	Heitz-BuschartA_2016	Heitz-BuschartA_2016	Heitz-BuschartA_2016	Heitz-BuschartA_2016	Heitz-BuschartA_2016	Heitz-BuschartA_2016	Heitz-BuschartA_2016	Heitz-BuschartA_2016	Heitz-BuschartA_2016	Heitz-BuschartA_2016	Heitz-BuschartA_2016	Heitz-BuschartA_2016	Heitz-BuschartA_2016	Heitz-BuschartA_2016	Heitz-BuschartA_2016	Heitz-BuschartA_2016	Heitz-BuschartA_2016	Heitz-BuschartA_2016	Heitz-BuschartA_2016	Heitz-BuschartA_2016	Heitz-BuschartA_2016	Heitz-BuschartA_2016	Heitz-BuschartA_2016	Heitz-BuschartA_2016	Heitz-BuschartA_2016	Heitz-BuschartA_2016	Heitz-BuschartA_2016	Heitz-BuschartA_2016	Heitz-BuschartA_2016	Heitz-BuschartA_2016	Heitz-BuschartA_2016	Heitz-BuschartA_2016	Heitz-BuschartA_2016	Heitz-BuschartA_2016	Heitz-BuschartA_2016	Heitz-BuschartA_2016	Heitz-BuschartA_2016	Heitz-BuschartA_2016	Heitz-BuschartA_2016	Heitz-BuschartA_2016	Heitz-BuschartA_2016	Heitz-BuschartA_2016	Heitz-BuschartA_2016	Heitz-BuschartA_2016	Heitz-BuschartA_2016	Heitz-BuschartA_2016	Heitz-BuschartA_2016	Heitz-BuschartA_2016	Heitz-BuschartA_2016
study_condition	T1D	T1D	T1D	control	control	control	control	control	control	T1D	T1D	T1D	control	control	T1D	T1D	T1D	T1D	T1D	T1D	T1D	T1D	T1D	control	control	control	T1D	T1D	control	control	control	control	control	T1D	T1D	T1D	T1D	T1D	control	control	T1D	T1D	T1D	T1D	T1D	control	control	control	control	control	control	control	control
k__Archaea.p__Euryarchaeota.c__Methanobacteria.o__Methanobacteriales.f__Methanobacteriaceae.g__Methanobrevibacter	0.52288	0.22834	0.45593	0.00216	0.20628	0.02242	0	0	0	1.21879	1.696	0.25036	1.67828	0.65814	0.00634	0.0105	0.00739	0	0	0	0	0	0	0	0	0	0	0	0	0	0	0	0	0.02233	0.58628	0.70679	0	0	0	0	0	0	0	0	0	0	0	0	0	0	0	0.06331	1.81715
k__Archaea.p__Euryarchaeota.c__Thermoplasmata.o__Methanomassiliicoccales.f__Methanomassiliicoccaceae.g__Methanomassiliicoccus	0	0	0	0	0	0	0	0	0	0	0	0	0	0	0	0	0	0	0	0	0	0	0	0	0	0	0	0	0.37712	0.84453	0	0	0	0	0	0	0	0	0	0	0	0	0	0	0	0	0	0	0	0	0	0	0
k__Bacteria.p__Actinobacteria.c__Actinobacteria.o__Actinomycetales.f__Actinomycetaceae.g__Actinobaculum	0	0	0	0	0	0	0	0	0	0.00595	0.00325	0	0	0	0	0	0	0	0	0	0	0	0	0	0	0	0	0	0	0	0	0	0	0	0	0	0	0	0	0	0	0	0	0	0	0	0	0	0	0	0	0	0
k__Bacteria.p__Actinobacteria.c__Actinobacteria.o__Actinomycetales.f__Actinomycetaceae.g__Actinomyces	0	0	0.00597	3.00E-04	0	0	0	0.02967	0.01166	0.03303	0.0242	0.01719	0.00296	0.00207	0.00096	0	0	0.00324	0.0023	0.00479	0	0	0	0	0	0.00328	0.01426	0.02152	0	0	0.08729	0.00257	0.00198	0.00292	0.02511	0.0343	0.00223	0.00162	0.00123	0.02791	0.00176	0.00604	0	0	0	0	0	0.00061	0.06064	0	0.00857	0	0.00156
k__Bacteria.p__Actinobacteria.c__Actinobacteria.o__Bifidobacteriales.f__Bifidobacteriaceae.g__Aeriscardovia	0.0	0.0	0.0	0.0	0.0	0.0	0.0	0.0	0.0	0.0	0.0	0.0	0.0	0.0	0.0	0.0	0.0	0.0	0	0.0	0	0	0	0.0	0.0	0.0	0.0	0.0	0.00339	0.01099	0.00165	0.00321	0.00833	0.0	0.0	0.0	0.00116	0.0	0.0	0.0	0.0	0.0	0.0	0.0	0.0	0.0	0.0	0.0	0.0	0.0	0.0	0.0	0
k__Bacteria.p__Actinobacteria.c__Actinobacteria.o__Bifidobacteriales.f__Bifidobacteriaceae.g__Bifidobacterium	1.82528	0.44247	1.2886	1.24529	0.28578	0.57279	0.49395	0.48559	0.7872	0.4323	4.02423	0.01091	2.07703	1.6871	0.66712	0.12919	1.35224	0.00306	0	0.17155	0	0	0	0.07729	0.03976	1.92653	1.32744	0.73479	3.96495	4.40775	9.7916	14.11496	24.49568	2.59783	2.20663	8.4127	0.81508	2.35119	4.45822	5.275	0.08603	4.28264	0.69232	0.44425	0.38153	3.66354	0.21079	6.54126	12.00059	0.23004	0.09625	0.11099	0
k__Bacteria.p__Actinobacteria.c__Actinobacteria.o__Bifidobacteriales.f__Bifidobacteriaceae.g__Gardnerella	0.0	0.0	0.0	0.0	0.0	0.0	0.0	0.0	0.0	0.0	0.00795	0.0	0.0	0.0	0.0	0.0	0.0	0.0	0	0.0	0	0	0	0.0	0.0	0.0	0.0	0.0	0.0	0.0	0.0	0.0	0.0	0.0	0.0	0.0	0.0	0.0	0.0	0.0	0.0	0.0	0.0	0.0	0.0	0.0	0.0	0.0	0.0	0.0	0.0	0.0	0
k__Bacteria.p__Actinobacteria.c__Actinobacteria.o__Bifidobacteriales.f__Bifidobacteriaceae.g__Scardovia	0.0	0.0	0.0	0.0	0.0	0.0	0.0	0.00103	0.0	0.0	0.0	0.0	0.0	0.0	0.0	0.0	0.0	0.0	0	0.0	0	0	0	0.0	0.0	0.0	0.0	0.0	0.0	0.0	0.0	0.0	0.0	0.0	0.0	0.0	0.0	0.0	0.0	0.0	0.0	0.0	0.0	0.0	0.0	0.0	0.0	0.0	0.0	0.0	0.0	0.0	0
k__Bacteria.p__Actinobacteria.c__Actinobacteria.o__Micrococcales.f__Micrococcaceae.g__Rothia	0	0	0	0.00774	0	0	0.0	0.00213	0	0.0247	0.0	0.01006	0	0	0	0	0.00103	0.00187	0.03409	0.00414	0	0	0	0	0.0	0.0	0.00283	0.02048	0	0	0	0	0	0.01208	0.00025	0.01046	0	0	0	0.04711	0.01158	0	0.00039	0.00083	0	0	0	0	0.02609	0	0.02388	0	0
k__Bacteria.p__Actinobacteria.c__Actinobacteria.o__Propionibacteriales.f__Propionibacteriaceae.g__Propionibacterium	0.0	0.0	0.0	0.0	0.0	0.0	0.00337	0.00096	0.0	0.0	0.03507	0.0	0.0	0.0	0.0	0.0	0.0	0.0	0.03606	0.0025	0.0	0.0	0.0	0.0	0.00281	0.01334	0.0	0.0	0.0	0.0	0.0	0.0	0.0	0.0	0.0	0.0	0.0	0.0	0.0	0.0	0.0	0.0	0.0	0.0	0.0	0.0	0.0	0.0	0.0	0.0	0.0	0.0	0.0
k__Bacteria.p__Actinobacteria.c__Coriobacteriia.o__Coriobacteriales.f__Atopobiaceae.g__Atopobium	0.0	0.0	0.0	0.0	0.0	0.0	0.0	0.00095	0.0	0.0	0.0	0.0	0.0	0.0	0.0	0.0	0.0	0.0	0.0	0.0	0.00203	0.0	0.0	0.0	0.0	0.0	0.0	0.0	0.0	0.0	0.01466	0.0	0.0	0.0	0.0	0.0	0.0	0.0	0.0	0.0	0.00291	0.0	0.0	0.0	0.0	0.0	0.0	0.0	0.0	0.0	0.0	0.0	0.00278
k__Bacteria.p__Actinobacteria.c__Coriobacteriia.o__Coriobacteriales.f__Atopobiaceae.g__Olsenella	0.0	0.0	0.0	0.0	0.0	0.0	0.0	0.0	0.0	0.0	0.0	0.0	0.0	0.0	0.0	0.0	0.0	0.0	0.0	0.0	0.0	0.0	0.0	0.0	0.0	0.0	0.0	0.0	0.0	0.0	0.0	0.0	0.00135	0.0	0.0	0.0	0.00184	0.0	0.00104	0.0032	0.0	0.00316	0.0	0.00068	0.0	0.0	0.0	0.0	0.0	0.0	0.0	0.0	0.0
k__Bacteria.p__Actinobacteria.c__Coriobacteriia.o__Coriobacteriales.f__Coriobacteriaceae.g__Collinsella	2.54782	0.51267	2.43739	1.49047	0.72388	0.63655	2.18992	1.81026	1.06145	0.65615	0.73902	0.32171	1.14723	0.791	0.78993	0.40346	0.37419	0.0	0.00086	0.00327	0.0	0.0	0.0	0.70934	0.3618	0.52976	0.0	0.0	0.00219	0.00194	6.21102	3.37407	4.96079	1.09946	1.11649	2.82747	0.00058	0.0	3.96721	3.46773	3.87271	11.62622	0.97762	4.61338	1.34429	1.22718	1.11351	2.56701	4.94391	0.98137	1.06527	0.42778	2.15036
k__Bacteria.p__Actinobacteria.c__Coriobacteriia.o__Coriobacteriales.f__Coriobacteriaceae.g__Enorma	0.01359	0.00077	0.01718	0.00359	0.00328	0.00237	0.02771	0.02005	0.02327	0.00114	0.0057	0.00143	0.0062	0.01153	0.0023	0.00087	0.0007	0.72573	0.19784	0.25127	0.0	0.0	0.0	0.00586	0.00206	0.00292	0.0	0.0	0.17896	0.36706	0.02981	0.01261	0.01514	0.00304	0.00963	0.00966	0.20024	0.14859	0.01245	0.01034	0.00924	0.04251	0.0045	0.01933	0.00325	0.00594	0.00162	0.01024	0.01222	0.00292	0.00461	0.0004	0.01053
k__Bacteria.p__Actinobacteria.c__Coriobacteriia.o__Eggerthellales.f__Eggerthellaceae.g__Adlercreutzia	0.0	0.0	0.0	0.07826	0.08371	0.05202	0.13712	0.04608	0.09741	0.0	0.0	0.0	0.0	0.00091	0.05715	0.0225	0.01827	0.0	0.0	0.0	0.02388	0.01501	0.01538	0.02309	0.01726	0.02194	0.0	0.0	0.06841	0.1247	0.02121	0.01047	0.01042	0.01298	0.06284	0.03282	0.0	0.0	0.0	0.00433	0.0	0.0	0.0	0.0	0.00016	0.0	0.0	0.0	0.00568	0.0	0.0	0.0	0.0
k__Bacteria.p__Actinobacteria.c__Coriobacteriia.o__Eggerthellales.f__Eggerthellaceae.g__Asaccharobacter	0.0	0.0	0.0	0.05261	0.05545	0.03904	0.32247	0.09793	0.17086	0.0	0.00767	0.0	0.0	0.00639	0.19157	0.06241	0.07531	0.0	0.0	0.0	0.1062	0.0491	0.05819	0.07888	0.04911	0.08815	0.0	0.0	0.08262	0.17663	0.08595	0.04401	0.03869	0.0505	0.14554	0.10993	0.0	0.0	0.0	0.00659	0.0	0.0	0.00239	0.0	0.00125	0.00489	0.0	0.00521	0.03017	0.00121	0.0	0.0	0.0
k__Bacteria.p__Actinobacteria.c__Coriobacteriia.o__Eggerthellales.f__Eggerthellaceae.g__Eggerthella	0.0	0.0	0.0	0.01574	0.01374	0.0022	0.00058	0.0	0.00349	0.0	0.0	0.0	0.0	0.0	0.09423	0.04384	0.11928	0.42392	0.57443	0.34519	0.11547	0.08277	0.05334	0.44888	0.06829	0.15479	0.44046	0.24284	0.13081	0.00905	0.21296	0.12172	0.19222	0.05844	0.01233	0.10078	0.22552	0.20898	0.0	0.0	0.0	0.01371	0.0	0.00188	0.0	0.04682	0.0	0.01504	0.0	0.0	0.0	0.0	0.0
k__Bacteria.p__Actinobacteria.c__Coriobacteriia.o__Eggerthellales.f__Eggerthellaceae.g__Enterorhabdus	0.0	0.0	0.0	0.00261	0.00294	0.00109	0.00579	0.00212	0.00346	0.0	0.0	0.0	0.0	0.0	0.00679	0.00128	0.00203	0.0006	0.00043	0.00062	0.00226	0.00019	0.00019	0.0065	0.00091	0.00163	0.00217	0.00034	0.00322	0.0091	0.00254	0.0	0.00122	0.00125	0.0033	0.00311	0.0	0.0	0.0	0.0	0.0	0.0	0.0	0.0	0.0	0.0	0.0	0.0	0.0	0.0	0.0	0.0	0.0
k__Bacteria.p__Actinobacteria.c__Coriobacteriia.o__Eggerthellales.f__Eggerthellaceae.g__Gordonibacter	0.00784	0.0	0.00268	0.04271	0.09886	0.03788	0.04192	0.01304	0.04703	0.0	0.00064	0.0	0.00246	0.00156	0.09192	0.03119	0.04604	0.06466	0.08584	0.05397	0.02016	0.0104	0.00773	0.26369	0.10636	0.18175	0.11814	0.11405	0.04036	0.0355	0.03847	0.0283	0.05087	0.0621	0.05213	0.13644	0.02896	0.03024	0.0	0.0	0.0	0.00165	0.0	0.0	0.0	0.00423	0.0	0.00624	0.0	0.0	0.0	0.0	0.0
k__Bacteria.p__Actinobacteria.c__Coriobacteriia.o__Eggerthellales.f__Eggerthellaceae.g__Slackia	0.50121	0.23514	0.46756	0.31057	0.37584	0.21821	0.0	0.0	0.0	0.25241	0.47499	0.11419	0.16002	0.04165	0.0	0.0	0.0	0.0	0.0	0.0	0.0	0.0	0.0	0.0	0.0	0.0	0.0	0.0	0.0	0.0	0.0	0.0	0.0	0.0	0.0	0.0	0.0	0.0	0.08801	0.12271	0.05718	0.14079	0.04405	0.17678	0.02372	0.0	0.01776	0.0	0.0	0.01734	0.01972	0.02363	0.127
k__Bacteria.p__Bacteroidetes.c__Bacteroidia.o__Bacteroidales.f__Bacteroidaceae.g__Bacteroides	17.30015	21.76906	23.45133	30.10943	21.25377	21.40995	40.36617	34.832	51.697	5.09203	10.24218	1.48173	4.8802	3.62565	24.61511	42.64108	28.0021	10.83495	21.05705	19.24144	49.10373	63.80959	60.11334	26.59883	24.76092	34.89218	36.37265	36.02351	31.55182	29.97107	28.66715	37.34289	27.42967	27.63008	35.42625	18.97796	63.90237	49.57224	2.99393	1.18984	4.19084	15.68733	5.41886	20.54287	10.75185	53.11353	11.94374	50.21595	32.54511	13.20916	10.61416	5.74041	9.32317
k__Bacteria.p__Bacteroidetes.c__Bacteroidia.o__Bacteroidales.f__Barnesiellaceae.g__Barnesiella	0.58412	1.48804	1.41577	0.50876	0.7236	0.87874	2.17752	0.94239	2.09747	0.14399	0.38996	0.07777	0.05771	0.07352	2.51357	2.07893	1.468	0.0	0.0	0.0	0.0	0.0	0.0	4.43453	3.47835	4.10955	0.0	0.0	2.43612	1.71155	0.0	0.0	0.0	1.423	0.85343	0.86789	0.0	5.07525	0.0	0.0	0.0	0.0	0.00335	0.91896	0.45063	0.0	0.64543	0.0	0.0	1.12918	0.01968	0.12783	0.0
k__Bacteria.p__Bacteroidetes.c__Bacteroidia.o__Bacteroidales.f__Barnesiellaceae.g__Coprobacter	0.31368	0.38911	0.55023	0.02529	0.05838	0.1119	0.15465	0.07111	0.19048	0.02751	0.1023	0.01616	0.0	0.0	0.32407	0.21219	0.09062	0.36734	0.45713	0.77821	0.0793	0.10625	0.10952	0.15124	1.22102	0.41592	0.0	0.0	0.44953	0.47571	0.36913	0.87192	0.70332	0.98305	0.34744	0.33558	0.0	0.0	0.0	0.0	0.0	0.21992	0.04944	0.15978	0.01577	0.0	0.02906	0.05097	0.26085	0.03669	0.0	0.0	0.0
k__Bacteria.p__Bacteroidetes.c__Bacteroidia.o__Bacteroidales.f__Odoribacteraceae.g__Butyricimonas	0.88395	0.88082	1.30929	0.08632	0.13299	0.06855	0.0	0.0	0.0	0.84816	1.24805	0.12568	0.29375	0.10238	0.0	0.00316	0.00248	0.0	0.0	0.0	0.0014	0.0006	0.00356	0.0	0.0	0.0	0.0	0.0	0.00376	0.0	0.0	0.0	0.0	0.76429	0.76304	0.52951	0.0	0.0	0.0	0.0	0.00227	0.09349	0.03777	1.39054	0.11744	0.11501	0.19719	0.05467	0.18491	0.28559	0.0503	0.09531	0.02098
k__Bacteria.p__Bacteroidetes.c__Bacteroidia.o__Bacteroidales.f__Odoribacteraceae.g__Odoribacter	1.42523	1.37001	1.04089	0.97845	0.39844	0.57937	1.1517	0.67579	0.96337	0.81619	0.97717	0.26376	1.02992	0.59633	0.71773	1.32314	0.73361	1.42772	0.87062	1.28782	1.49453	1.34352	1.8173	0.82216	0.98571	1.32125	0.0	0.0	1.09093	1.27086	0.89402	1.11924	0.88611	3.4035	3.63993	2.29928	0.0	1.9985	0.0	0.0	0.05002	0.94537	0.43979	3.40225	0.3099	0.36064	0.37172	0.73518	1.34889	0.49572	0.20808	0.53764	0.08872
k__Bacteria.p__Bacteroidetes.c__Bacteroidia.o__Bacteroidales.f__Porphyromonadaceae.g__Porphyromonas	0.0	0.0	0.0	0.0	0.0	0.0	0.0	0.0	0.0	0.0	0.0	0.0	0.0	0.0	0.0	0.0	0.0	0.0	0.0	0.0	0.0	0.0	0.0	0.0	0.0	0.0	0.0	0.0	0.0	0.0	0.0	0.0	0.0	0.00201	0.31169	0.09226	0.0	0.0	0.0	0.0	0.24153	0.0	0.01243	0.03218	0.0	0.0	0.0	0.0	0.0	0.0	0.0	0.0	0.0
k__Bacteria.p__Bacteroidetes.c__Bacteroidia.o__Bacteroidales.f__Porphyromonadaceae.g__Sanguibacteroides	0.0	0.0	0.0	0.0	0.0	0.0	0.0	0.0	0.0	0.0	0.0	0.0	0.0	0.0	0.0	0.0	0.0	0.0	0.0	0.0	0.0	0.0	0.0	0.0	0.0	0.0	0.0	0.0	0.0	0.0	0.0	0.0	0.0	0.02605	0.01356	0.00596	0.0	0.0	0.0	0.0	0.0	0.0	0.0	0.0	0.0	0.0	0.0	0.0	0.0	0.0	0.0	0.0	0.0
k__Bacteria.p__Bacteroidetes.c__Bacteroidia.o__Bacteroidales.f__Prevotellaceae.g__Alloprevotella	0.0	0.0	0.0	0.0	0.0	0.0	0.0	0.0	0.0	0.0	0.0	0.0	0.0	0.0	0.0	0.0	0.0	0.0	0.0	0.0	0.0	0.0	0.0	0.0	0.0	0.0	0.0	0.0	0.0	0.0	0.0	0.0	0.0	0.0	0.0	0.0	0.0	0.0	0.0	0.00114	0.42207	0.0	0.01143	0.0	0.0	0.0	0.0	0.0	0.0	0.0	0.0	0.0	0.0
k__Bacteria.p__Bacteroidetes.c__Bacteroidia.o__Bacteroidales.f__Prevotellaceae.g__Paraprevotella	0.0	0.0	0.0	0.0	0.0	0.0	0.0	0.0	0.0	0.0	0.0	0.0	0.0	0.0	0.0	0.0	0.0	0.0	0.0	0.0	0.0	0.0	0.0	0.0	0.0	0.0	0.0	0.0	0.0	0.0	0.0	0.0	0.0	0.0	0.0	0.0	0.0	0.0	0.01424	0.00156	0.0	0.0	0.0	0.04815	0.06349	0.0	0.0734	0.72977	0.08975	0.08208	0.0	0.00675	0.0
k__Bacteria.p__Bacteroidetes.c__Bacteroidia.o__Bacteroidales.f__Prevotellaceae.g__Prevotella	9.18944	5.37	0.86791	0.00359	0.0	0.03183	0.0	0.0	0.00288	39.27769	12.57761	67.92337	38.70716	54.27005	0.0	0.0	0.0	0.0	0.00262	0.03114	0.0	0.0	0.0	0.0	0.0	0.0	0.03036	0.0	0.0	0.0	0.0	0.00205	0.01092	6.42806	2.61356	0.76351	0.0	0.0	73.09128	54.86736	55.94576	37.774	72.35125	20.07896	61.58307	0.0	60.0063	0.00052	0.00187	59.2867	62.18986	67.5514	23.38716
k__Bacteria.p__Bacteroidetes.c__Bacteroidia.o__Bacteroidales.f__Rikenellaceae.g__Alistipes	6.78748	11.46161	9.92469	4.28967	8.82817	6.99042	4.33185	1.77103	5.41539	2.93198	4.49825	1.22113	3.99244	2.03567	4.77403	7.12569	3.42085	4.94701	2.5463	3.0242	13.07234	3.17288	8.51515	5.76333	6.56705	10.4459	0.0	0.0	8.15888	6.38511	7.2973	7.22059	6.98903	2.00854	2.80357	2.09713	0.03571	1.37325	0.00772	0.08169	0.02488	1.01862	0.1394	7.36589	2.23143	4.41449	2.71887	5.77485	3.4896	3.45989	0.0382	0.00333	0.20949
k__Bacteria.p__Bacteroidetes.c__Bacteroidia.o__Bacteroidales.f__Tannerellaceae.g__Parabacteroides	1.31149	3.43205	1.5185	1.81334	1.02392	1.01578	0.86108	0.98857	1.13745	1.67624	1.38744	0.56424	1.71978	1.62408	2.87911	4.146	1.11287	0.6242	1.26309	0.88678	1.41014	2.23083	2.47341	2.2757	1.67311	2.51696	1.44018	1.57572	4.49765	3.40541	1.0736	2.84245	3.07528	3.27872	5.14429	2.43093	0.01604	2.06279	0.28507	0.10355	0.40522	2.78093	0.62873	2.04031	1.071	1.81907	1.21453	0.54081	0.8466	1.14648	1.11481	0.25925	0.73524
k__Bacteria.p__Bacteroidetes.c__Bacteroidia.o__Bacteroidales.f__Tannerellaceae.g__Tannerella	0.0	0.0	0.0	0.0	0.0	0.0	0.0	0.0	0.0	0.0	0.0	0.0	0.0	0.0	0.0	0.0	0.0	0.0	0.0	0.0	0.0	0.0	0.0	0.0	0.0	0.0	0.0	0.0	0.0	0.0	0.0	0.0	0.0	0.0	0.0	0.0	0.0	0.0	0.0	0.0	0.04416	0.0	0.0	0.0	0.0	0.0	0.0	0.0	0.0	0.0	0.0	0.0	0.0
k__Bacteria.p__Firmicutes.c__Bacilli.o__Bacillales.f__Bacillales_unclassified.g__Gemella	0.0	0.0	0.0	0.00856	0.0	0.0	0.0	0.0	0.0	0.0	0.0	0.0	0.0	0.0	0.0	0.00096	0.0	0.01384	0.00636	0.0124	0.0	0.0	0.0	0.0	0.0	0.0	0.0	0.0	0.0	0.00276	0.01114	0.0	0.0	0.0	0.00251	0.0	0.00236	0.0	0.0	0.04601	0.03045	0.0	0.0	0.0	0.01617	0.0	0.0054	0.0	0.05469	0.02582	0.02038	0.02142	0.0
k__Bacteria.p__Firmicutes.c__Bacilli.o__Bacillales.f__Staphylococcaceae.g__Staphylococcus	0.0	0.0	0.0	0.0	0.0	0.0	0.0	0.0	0.0	0.0	0.0	0.0	0.0	0.0	0.0	0.0	0.0	0.0	0.0	0.0	0.0	0.0	0.0	0.0	0.0	0.0	0.0	0.0	0.0	0.0	0.0	0.0	0.0	0.0	0.0	0.0	0.0	0.0	0.0	0.0	0.12028	0.0	0.0	0.0	0.0	0.0	0.0	0.0	0.0	0.0	0.0	0.0	0.0
k__Bacteria.p__Firmicutes.c__Bacilli.o__Lactobacillales.f__Aerococcaceae.g__Abiotrophia	0.0	0.0	0.0	0.0	0.0	0.0	0.0	0.0	0.0	0.0	0.0	0.0	0.0	0.0	0.0	0.0	0.0	0.0	0.0	0.0	0.0	0.0	0.0	0.0	0.0	0.0	0.0	0.0	0.0	0.0	0.0	0.0	0.0	0.0	0.0	0.0	0.0	0.0	0.0	0.00064	0.0	0.0	0.0	0.0	0.0	0.0	0.0	0.0	0.00027	0.0	0.0	0.0	0.0
k__Bacteria.p__Firmicutes.c__Bacilli.o__Lactobacillales.f__Carnobacteriaceae.g__Carnobacterium	0.0	0.0	0.0	0.0	0.0	0.0	0.00268	0.0	0.0	0.0	0.0	0.0	0.0	0.0	0.0	0.0	0.0	0.0	0.0	0.0	0.0	0.0	0.0	0.0	0.0	0.0	0.0	0.0	0.0	0.0	0.0	0.0	0.0	0.0	0.0	0.0	0.0	0.0	0.0	0.0	0.0	0.0	0.0	0.0	0.0	0.0	0.0	0.0	0.0	0.0	0.0	0.0	0.0
k__Bacteria.p__Firmicutes.c__Bacilli.o__Lactobacillales.f__Carnobacteriaceae.g__Granulicatella	0.0	0.0	0.0	0.0	0.0	0.0	0.0	0.0	0.0	0.0	0.0	0.0	0.0	0.0	0.0	0.0	0.0	0.0	0.0	0.0	0.0	0.0	0.0	0.0	0.0	0.0	0.0	0.0	0.0	0.0	0.0	0.0	0.0	0.0	0.0	0.0	0.0	0.0	0.0	0.01302	0.0	0.0	0.0	0.0	0.0	0.0	0.0	0.0	0.00951	0.00212	0.00046	0.00791	0.0
k__Bacteria.p__Firmicutes.c__Bacilli.o__Lactobacillales.f__Enterococcaceae.g__Enterococcus	0.0	0.0	0.0	0.0	0.0	0.0	0.0	0.00768	0.0	0.12889	0.0	0.0	0.0	0.0	0.0	0.0	0.0	0.0	0.03733	0.43356	0.0	0.18917	0.0	0.00699	0.0	0.0	0.0	0.0	0.0	0.0	0.0	0.02352	0.01421	0.01921	0.0	0.0	0.0	0.01013	0.0	0.00552	0.02349	0.0	0.0	0.0	0.0	0.0	0.0	0.01311	0.0	0.0	0.0	0.0	0.0
k__Bacteria.p__Firmicutes.c__Bacilli.o__Lactobacillales.f__Lactobacillaceae.g__Lactobacillus	0.0	0.0	0.021	0.28091	0.04211	0.35218	0.01386	0.01812	0.03979	0.95805	0.0511	1.3751	0.02843	0.0	0.03164	0.0	0.0	0.0	0.0	0.0	0.0	0.0	0.0	0.16207	0.08748	0.10934	0.0	0.0	0.0216	0.04109	0.0	0.0531	0.07474	0.00466	0.02085	0.0221	0.0	0.0	0.0	0.13581	0.0	0.0	0.0	0.0	0.00717	0.0	0.00722	0.12231	0.01758	0.00989	0.00522	0.08623	0.02319
k__Bacteria.p__Firmicutes.c__Bacilli.o__Lactobacillales.f__Lactobacillaceae.g__Pediococcus	0.0	0.0	0.0	0.0	0.0	0.0	0.0	0.0	0.0	0.0	0.00591	0.0	0.0	0.0	0.0	0.0	0.0	0.0	0.0	0.0	0.0	0.0	0.0	0.0	0.0	0.0	0.0	0.0	0.0	0.0	0.0	0.0	0.0	0.0	0.0	0.0	0.0	0.0	0.0	0.0	0.0	0.0	0.0	0.0	0.0	0.0	0.0	0.0	0.0	0.0	0.0	0.0	0.0
k__Bacteria.p__Firmicutes.c__Bacilli.o__Lactobacillales.f__Lactobacillaceae.g__Sharpea	0.0	0.0	0.0	0.0	0.0	0.0	0.0	0.0	0.0	0.0	0.0	0.0	0.0	0.0	0.0	0.0	0.0	0.0	0.0	0.0	0.0	0.0	0.0	0.0	0.0	0.0	0.0	0.0	0.0	0.0	0.0	0.0	0.0	0.0	0.0	0.0	0.0	0.0	0.0	0.0	0.00126	0.00123	0.0	0.00133	0.0	0.0	0.0	0.0	0.0	0.0	0.0	0.0	0.0
k__Bacteria.p__Firmicutes.c__Bacilli.o__Lactobacillales.f__Leuconostocaceae.g__Leuconostoc	0.0	0.0	0.0	0.0	0.0	0.0	0.0	0.0	0.02477	0.0	0.0	0.0	0.0	0.0	0.0	0.0	0.0	0.0	0.00678	0.00056	0.0	0.0	0.0	0.0	0.0	0.0	0.0	0.0	0.0	0.0	0.0	0.0	0.0	0.0	0.0	0.0	0.0	0.0	0.0	0.0	0.0	0.0	0.0	0.0	0.0	0.0	0.0	0.0	0.0	0.0	0.0	0.0	0.0
k__Bacteria.p__Firmicutes.c__Bacilli.o__Lactobacillales.f__Leuconostocaceae.g__Weissella	0.0	0.0	0.0	0.0	0.0	0.0	0.0	0.0	0.0	0.0	0.0	0.00356	0.0	0.0	0.0	0.0	0.0	0.0	0.0	0.0	0.0	0.0	0.0	0.0	0.0	0.0	0.0	0.0	0.0	0.0	0.0	0.0	0.0	0.0	0.0	0.0	0.0	0.0	0.0	0.08278	0.0	0.0	0.0	0.0	0.0	0.0	0.0	0.0	0.0	0.0	0.0	0.16334	0.0
k__Bacteria.p__Firmicutes.c__Bacilli.o__Lactobacillales.f__Streptococcaceae.g__Lactococcus	0.0	0.0	0.0	0.00975	0.0	0.0	0.00436	0.00143	0.0	0.0	0.0	0.0	0.0	0.0	0.0	0.0	0.0	0.0	0.38939	0.0472	0.0	0.0	0.0	0.00967	0.0	0.0	0.00312	0.0	0.0	0.3796	0.0	0.0	0.0	0.01694	0.0	0.0	0.0188	0.01409	0.0	0.0	0.0	0.0	0.0	0.0	0.0	0.0	0.0	0.0	0.0	0.0	0.0	0.0	0.0
k__Bacteria.p__Firmicutes.c__Bacilli.o__Lactobacillales.f__Streptococcaceae.g__Streptococcus	0.19841	0.38351	0.32927	0.88938	0.20488	0.09898	0.02948	0.25905	0.2163	0.28607	0.07132	1.76474	0.31293	0.39445	0.10765	0.05512	0.11409	0.55745	0.93504	0.44468	0.0	0.00873	0.0682	0.02353	0.06158	0.14354	0.81613	0.63156	1.05145	2.81255	0.25592	0.253	0.15592	0.47542	0.41325	2.69408	0.26861	0.5226	0.1335	0.86109	0.46011	0.16597	0.05947	0.01626	0.0431	1.53654	0.01943	0.28948	0.92297	0.06482	0.11204	0.11779	0.19562
k__Bacteria.p__Firmicutes.c__Clostridia.o__Clostridiales.f__Catabacteriaceae.g__Catabacter	0.0	0.0	0.0	0.0	0.0	0.0	0.0	0.0	0.0	0.0	0.0	0.0	0.0	0.0	0.0	0.0	0.0	0.0	0.0	0.0	0.0	0.0	0.0	0.0	0.0	0.0	0.0	0.0	0.0	0.0	0.0	0.0	0.0	0.0	0.0	0.00183	0.0	0.0	0.0	0.0	0.0	0.0	0.0	0.0	0.0	0.0	0.0	0.0	0.0	0.0	0.0	0.0	0.0
k__Bacteria.p__Firmicutes.c__Clostridia.o__Clostridiales.f__Christensenellaceae.g__Christensenella	0.0	0.0	0.0	0.0	0.0	0.0	0.0	0.0	0.0	0.0	0.0	0.0	0.00051	0.0	0.00348	0.0	0.0	0.00803	0.01093	0.00542	0.0	0.0	0.0	0.0	0.0	0.0	0.0	0.0	0.0	0.0	0.0	0.0	0.0	0.0	0.0	0.0	0.0	0.00114	0.0	0.0	0.0	0.0	0.0	0.0	0.0	0.0	0.0	0.0	0.0	0.0	0.0	0.0	0.0
k__Bacteria.p__Firmicutes.c__Clostridia.o__Clostridiales.f__Clostridiaceae.g__Clostridium	2.11267	3.21582	2.93251	0.74846	0.28648	0.31117	3.98183	3.06879	1.99637	0.09248	0.01946	0.23804	0.04221	0.00255	0.48656	0.23587	0.5562	0.04855	0.02	0.04466	0.0	0.00467	0.04766	0.006	0.01992	0.04132	2.27123	0.30491	0.15138	0.44205	0.0	0.02323	0.01521	0.06281	0.15464	0.037	0.0	0.07844	0.33927	7.4358	0.57482	0.0	0.21278	0.07006	0.01888	0.08592	0.02782	0.022	0.02293	0.03478	0.0	1.30614	0.00574
k__Bacteria.p__Firmicutes.c__Clostridia.o__Clostridiales.f__Clostridiaceae.g__Hungatella	0.0	0.0	0.0	0.0	0.0	0.0	0.0	0.0	0.0	0.0	0.0	0.0	0.0	0.0	0.0	0.0	0.0	0.0	0.00136	0.00192	0.0	0.0	0.0	0.0	0.0	0.0	0.0	0.0	0.0	0.02759	0.01975	0.00151	0.00961	0.0	0.0	0.0	0.02107	0.02981	0.0	0.0	0.0	0.0	0.0	0.0	0.0	0.0	0.0	0.0	0.0	0.0	0.0	0.0	0.0
k__Bacteria.p__Firmicutes.c__Clostridia.o__Clostridiales.f__Clostridiaceae.g__Lactonifactor	0.0	0.0	0.0	0.0	0.0	0.0	0.0	0.0	0.0	0.0	0.0	0.0	0.0	0.0	0.0	0.0	0.0	0.0	0.0	0.0	0.0	0.0	0.0	0.0	0.0	0.0	0.00097	0.0	0.0	0.0	0.01614	0.0	0.0	0.0	0.0	0.0	0.00261	0.0	0.0	0.0	0.0	0.0	0.0	0.0	0.0	0.0	0.0	0.0	0.0	0.0	0.0	0.0	0.0
k__Bacteria.p__Firmicutes.c__Clostridia.o__Clostridiales.f__Clostridiales_Family_XIII_Incertae_Sedis.g__Clostridiales_Family_XIII_Incertae_Sedis_unclassified	0.0	0.0	0.0	0.0	0.0	0.0	0.0	0.0	0.0	0.00235	0.00466	0.0	0.00151	0.0	0.0	0.0	0.0	0.0	0.0	0.0	0.0	0.0	0.0	0.0	0.0	0.0	0.0	0.0	0.0	0.0	0.01145	0.0	0.0	0.0	0.0	0.0	0.0	0.0	0.0	0.01396	0.04919	0.00479	0.0	0.00731	0.00432	0.0	0.00882	0.0	0.0	0.00355	0.0	0.0	0.0
k__Bacteria.p__Firmicutes.c__Clostridia.o__Clostridiales.f__Clostridiales_Family_XIII_Incertae_Sedis.g__Mogibacterium	0.0	0.0	0.0	0.0	0.0	0.0	0.0	0.00713	0.0	0.0	0.0	0.00553	0.0	0.001	0.0	0.0	0.0	0.0	0.0	0.0	0.0	0.0	0.0	0.0	0.0	0.0	0.0	0.0	0.0	0.0	0.00617	0.00063	0.0	0.0	0.00107	0.0	0.0	0.0	0.0	0.01016	0.00628	0.0	0.0	0.0	0.0	0.00128	0.0	0.00207	0.00339	0.0	0.0	0.0	0.0
k__Bacteria.p__Firmicutes.c__Clostridia.o__Clostridiales.f__Clostridiales_unclassified.g__Clostridiales_unclassified	0.0	0.0	0.0	0.0	0.0	0.0	0.02492	0.00496	0.00768	0.0	0.0	0.0	0.0	0.0	0.0	0.0	0.0	0.0	0.0	0.0	0.0	0.0	0.0	1.73211	1.3991	0.65862	0.0	0.0	0.0	0.04624	0.0	0.0	0.0	0.0	0.0	0.0	0.0	0.0	0.0	0.0	0.0	0.00036	0.0	0.0	0.0	0.0	0.0	0.0	0.0	0.0	0.0	0.0	0.0
k__Bacteria.p__Firmicutes.c__Clostridia.o__Clostridiales.f__Clostridiales_unclassified.g__Intestinimonas	0.0	0.0	0.0	0.00513	0.02357	0.00167	0.0	0.0	0.0	0.0	0.0	0.0	0.00574	0.00171	0.0	0.0	0.0	0.00534	0.02647	0.00619	0.00527	0.01225	0.01314	0.0219	0.00296	0.00469	0.04289	0.14881	0.00972	0.0	0.0	0.0	0.0	0.0	0.0	0.00354	0.0	0.0	0.0	0.0	0.0	0.0	0.0	0.00832	0.0	0.00025	0.0	0.0	0.0	0.0	0.0	0.0	0.0
k__Bacteria.p__Firmicutes.c__Clostridia.o__Clostridiales.f__Clostridiales_unclassified.g__Lawsonibacter	0.01082	0.00257	0.05756	0.14394	0.03097	0.03881	0.02956	0.02613	0.09642	0.00779	0.01454	0.00522	0.00345	0.00257	0.04599	0.01976	0.00794	0.0	0.00229	0.0	0.15206	0.07401	0.07133	0.03915	0.06468	0.05034	0.01589	0.02861	0.17905	0.24944	0.00619	0.00897	0.00854	0.0	0.0	0.00166	0.01924	0.0188	0.0	0.0	0.0	0.0	0.0	0.0	0.0	0.0	0.0	0.0	0.0	0.0	0.0	0.0	0.00384
k__Bacteria.p__Firmicutes.c__Clostridia.o__Clostridiales.f__Clostridiales_unclassified.g__Monoglobus	0.0	0.0	0.0	0.00382	0.02494	0.0107	0.0	0.0	0.05359	0.0	0.0	0.0	0.0	0.0	0.14512	0.03141	0.00736	0.75645	0.70313	0.67925	0.0	0.0	0.0	0.0	0.0	0.0	0.0	0.0	0.0	0.0	0.0	0.0	0.0	0.0	0.0	0.0	0.0	0.0	0.0	0.0	0.0	0.0	0.0	0.0	0.0	0.0	0.0	0.0	0.0	0.0	0.0	0.0	0.0
k__Bacteria.p__Firmicutes.c__Clostridia.o__Clostridiales.f__Eubacteriaceae.g__Eubacteriaceae_unclassified	0.0	0.0	0.0	0.0	0.0	0.0	0.0	0.0	0.00321	0.0	0.0	0.0	0.0	0.0	0.0032	0.0	0.0	0.0	0.0	0.0	0.0	0.0	0.0	0.0	0.0	0.0	0.0	0.0	0.0	0.0	0.0	0.0	0.0	0.0	0.0	0.0	0.0	0.0	0.0	0.0	0.0	0.0	0.0	0.0	0.0	0.0	0.0	0.0	0.0	0.0	0.0	0.0	0.0
k__Bacteria.p__Firmicutes.c__Clostridia.o__Clostridiales.f__Eubacteriaceae.g__Eubacterium	13.00738	7.87676	12.56004	5.23358	11.31883	7.60778	4.39392	4.88651	1.04108	1.35146	2.5898	2.64408	7.13198	2.81438	9.98619	14.64089	15.78943	40.02444	34.67975	22.42051	11.71768	4.9025	5.6328	4.95048	2.66244	2.24292	5.1428	6.98688	9.59842	9.82033	4.70397	2.71243	2.54272	15.88683	9.04811	17.25967	5.93584	6.49554	0.84602	2.01461	2.08168	2.35977	0.78845	1.50827	0.73643	1.41483	0.80777	0.8588	1.73527	0.79776	1.12022	2.83165	1.7081
k__Bacteria.p__Firmicutes.c__Clostridia.o__Clostridiales.f__Lachnospiraceae.g__Anaerostipes	0.64306	0.36073	0.6188	0.51194	0.17513	0.83758	0.6007	0.51806	0.68906	0.31357	0.67034	0.16595	0.75133	0.48893	0.51004	0.36439	0.84169	1.0859	1.39295	1.69651	0.53949	0.97607	0.53278	2.02748	0.58292	1.05128	6.56017	2.77551	5.40078	3.99394	1.64751	3.66487	3.38537	2.18712	4.48188	5.8466	6.09195	1.28276	0.40978	1.73119	2.35962	3.59121	0.3417	0.22633	0.07012	0.55912	0.07388	0.688	2.31295	0.10237	0.75559	0.07014	1.34849
k__Bacteria.p__Firmicutes.c__Clostridia.o__Clostridiales.f__Lachnospiraceae.g__Anaerotignum	0.0	0.0	0.0	0.0	0.0	0.0	0.0	0.0	0.0	0.0	0.0	0.0	0.0	0.0	0.0	0.0	0.0	0.0	0.0	0.0	0.0	0.0	0.0	0.0	0.0	0.0	0.0	0.0	0.42302	0.18265	0.0	0.00022	0.01051	0.0	0.0	0.0	0.0	0.0	0.0	0.0	0.0	0.0	0.0	0.0	0.0	0.0	0.0	0.0	0.0	0.0	0.0	0.0	0.0
k__Bacteria.p__Firmicutes.c__Clostridia.o__Clostridiales.f__Lachnospiraceae.g__Blautia	1.75215	1.52216	3.41146	0.91393	0.7576	0.51016	1.17685	1.15175	1.33862	0.65701	0.98305	0.70849	3.12563	3.17039	2.27992	0.83483	2.53655	1.55711	1.61975	2.31207	1.11638	2.31461	1.74601	1.46113	0.45252	1.26903	4.33687	1.7497	2.39613	3.34133	7.79538	2.84617	3.24535	5.58682	4.67951	8.41958	1.78978	1.10679	1.17421	2.72935	11.27676	2.79819	2.86635	4.29341	2.35964	2.48646	2.34625	0.79893	3.37999	2.1432	1.84898	0.99534	2.24589
k__Bacteria.p__Firmicutes.c__Clostridia.o__Clostridiales.f__Lachnospiraceae.g__Butyrivibrio	1.34319	1.98664	0.59149	6.01769	21.1653	20.09916	0.00275	0.00433	0.0	0.44192	0.0	0.42976	0.0	0.0	0.0	7.31028	0.1177	0.0	0.0	0.0	0.0	0.0	0.0	7.05067	5.68805	4.28016	0.0	0.0	0.0	0.0	0.0	0.0	0.0	0.0	0.0	0.0	0.0	0.0	0.0	0.0	0.0	0.0	0.0	0.0	0.0	0.0	0.0	0.0	0.0	0.0	0.0	0.23774	0.01438
k__Bacteria.p__Firmicutes.c__Clostridia.o__Clostridiales.f__Lachnospiraceae.g__Coprococcus	1.76965	1.22617	4.38437	0.35016	0.35735	0.38518	1.06149	2.34314	1.47075	5.31621	6.28606	1.32058	1.55912	1.12534	0.22776	0.07769	0.07263	0.22857	0.29167	0.29129	2.28047	1.4869	1.15032	4.18694	1.72469	1.22182	0.7526	0.42787	1.2885	1.29289	2.05124	1.16553	1.16641	0.32311	0.56787	0.75099	0.88212	0.53641	0.22315	1.70618	0.97808	1.53062	0.86019	1.72037	0.57119	2.01042	0.53399	0.76717	1.48268	0.48579	0.82748	1.849	3.81132
k__Bacteria.p__Firmicutes.c__Clostridia.o__Clostridiales.f__Lachnospiraceae.g__Dorea	2.98038	1.74618	3.55251	0.82073	0.5052	0.56956	1.38515	1.761	1.23571	2.1525	4.69717	1.8597	2.70183	1.94993	1.24851	0.63384	0.76104	1.22879	1.31559	1.19966	0.10072	0.34298	0.19364	2.48188	1.26621	2.03309	1.01086	0.68146	0.71857	1.12172	2.08785	1.56564	2.12139	0.15908	0.18176	0.85807	0.65385	0.27972	2.08514	3.07689	3.46842	4.05983	1.36669	2.93424	1.42108	2.09088	1.37707	1.39584	3.17074	1.3853	1.76917	0.86347	3.49646
k__Bacteria.p__Firmicutes.c__Clostridia.o__Clostridiales.f__Lachnospiraceae.g__Eisenbergiella	0.0	0.0	0.0	0.0	0.0	0.0	0.00092	0.0	0.0	0.0	0.0	0.0	0.0	0.0	0.0	0.0	0.0	0.00667	0.01484	0.0183	0.0	0.0	0.0	0.0	0.00142	0.0	0.0	0.0	0.0	0.0	0.00298	0.0	0.0	0.0	0.01182	0.0	0.0088	0.0152	0.0	0.0	0.0	0.0	0.0	0.0	0.0	0.0	0.0	0.0	0.0	0.0	0.0	0.0	0.0
k__Bacteria.p__Firmicutes.c__Clostridia.o__Clostridiales.f__Lachnospiraceae.g__Fusicatenibacter	2.32611	1.3474	2.64455	1.23291	0.18113	1.01687	1.66351	1.58195	1.15485	0.12009	0.06815	0.10227	0.64988	0.6275	0.49084	0.57043	0.2227	2.36089	2.49106	4.73041	0.51276	1.12569	1.33773	2.81662	3.14278	3.01311	5.81024	5.55118	0.77049	1.23829	3.78919	2.63163	2.8525	1.90823	3.66038	6.58278	0.27088	1.81865	0.2111	0.54578	1.13871	1.10994	0.61484	1.06748	0.72779	1.12783	0.52403	0.53687	1.85522	0.61984	0.2361	0.34747	1.93452
k__Bacteria.p__Firmicutes.c__Clostridia.o__Clostridiales.f__Lachnospiraceae.g__Lachnoclostridium	0.0	0.0	0.0	0.00174	0.00047	0.0	0.0	0.0	0.0	0.0	0.0	0.0	0.00113	0.0	0.0028	0.0	0.0	0.00775	0.0268	0.00699	0.0	0.0	0.0	0.0	0.0	0.0	0.12624	0.07019	0.0	0.0026	0.05309	0.0265	0.04493	0.00578	0.12502	0.01133	0.13402	0.14791	0.0	0.0	0.0	0.06903	0.0	0.00237	0.0	0.00294	0.0	0.0	0.0	0.0	0.0	0.0	0.0
k__Bacteria.p__Firmicutes.c__Clostridia.o__Clostridiales.f__Lachnospiraceae.g__Lachnospira	0.00373	0.00038	0.00204	5.94728	0.26242	3.59069	0.83028	0.4196	0.12536	0.00056	0.00148	0.0	1.51707	0.00083	2.09333	0.0043	0.08336	0.0	0.0	0.0	0.0	0.0	0.0	0.79989	0.52322	0.18994	0.0	0.0	0.0	0.0	0.0	2.08289	1.0445	0.95671	5.01896	2.0735	0.0	0.0	0.16209	1.69158	0.0	0.0	0.38817	0.05944	0.2062	0.0	0.25948	0.476	0.0	0.193	0.03005	3.00056	1.02269
k__Bacteria.p__Firmicutes.c__Clostridia.o__Clostridiales.f__Lachnospiraceae.g__Lachnospiraceae_unclassified	2.93788	5.25135	0.01549	4.98287	6.663	10.1809	0.98021	0.39697	3.58296	1.33512	0.19265	2.82019	4.76285	2.4592	1.27272	0.92781	9.31012	9.52921	4.85401	4.70869	0.50356	0.45365	0.58163	0.01757	0.14528	0.15932	3.03721	0.50292	1.21252	0.51526	0.30356	0.60866	0.55934	0.53873	0.12822	0.56715	3.78013	1.99506	0.95801	3.414	1.51817	0.04266	0.45129	10.13845	0.00596	0.91049	0.0147	2.77823	0.13626	0.0102	0.61774	2.11128	5.32663
k__Bacteria.p__Firmicutes.c__Clostridia.o__Clostridiales.f__Lachnospiraceae.g__Roseburia	2.31929	3.35974	1.86647	12.04646	6.42193	9.87175	6.83066	5.68951	2.34473	3.41509	1.12333	1.18397	3.58139	6.33266	5.00111	2.37127	3.5885	0.28089	1.68773	8.08643	1.4713	1.71275	1.49247	1.80657	1.60941	1.21046	3.28568	4.21863	2.57843	1.05969	1.85851	4.82084	2.38436	4.26895	2.78446	3.17969	6.37836	6.23843	0.26729	0.60562	1.08209	0.35368	5.62122	1.18668	5.1394	1.99251	4.42307	6.91902	10.10666	4.91515	1.89224	2.96747	2.61101
k__Bacteria.p__Firmicutes.c__Clostridia.o__Clostridiales.f__Lachnospiraceae.g__Sellimonas	0.0	0.0	0.0	0.0	0.0	0.0	0.0	0.0	0.0	0.0	0.0	0.0	0.0	0.0	0.09215	0.03688	0.07752	0.10357	0.03831	0.0	0.1687	0.20594	0.13832	0.0	0.0	0.0	0.00807	0.0017	0.0	0.0	0.0	0.0	0.0	0.21808	0.58092	0.4135	0.31498	0.20326	0.0	0.0	0.0	0.0	0.0	0.0	0.0	0.0	0.0	0.0	0.0	0.0	0.0	0.0	0.0
k__Bacteria.p__Firmicutes.c__Clostridia.o__Clostridiales.f__Lachnospiraceae.g__Tyzzerella	0.0	0.0	0.0	0.0	0.0	0.0	0.0	0.0	0.0	0.0	0.0	0.0	0.0	0.0	0.0	0.0	0.0	0.0	0.0	0.0	0.0	0.0	0.0	0.0	0.0	0.0	0.0	0.00208	0.0	0.0	0.0	0.0	0.0	0.0	0.0	0.0	0.0	0.0	0.0	0.0	0.0	0.0	0.0	0.0	0.0	0.0	0.0	0.0	0.0	0.0	0.0	0.0	0.0
k__Bacteria.p__Firmicutes.c__Clostridia.o__Clostridiales.f__Oscillospiraceae.g__Oscillibacter	1.09657	0.34184	0.88262	0.4601	0.58606	0.3547	0.05808	0.19919	0.0845	0.93201	0.95228	0.5431	0.72842	0.23973	0.28014	0.42282	0.12483	1.4549	1.93888	0.41248	1.09292	0.56308	0.44497	0.66008	0.58086	0.78848	0.0	0.0	0.16733	0.24318	0.0	0.0	0.0	0.36297	0.42549	0.27075	0.0	0.0997	0.14473	0.14586	0.09358	0.71775	0.15536	1.1868	0.07794	0.54063	0.0465	0.8169	0.50364	0.04748	0.82539	0.4736	3.80263
k__Bacteria.p__Firmicutes.c__Clostridia.o__Clostridiales.f__Peptostreptococcaceae.g__Filifactor	0.0	0.0	0.0	0.0	0.0	0.0	0.0	0.0	0.0	0.0	0.0	0.0	0.0	0.0	0.0	0.0	0.0	0.0	0.0	0.0	0.0	0.0	0.0	0.0	0.0	0.0	0.0	0.0	0.0	0.0	0.0	0.0	0.0	0.0	0.0	0.0	0.0	0.0	0.0	0.0	0.05615	0.0	0.0	0.0	0.0	0.0	0.0	0.0	0.0	0.0	0.0	0.0	0.0
k__Bacteria.p__Firmicutes.c__Clostridia.o__Clostridiales.f__Peptostreptococcaceae.g__Intestinibacter	0.0	1.03069	0.85311	2.49221	0.27149	0.53926	1.14773	0.17391	0.03587	1.29303	0.93079	0.57921	0.33804	0.2877	0.02298	0.0	0.16246	0.01264	0.04807	0.25371	0.12064	0.21932	0.46092	0.01821	0.0	0.01161	0.09508	0.12165	0.0	0.00654	0.01514	0.21262	0.18178	0.00349	0.56735	0.04622	0.06385	0.42941	0.15531	0.63111	0.21882	0.06593	0.27759	0.30294	0.09812	0.11916	0.16653	0.04104	0.06132	0.13693	0.0	0.00894	0.0
k__Bacteria.p__Firmicutes.c__Clostridia.o__Clostridiales.f__Peptostreptococcaceae.g__Peptostreptococcus	0.0	0.0	0.0	0.0	0.0	0.0	0.0	0.0	0.0	0.0	0.0	0.0	0.0	0.0	0.0	0.0	0.0	0.0	0.0	0.0	0.0	0.0	0.0	0.0	0.0	0.0	0.0	0.0	0.0	0.0	0.0	0.0	0.0	0.0	0.0	0.0	0.0	0.0	0.0	0.00498	0.06256	0.00239	0.00105	0.0	0.0	0.0	0.0	0.0	0.0	0.0	0.0	0.0	0.0
k__Bacteria.p__Firmicutes.c__Clostridia.o__Clostridiales.f__Peptostreptococcaceae.g__Romboutsia	0.0	0.00937	0.0	0.00147	0.00796	0.00301	0.01059	0.00794	0.0	0.12656	0.00676	0.02943	0.00321	0.00394	0.0	0.0	0.00177	0.00198	0.0	0.00528	0.0	0.0	0.0	0.0	0.0	0.00318	0.01474	0.0	0.00071	0.00313	0.0	0.00546	0.0072	0.0	0.00417	0.0	0.0	0.0	0.0	0.00176	0.0	0.0	0.00123	0.0	0.003	0.0	0.00192	0.0083	0.0	0.00216	0.0	0.01744	0.00052
k__Bacteria.p__Firmicutes.c__Clostridia.o__Clostridiales.f__Peptostreptococcaceae.g__Terrisporobacter	0.0	0.0	0.0	0.0	0.0	0.0	0.0	0.05556	0.0	0.0	0.0	0.0	0.0	0.0	0.0	0.0	0.0	0.0	0.0	0.0	0.0	0.0	0.0	0.0	0.0	0.0	0.0	0.0	0.0	0.0	0.0	0.0	0.0	0.0	0.0	0.0	0.0	0.0	0.0	0.0	0.0	0.0	0.0	0.0	0.0	0.0	0.0	0.0	0.0	0.0	0.0	0.0	0.0
k__Bacteria.p__Firmicutes.c__Clostridia.o__Clostridiales.f__Ruminococcaceae.g__Agathobaculum	0.06652	0.06869	0.12073	0.10214	0.03731	0.05291	0.10635	0.06536	0.13932	0.06313	0.46542	0.02597	0.1457	0.06726	0.1289	0.07367	0.09497	0.19822	0.07344	0.03921	0.01863	0.05961	0.20627	0.38565	0.3294	0.4687	0.13821	0.21398	0.20232	0.04673	0.09343	0.13122	0.17544	0.09991	0.31216	0.25497	0.14684	0.08212	0.02974	0.19214	0.13093	0.00449	0.07871	0.07009	0.07389	0.10027	0.05326	0.01643	0.26541	0.04217	0.06437	0.02088	0.10047
k__Bacteria.p__Firmicutes.c__Clostridia.o__Clostridiales.f__Ruminococcaceae.g__Anaerofilum	0.0	0.0	0.0	0.0	0.0	0.0	0.0	0.0	0.0	0.0	0.0	0.0	0.0	0.0	0.0	0.0	0.0	0.0	0.0	0.0	0.0	0.0	0.0	0.0	0.0	0.0	0.0	0.0	0.0	0.0	0.0	0.00027	0.00103	0.0	0.0	0.0	0.0	0.0	0.0	0.0	0.0	0.0	0.0	0.0	0.0	0.0	0.0	0.0	0.0	0.0	0.0	0.0	0.0
k__Bacteria.p__Firmicutes.c__Clostridia.o__Clostridiales.f__Ruminococcaceae.g__Anaeromassilibacillus	0.00191	0.0	0.0	0.0	0.0	0.0	0.01293	0.00683	0.01058	0.00407	0.00682	0.0	0.0	0.0	0.00667	0.0	0.0	0.00767	0.0	0.0	0.02238	0.02788	0.02657	0.00034	0.00173	0.00971	0.02874	0.02713	0.0	0.0	0.0	0.0	0.0	0.0	0.0	0.0	0.0	0.0	0.0	0.0	0.0	0.0	0.0	0.0	0.0	0.0	0.0	0.0	0.0	0.0	0.0	0.0	0.0
k__Bacteria.p__Firmicutes.c__Clostridia.o__Clostridiales.f__Ruminococcaceae.g__Anaerotruncus	0.0	0.0	0.0	0.0	0.0	0.0	0.0	0.0	0.0	12.94554	14.33804	4.50549	0.0	0.00181	0.0	0.0	0.0	0.0	0.0	0.0	0.0	0.0	0.0	0.0	0.0	0.0	0.00588	0.01663	0.0	0.0	0.00392	0.0	0.0	0.0	0.00854	0.00049	0.00456	0.03044	0.0	0.0	0.0	0.0	0.0	0.0	3.69613	0.0	4.4401	0.0	0.0	2.15194	0.0	0.0	0.0
k__Bacteria.p__Firmicutes.c__Clostridia.o__Clostridiales.f__Ruminococcaceae.g__Faecalibacterium	6.2177	4.84622	3.75367	9.2169	2.47775	4.75987	12.17112	20.58064	9.59134	3.80851	9.61775	2.21786	3.44208	2.76643	4.68369	4.30949	4.97214	2.62347	5.86104	4.06111	2.26263	4.05596	4.51773	5.38942	2.77526	4.45752	4.56815	3.00281	12.35187	5.77213	3.80244	3.64576	3.9029	4.22441	5.8304	4.80112	6.38704	6.47684	1.38613	4.61368	5.49937	4.00976	3.8464	5.28063	3.1429	3.86802	2.19237	2.28882	4.42856	2.63903	1.36152	3.46306	3.27504
k__Bacteria.p__Firmicutes.c__Clostridia.o__Clostridiales.f__Ruminococcaceae.g__Flavonifractor	0.0	0.0	0.0	0.0868	0.01026	0.02436	0.03349	0.01036	0.0171	0.02881	0.03863	0.0005	0.00081	0.03605	0.04912	0.03522	0.04393	0.04554	0.14628	0.07445	0.08496	0.03968	0.04108	0.0025	0.0	0.00031	0.33938	0.46738	0.02534	0.03348	0.08103	0.09995	0.13698	0.06459	0.08229	0.07979	0.03192	0.68889	0.0	0.00318	0.00667	0.20021	0.01615	0.1123	0.01104	0.05504	0.00617	0.0524	0.01489	0.00304	0.07869	0.01332	0.0
k__Bacteria.p__Firmicutes.c__Clostridia.o__Clostridiales.f__Ruminococcaceae.g__Gemmiger	0.22194	0.08393	0.07012	0.05284	0.02836	0.05274	0.27909	0.27857	0.18995	0.03897	0.08601	0.03848	0.01686	0.03326	0.21812	0.08889	0.24012	0.17251	0.285	0.26004	0.00407	0.0	0.01091	0.04287	0.01261	0.03174	0.21109	0.18221	0.21199	0.15198	0.02023	0.0169	0.01933	0.06499	0.03942	0.08946	0.0	0.0	0.02457	0.09468	0.22269	0.12622	0.02342	0.1301	0.0414	0.03932	0.04328	0.00739	0.09731	0.02789	0.02307	0.02716	0.05008
k__Bacteria.p__Firmicutes.c__Clostridia.o__Clostridiales.f__Ruminococcaceae.g__Pseudoflavonifractor	0.0	0.0	0.0	0.0	0.0	0.0	0.0	0.0	0.0	0.0	0.0	0.0	0.0	0.0	0.0	0.0	0.0	0.00042	0.0	0.0	0.0	0.0	0.0	0.0	0.0	0.0	0.02665	0.01072	0.0015	0.00295	0.0	0.0	0.0	0.0	0.0	0.0	0.0	0.0	0.0	0.0	0.0	0.0	0.0	0.0	0.0	0.0	0.0	0.0	0.0	0.0	0.0	0.0	0.0
k__Bacteria.p__Firmicutes.c__Clostridia.o__Clostridiales.f__Ruminococcaceae.g__Ruminococcaceae_unclassified	0.05888	0.09235	0.03195	0.23312	3.44529	0.3019	7.5771	0.55002	0.02509	0.55023	2.05555	1.07333	0.95776	0.30509	0.17645	0.00961	0.00867	0.49721	1.88475	2.42916	0.6103	0.11309	0.12265	0.02344	0.04629	0.07709	10.58347	21.30963	2.61015	11.04742	0.00813	0.00077	0.00349	0.3982	0.00632	0.07175	0.17458	0.30755	0.0	0.0	0.0	0.06302	0.00663	0.04376	0.05038	0.07447	0.07609	0.0	0.09748	0.08053	0.0	0.10042	3.67618
k__Bacteria.p__Firmicutes.c__Clostridia.o__Clostridiales.f__Ruminococcaceae.g__Ruminococcus	8.32488	6.91067	2.91151	1.32611	6.45597	3.62012	1.23092	11.41836	8.12601	3.5867	4.55783	1.50473	9.12951	8.08523	17.26493	5.40092	13.30433	16.16892	9.15275	15.01917	5.30148	4.99258	2.50998	13.23263	10.46649	7.26534	9.28397	8.48193	2.19696	0.37988	2.4698	1.08265	0.96129	8.87285	0.55109	1.7981	0.11551	5.58935	0.00624	0.21825	0.47363	0.0379	0.07559	1.30424	0.70945	11.06327	0.77415	2.12103	2.51672	0.72793	0.37469	1.2777	23.02891
k__Bacteria.p__Firmicutes.c__Clostridia.o__Clostridiales.f__Ruminococcaceae.g__Ruthenibacterium	0.01791	0.00732	0.06206	0.15946	0.05109	0.02146	0.03074	0.02514	0.00351	0.07522	0.09459	0.01033	0.07861	0.07875	0.09537	0.10345	0.0618	0.14485	0.29837	0.13903	0.05761	0.03075	0.01921	0.04378	0.0527	0.05719	0.24487	0.22196	0.05998	0.12244	0.34461	0.31518	0.62932	0.07508	0.17982	0.10792	0.06786	0.14509	0.0	0.0	0.0	0.07952	0.01611	0.00445	0.0	0.00993	0.0	0.01228	0.0	0.0	0.0	0.0	0.07186
k__Bacteria.p__Firmicutes.c__Erysipelotrichia.o__Erysipelotrichales.f__Erysipelotrichaceae.g__Absiella	0.0	0.0	0.0	0.0	0.0	0.0	0.0	0.0	0.0	0.0	0.0	0.0	0.0	0.0	0.0	0.0	0.0	0.0	0.0	0.0	0.0	0.0	0.0	0.0	0.0	0.0	0.0	0.0	0.0	0.0	0.00657	0.005	0.0	0.0	0.0	0.0	0.0	0.0	0.0	0.0	0.0	0.0	0.0	0.0	0.0	0.0	0.0	0.0	0.0	0.0	0.0	0.0	0.0
k__Bacteria.p__Firmicutes.c__Erysipelotrichia.o__Erysipelotrichales.f__Erysipelotrichaceae.g__Bulleidia	0.0	0.0	0.0	0.0	0.0	0.0	0.0	0.0	0.0	0.0	0.0	0.0	0.0	0.0	0.0	0.0	0.0	0.0	0.0	0.0	0.0	0.0	0.0	0.0	0.0	0.0	0.0	0.0	0.0	0.0	0.0	0.0	0.0	0.0	0.0	0.0	0.0	0.0	0.0	0.00973	0.00729	0.0	0.0	0.0	0.0	0.0	0.0	0.0	0.0	0.0	0.0	0.0	0.0
k__Bacteria.p__Firmicutes.c__Erysipelotrichia.o__Erysipelotrichales.f__Erysipelotrichaceae.g__Catenibacterium	0.0	0.0	0.0	0.0	0.0	0.0	0.0	0.0	0.0	0.0	0.0	0.0	0.0	0.0	0.0	0.0	0.0	0.0	0.0	0.0	0.0	0.0	0.0	0.0	0.0	0.0	0.0	0.0	0.0	0.0	0.0	0.0	0.0	0.0	0.0	0.0	0.0	0.0	0.9768	1.17181	0.79835	0.98193	0.12456	0.40882	0.19958	0.51879	0.23782	0.0	0.0	0.2535	0.89321	0.27722	0.17317
k__Bacteria.p__Firmicutes.c__Erysipelotrichia.o__Erysipelotrichales.f__Erysipelotrichaceae.g__Coprobacillus	0.0	0.0	0.0	0.00606	0.0	0.0	0.0	0.0	0.0	0.0	0.0	0.0	0.0	0.0	0.04808	0.0	0.0	0.0	0.0	0.0	0.0	0.0	0.0	0.0	0.0	0.0	0.0	0.0	0.0	0.08147	0.45327	0.16121	0.23986	0.0	0.0	0.0	0.0	0.01751	0.0	0.0	0.0	0.0	0.0	0.0	0.0	0.0	0.0	0.0	0.0	0.0	0.0	0.0	0.0
k__Bacteria.p__Firmicutes.c__Erysipelotrichia.o__Erysipelotrichales.f__Erysipelotrichaceae.g__Dielma	0.0	0.0	0.0	0.00155	0.0	0.0	0.0	0.0	0.0	0.0	0.0	0.0	0.0	0.00461	0.0	0.00933	0.00153	0.0	0.02399	0.0	0.0	0.0	0.0	0.0	0.0	0.0	0.0	0.0	0.0	0.0	0.03017	0.01444	0.0235	0.0	0.00537	0.00752	0.0	0.0	0.0	0.0	0.0	0.0	0.0	0.0026	0.0	0.01978	0.0	0.0	0.0	0.0	0.0	0.0	0.0
k__Bacteria.p__Firmicutes.c__Erysipelotrichia.o__Erysipelotrichales.f__Erysipelotrichaceae.g__Eggerthia	0.0	0.0	0.0	0.0	0.0	0.0	0.0	0.0	0.0	0.0	0.0	0.0	0.0	0.0	0.0	0.0	0.0	0.0	0.0	0.0	0.0	0.0	0.0	0.0	0.0	0.0	0.0	0.0	0.0	0.0	0.0	0.0	0.0	0.0	0.0	0.0	0.0	0.0	0.0	0.00034	0.0	0.0	0.0	0.0	0.0	0.0	0.0	0.0	0.0	0.0	0.0	0.0	0.0
k__Bacteria.p__Firmicutes.c__Erysipelotrichia.o__Erysipelotrichales.f__Erysipelotrichaceae.g__Erysipelatoclostridium	0.0	0.0	0.0	0.0	0.00477	0.03346	0.0	0.0	0.0	0.00434	0.0	0.0	0.0	0.0	0.16885	0.02634	0.04558	0.16048	0.11088	0.171	0.04363	0.08889	0.0674	0.0	0.00917	0.0	0.52796	0.31157	0.24197	0.43965	0.15815	0.21618	0.18281	0.0	0.00503	0.0	0.41299	0.06951	0.0	0.0	0.0	0.0115	0.0	0.16253	0.0	0.0	0.0	0.0	0.0	0.0	0.0	0.0	0.0
k__Bacteria.p__Firmicutes.c__Erysipelotrichia.o__Erysipelotrichales.f__Erysipelotrichaceae.g__Faecalicoccus	0.0	0.0	0.0	0.0	0.0	0.0	0.0	0.0	0.0	0.0	0.0	0.0	0.01707	0.04708	0.0	0.0	0.0	0.0	0.0	0.0	0.0	0.0	0.0	0.0	0.0	0.0	0.0	0.0	0.0	0.0	0.0	0.0	0.0	0.0	0.0	0.0	0.0	0.0	0.0	0.0	0.0	0.0	0.0	0.0	0.0	0.0	0.0	0.0	0.0	0.0	0.0	0.0	0.0
k__Bacteria.p__Firmicutes.c__Erysipelotrichia.o__Erysipelotrichales.f__Erysipelotrichaceae.g__Faecalitalea	0.13132	0.04762	0.06826	0.0591	0.02863	0.07148	0.0	0.0	0.0	0.104	0.0026	0.00128	0.0	0.01752	0.0	0.0	0.0	0.0	0.0	0.0	0.0	0.0	0.0	0.0	0.0	0.0	0.0	0.0	0.0	0.0	0.0	0.0	0.0	0.0	0.0	0.0	0.0	0.01856	0.0	0.0	0.0	0.0	0.0	0.0	0.0	0.0	0.0	0.0	0.0	0.0	0.0	0.0	0.0
k__Bacteria.p__Firmicutes.c__Erysipelotrichia.o__Erysipelotrichales.f__Erysipelotrichaceae.g__Holdemanella	0.47268	0.21755	0.72977	0.0	0.0	0.0	0.0	0.0	0.0	0.08089	0.07834	0.11308	0.01659	0.11385	0.24502	0.1347	0.06011	0.0	0.0	0.0	0.0	0.0	0.0	1.88723	1.86343	1.50063	0.0	0.0	0.0	0.0	0.0	0.0	0.0	0.0	0.0	0.0	0.0	0.0	0.05307	0.12807	0.62618	0.29014	0.47205	0.16055	0.07526	0.18681	0.09349	1.62791	5.25924	0.09704	1.23746	0.10051	0.79093
k__Bacteria.p__Firmicutes.c__Erysipelotrichia.o__Erysipelotrichales.f__Erysipelotrichaceae.g__Holdemania	0.0	0.0	0.0	0.00304	0.0003	0.0	0.0	0.0	0.0	0.0	0.0	0.00475	0.0	0.0	0.0	0.0	0.0	0.0	0.0	0.0	0.0	0.0045	0.0	0.01417	0.00898	0.01207	0.0	0.0	0.0	0.0	0.0	0.00512	0.00527	0.0	0.01574	0.00901	0.0	0.04218	0.0	0.0	0.0	0.0	0.0	0.00106	0.0	0.0	0.0	0.0	0.0	0.0	0.0	0.0	0.0
k__Bacteria.p__Firmicutes.c__Erysipelotrichia.o__Erysipelotrichales.f__Erysipelotrichaceae.g__Massiliomicrobiota	0.0	0.0	0.0	0.0	0.0	0.0	0.01552	0.0194	0.01683	0.0	0.0	0.0	0.0	0.0	0.01456	0.0	0.0	0.0	0.01522	0.01911	0.0	0.0	0.0	0.0	0.0	0.0	0.18888	0.08711	0.0	0.00578	0.0	0.0	0.0	0.0	0.0	0.0	0.05244	0.00627	0.0	0.0	0.0	0.0	0.0	0.0	0.0	0.0	0.0	0.0	0.0	0.0	0.0	0.0	0.0
k__Bacteria.p__Firmicutes.c__Erysipelotrichia.o__Erysipelotrichales.f__Erysipelotrichaceae.g__Solobacterium	0.0	0.0	0.0	0.0	0.0	0.0	0.0	0.0	0.0	0.0	0.0	0.0	0.0	0.0	0.0	0.0	0.0	0.0	0.0	0.0	0.0	0.0	0.0	0.0	0.0	0.0	0.0	0.0	0.0	0.0	0.01336	0.0	0.0	0.0	0.0	0.0	0.0	0.0	0.0	0.0	0.0	0.0	0.0	0.0	0.0	0.0	0.0	0.0	0.0	0.00031	0.0	0.0	0.0
k__Bacteria.p__Firmicutes.c__Erysipelotrichia.o__Erysipelotrichales.f__Erysipelotrichaceae.g__Turicibacter	0.46475	0.07791	0.13281	0.27998	0.02348	0.00746	0.0	0.52425	0.0	0.06031	0.00603	0.0	0.01367	0.00114	0.01134	0.0	0.03371	0.01762	0.05508	0.06597	0.00176	0.0036	0.00783	0.0	0.0	0.0	0.045	0.006	0.0	0.0	0.0	0.07407	0.05784	0.0	0.03383	0.00754	0.0	0.00753	0.0	0.0	0.02538	0.0	0.007	0.0	0.02156	0.0	0.01514	0.0	0.0	0.03392	0.0	0.0	0.0
k__Bacteria.p__Firmicutes.c__Firmicutes_unclassified.o__Firmicutes_unclassified.f__Firmicutes_unclassified.g__Firmicutes_unclassified	0.74169	1.07808	1.95741	0.25847	0.14842	0.14808	0.21342	0.18195	0.18176	0.75639	2.21337	0.04953	0.33879	0.04581	0.89346	0.75524	0.26821	0.1561	0.24931	0.24652	0.16571	0.22793	0.10322	0.93922	1.36383	3.08448	0.01165	0.19503	0.72552	1.31526	1.49809	0.60066	0.51243	0.86551	0.73939	0.60116	0.7393	2.11491	0.05788	0.03993	0.00834	1.94	0.09918	2.22857	0.04493	0.56601	0.03904	1.03384	1.02272	0.03225	0.02311	0.0206	0.70829
k__Bacteria.p__Firmicutes.c__Negativicutes.o__Acidaminococcales.f__Acidaminococcaceae.g__Acidaminococcus	0.0	0.0	0.0	0.0	0.0	0.0	0.0	0.0	0.0	0.0	0.0	0.0	0.0	0.0	0.0	0.0	0.0	0.0	0.0	0.0	0.0	0.0	0.0	0.0	0.0	0.0	0.0	0.0	0.0	0.0	0.0	0.0	0.0	0.0	0.0	0.0	0.0	0.0	3.39762	0.37927	0.0	0.0	0.0	0.0	0.0	0.0	0.0	0.0	0.0	0.0	0.0	0.0	0.0
k__Bacteria.p__Firmicutes.c__Negativicutes.o__Acidaminococcales.f__Acidaminococcaceae.g__Phascolarctobacterium	4.55566	7.21873	6.8999	0.02673	0.02324	0.00118	0.0	0.0	0.0	0.0	0.00606	0.0098	0.00945	0.0163	0.0	0.0	0.0	0.77693	0.83076	1.15125	0.81713	0.4102	0.25732	0.0	0.0	0.0	0.0	0.0	0.0	0.0	1.08205	0.7873	0.68068	1.36988	1.72657	1.54182	0.0	0.0	0.0	0.0	0.0	0.0	0.0	0.0	0.0	0.0	0.0	1.86454	2.31265	0.0	9.01056	1.99977	2.47224
k__Bacteria.p__Firmicutes.c__Negativicutes.o__Selenomonadales.f__Selenomonadaceae.g__Megamonas	0.0	0.0	0.0	0.0	0.0	0.00554	0.0	0.0	0.0	0.0	0.0	0.0	0.0	0.0	0.0	0.0	0.0	0.0	0.0	0.0	0.0	0.0	0.0	0.0	0.0	0.0	0.0	0.0	0.0	0.0	0.0	0.0	0.0	0.0	0.0	0.0	0.0	0.0	0.0	0.0	0.0	0.0	0.01759	3.2714	1.65838	0.0	2.44812	0.0	0.0	2.3081	0.0	0.0	0.0
k__Bacteria.p__Firmicutes.c__Negativicutes.o__Selenomonadales.f__Selenomonadaceae.g__Mitsuokella	0.0	0.0	0.0	0.0	0.0	0.0	0.0	0.0	0.0	0.25788	0.28561	0.04981	0.0	0.0	0.0	0.0	0.0	0.0	0.0	0.0	0.0	0.0	0.0	0.0	0.0	0.0	0.0	0.0	0.0	0.0	0.0	0.0	0.0	0.0	0.0	0.0	0.0	0.0	0.0	0.0	0.0	0.0	0.0	0.0	0.0	0.0	0.0	0.0	0.0	0.0	0.0	0.0	0.0
k__Bacteria.p__Firmicutes.c__Negativicutes.o__Veillonellales.f__Veillonellaceae.g__Allisonella	0.0	0.00259	0.0	0.0	0.0	0.0	0.0	0.0	0.0	0.04566	0.00497	0.0536	0.0	0.03732	0.00051	0.0	0.0	0.0	0.0	0.0	0.0	0.0	0.0	0.0	0.0	0.0	0.0	0.0	0.0	0.0	0.0	0.0	0.0	0.0	0.0	0.0	0.0	0.0	0.15946	0.08554	0.0564	0.04024	0.03233	0.39651	0.0303	0.0627	0.01935	0.0	0.0	0.02177	0.12198	0.02162	0.01247
k__Bacteria.p__Firmicutes.c__Negativicutes.o__Veillonellales.f__Veillonellaceae.g__Dialister	0.0	0.0	0.0	0.38559	0.22578	0.10938	0.07449	0.10658	0.00511	1.08431	1.04689	0.94954	0.97016	0.49967	0.0	0.0	0.0	0.0	0.0	0.0	0.0	0.0	0.0	0.0	0.0	0.0	0.18688	0.20004	0.15079	0.50486	0.0	0.0	0.0	0.0	0.0	0.0	0.0	0.0	0.0	0.0	0.00058	0.0	0.0	0.23015	0.24098	0.0	0.25408	0.0	0.0	0.15408	0.0	0.0	0.0
k__Bacteria.p__Firmicutes.c__Negativicutes.o__Veillonellales.f__Veillonellaceae.g__Veillonella	0.0	0.03653	0.18419	0.29085	0.03769	0.00587	0.02293	0.59949	0.00124	0.71743	0.11447	0.4105	0.18621	0.00223	0.02962	0.33383	0.35223	0.0	0.01092	0.0	0.0	0.0	0.01417	0.00517	0.0	0.01391	0.1555	0.14073	0.00352	0.0	0.0153	0.0	0.0	0.02164	0.10226	0.05697	0.0	0.05424	0.00783	0.20389	0.04641	0.0	0.00623	0.00702	0.0	0.0	0.0	0.0	0.5425	0.0	0.1706	0.0	0.0
k__Bacteria.p__Firmicutes.c__Tissierellia.o__Tissierellales.f__Peptoniphilaceae.g__Parvimonas	0.0	0.0	0.0	0.0	0.0	0.0	0.00044	0.00574	0.00284	0.00259	0.00345	0.00038	0.0	0.0	0.0	0.0	0.0	0.0	0.0	0.0	0.0	0.0	0.0	0.0	0.0	0.0	0.0	0.0	0.0	0.0	0.01768	0.0	0.00157	0.0	0.00972	0.0	0.0	0.0	0.0	0.01137	0.15386	0.00491	0.02013	0.01207	0.01835	0.0	0.01652	0.0	0.0	0.02031	0.0	0.0	0.0
k__Bacteria.p__Fusobacteria.c__Fusobacteriia.o__Fusobacteriales.f__Fusobacteriaceae.g__Fusobacterium	0.0	0.0	0.0	0.0	0.0	0.0	0.0	0.0	0.0	0.00237	0.0	0.0	0.0	0.0	0.0	0.0	0.0	0.0	0.0	0.0	0.0	0.0	0.0	0.40217	0.11679	0.23911	0.0	0.0	0.0	0.0	0.0	0.0	0.0	0.0	0.0	0.0	0.0	0.0	0.0	0.01862	0.3778	0.0	0.01276	0.0	0.00172	0.0	0.00385	0.0	0.00058	0.0	0.0	0.0	0.0
k__Bacteria.p__Lentisphaerae.c__Lentisphaeria.o__Victivallales.f__Victivallaceae.g__Victivallis	0.04584	0.10953	0.07234	0.0	0.0	0.0	0.0	0.0	0.0	0.12741	0.06145	0.0	0.0	0.0	0.0	0.0	0.0	0.0	0.0	0.0	0.01741	0.02962	0.02791	0.00243	0.20219	0.02385	0.0	0.0	0.0	0.0	0.0	0.0	0.0	0.0232	0.02317	0.02323	0	0.0	0.0	0.0	0.0	0.0	0.0	0.0	0.0	0.0	0.0	0.0	0.0	0.0	0.0	0.0	0.0
k__Bacteria.p__Proteobacteria.c__Alphaproteobacteria.o__Pelagibacterales.f__Pelagibacteraceae.g__Candidatus_Pelagibacter	0.0	0.0	0.0	0.0	0.0	0.0	0.0	0.0	0.0	0.0	0.0	0.0	0.0	0.0	0.0	0.0	0.0	0.0	0.0	0.0	0.0	0.0	0.0	0.0	0.0	0.0	0.00067	0.0	0.0	0.0	0.0	0.0	0.0	0.0	0.0	0.0	0	0.0	0.0	0.0	0.0	0.0	0.0	0.0	0.0	0.0	0.00207	0.0	0.0	0.0	0.0	0.0	0.0
k__Bacteria.p__Proteobacteria.c__Betaproteobacteria.o__Burkholderiales.f__Oxalobacteraceae.g__Oxalobacter	0.0	0.0	0.0	0.0	0.0	0.0	0.0	0.0	0.0	0.0	0.0	0.0	0.0	0.0	0.0	0.0	0.0	0.0	0.0	0.0	0.0	0.0	0.0	0.0	0.0	0.0	0.0	0.0	0.0	0.0	0.0	0.0	0.0	0.02825	0.11709	0.01595	0	0.0	0.0	0.0	0.0	0.0	0.0	0.0	0.0	0.0	0.0	0.0	0.0	0.0	0.0	0.0	0.0
k__Bacteria.p__Proteobacteria.c__Betaproteobacteria.o__Burkholderiales.f__Sutterellaceae.g__Parasutterella	0.05333	0.05017	0.04294	0.40118	0.34248	0.19407	0.09799	0.0836	0.14625	0.04581	0.04886	0.01371	0.04727	0.02605	0.1986	0.52573	0.3908	0.17102	0.9919	0.70419	1.06714	0.62484	1.15784	1.10211	1.04314	1.18124	0.0	0.0	1.73176	1.90649	1.29883	0.99272	0.81216	0.50916	0.26084	0.36353	0	0.0	0.87977	0.02067	0.0	0.00574	0.0	0.0	0.0	3.15054	0.0	0.29881	1.37428	0.0	0.00102	0.00104	0.17584
k__Bacteria.p__Proteobacteria.c__Betaproteobacteria.o__Burkholderiales.f__Sutterellaceae.g__Sutterella	0.00158	0.00158	0.0	0.0	0.0	0.0	0.0	0.0	0.0	0.04096	0.03094	0.03776	0.01995	0.03899	0.0	0.0	0.0	0.0	0.0	0.0	0.0	0.0	0.0	0.0	0.0	0.0	0.0	0.0	0.0	0.0	0.0	0.0	0.0	0.0	0.0	0.0	0	0.0	0.0049	0.0857	0.0884	0.09305	0.04687	0.03761	0.03949	0.0	0.01522	0.01345	0.0	0.01133	0.08165	0.08909	0.0
k__Bacteria.p__Proteobacteria.c__Betaproteobacteria.o__Burkholderiales.f__Sutterellaceae.g__Turicimonas	0.0	0.0	0.00309	0.11612	0.09458	0.07807	0.06294	0.04631	0.12112	0.00253	0.01059	0.0	0.00442	0.0	0.00469	0.01068	0.00424	0.00194	0.01434	0.0168	0.01978	0.00282	0.01341	0.01414	0.01653	0.02729	0.0	0.0	0.04883	0.03263	0.13307	0.08567	0.06111	0.01685	0.02142	0.01417	0	0.0	0.08191	0.00448	0.0	0.0	0.0	0.0	0.0	0.33525	0.0	0.03169	0.16816	0.0	0.0	0.0	0.03365
k__Bacteria.p__Proteobacteria.c__Betaproteobacteria.o__Neisseriales.f__Neisseriaceae.g__Neisseria	0.0	0.0	0.0	0.0	0.0	0.0	0.0	0.0	0.0	0.0	0.0	0.0	0.0	0.0	0.0	0.0	0.0	0.0	0.0	0.0	0.0	0.0	0.0	0.0	0.0	0.0	0.0	0.0	0.0	0.0	0.0	0.0	0.0	0.0	0.0	0.0	0	0.0	0.0	0.01925	0.0	0.0	0.0	0.0	0.0	0.0	0.0	0.0	0.0	0.0	0.00177	0.0	0.0
k__Bacteria.p__Proteobacteria.c__Deltaproteobacteria.o__Desulfovibrionales.f__Desulfovibrionaceae.g__Bilophila	0.0	0.0	0.0	0.0	0.0	0.0	0.0	0.0	0.0	0.00869	0.00229	0.00291	0.0	0.0	0.01603	0.0285	0.00426	0.14949	0.11093	0.07896	0.04034	0.02565	0.02128	0.01321	0.00644	0.00834	0.02101	0.03282	0.0614	0.04124	0.09549	0.15318	0.11649	0.15262	0.29089	0.15384	0	0.0	0.0	0.0	0.0105	0.09307	0.00956	0.08726	0.02044	0.14109	0.01123	0.11346	0.0	0.00712	0.15104	0.0	0.0
k__Bacteria.p__Proteobacteria.c__Deltaproteobacteria.o__Desulfovibrionales.f__Desulfovibrionaceae.g__Desulfovibrio	0.31215	0.20835	0.39053	0.0	0.0	0.0	0.0	0.0	0.0	0.33455	0.30634	0.06609	0.379	0.37481	0.0	0.0	0.0	0.0	0.0	0.0	0.0	0.0	0.0	0.0	0.0	0.0	0.0	0.0	0.0	0.0	0.0	0.0	0.0	0.0	0.0	0.0	0	0.0	0.0	0.0	0.0	0.0	0.0	0.0	0.0	0.0	0.0	0.0	0.0	0.0	0.48068	0.03034	0.0
k__Bacteria.p__Proteobacteria.c__Deltaproteobacteria.o__Desulfovibrionales.f__Desulfovibrionaceae.g__Desulfovibrionaceae_unclassified	0.0	0.0	0.0	0.0	0.0	0.0	0.0	0.0	0.0	0.02831	0.02407	0.0	0.0	0.0	0.0	0.0	0.0	0.0	0.0	0.0	0.0	0.0	0.0	0.0	0.0	0.0	0.0	0.0	0.0	0.0	0.0	0.0	0.0	0.0	0.0	0.0	0	0.0	0.0	0.0	0.0	0.0	0.0	0.0	0.0	0.0	0.0	0.0	0.0	0.0	0.0	0.0	0.0
k__Bacteria.p__Proteobacteria.c__Epsilonproteobacteria.o__Campylobacterales.f__Campylobacteraceae.g__Campylobacter	0.0	0.0	0.0	0.0	0.0	0.0	0.0	0.0	0.0	0.0	0.0	0.00241	0.0	0.0061	0.0	0.0	0.0	0.0	0.0	0.0	0.0	0.0	0.0	0.0	0.0	0.0	0.0	0.0	0.0	0.0	0.0	0.0	0.0	0.0	0.0	0.0	0	0.0	0.0	0.00793	0.01277	0.0	0.0	0.0	0.0	0.0	0.0	0.0	0.0	0.0	0.0	0.0	0.0
k__Bacteria.p__Proteobacteria.c__Gammaproteobacteria.o__Enterobacterales.f__Enterobacteriaceae.g__Citrobacter	0.0	0.0	0.0	0.0	0.0	0.0	0.0	0.0	0	0.0	0.0	0.0	0.0	0.58197	0.0	0.0	0.0	0.0	0.0	0.0	0.0	0.0	0.0	0.0	0.0	0.0	0.0	0.0	0	0.01396	0.00201	0.13563	0.03639	0.0	0.0	0.0	0	0.0	0.55338	0.01298	0.0	0.0	0.0	0.0	0.0	0.0	0.0	0.0	0.0	0.0	0.0	0.0	0.0
k__Bacteria.p__Proteobacteria.c__Gammaproteobacteria.o__Enterobacterales.f__Enterobacteriaceae.g__Enterobacter	0.0	0.0	0.0	0.0	0.0	0.0	0.0	0.0	0	0.00972	0.0	0.0	0.0	0.0	0.0	0.0	0.0	0.0	0.0	0.0	0.0	0.0	0.0	0.0	0.0	0.0	0.0	0.0	0	0.0	0.0	0.00181	0.0	0.0	0.0	0.0	0	0.0	0.16601	0.20071	0.0	0.0	0.01265	0.01818	0.0	0.0	0.0	6.63477	0.0	0.0	0.0	0.12572	0.0
k__Bacteria.p__Proteobacteria.c__Gammaproteobacteria.o__Enterobacterales.f__Enterobacteriaceae.g__Escherichia	2.34775	0.61072	1.87462	0.30635	0.00104	0.02348	0.01028	0.0	0	0.99059	0.52516	0.00392	0.00148	0.03204	13.67037	1.34457	0.01865	0.00286	0.02901	0.0	0.24148	0.04033	0.07481	0.0	0.0	0.35435	0.13001	0.08216	0	0.06762	0.26642	0.06863	0.06953	0.10155	0.19991	0.07012	0	0.14962	0.09625	0.00134	0.06503	0.50662	0.19232	0.0	0.00104	0.00147	0.0	0.08045	0.0	0.0	0.18424	0.0	0.0
k__Bacteria.p__Proteobacteria.c__Gammaproteobacteria.o__Enterobacterales.f__Enterobacteriaceae.g__Klebsiella	0.0	0.0	0.0	0.0	0.0	0.0	0.0	0.0	0	0.0	0.0	0.0	0.0	0.0	0.0	0.0	8.65512	0.00259	0.00473	0.0	0.0	0.0	0.00385	0.0	13.09509	0.0	0.0	0.0	0	0.0	0.0	0.0	0.0	0.0	0.0	0.0	0	0.0	0.01154	0.00538	0.0	0.0	0.0	0.0	0.0	0.0	0.0	0.0	0.0	0.0	0.04687	0.0	0.0
k__Bacteria.p__Proteobacteria.c__Gammaproteobacteria.o__Enterobacterales.f__Hafniaceae.g__Hafnia	0.0	0.0	0.0	0.0	0.0	0.0	0.0	0.0	0	0.0	0.0	0.0	0.0	0.0	0.0	0.0	0.0	0.0	0.0	1.57726	0.0	0.00047	0.0	0.0	0.0	0.0	0.0	0.0	0	0.0	0.0	0.0	0.0	0.0	0.0	0.0	0	0.00393	0.0	0.0	0.0	0.0	0.0	0.0	0.0	0.0	0.0	0.0	0.0	0.0	0.0	0.0	0.0
k__Bacteria.p__Proteobacteria.c__Gammaproteobacteria.o__Enterobacterales.f__Yersiniaceae.g__Serratia	0.0	0.0	0.0	0.0	0.0	0.0	0.0	0.0	0.0	0.0	0.0	0.0	0.0	0.0	0.0	0.0	0.0	0.0	0.0	0.0	0.0	0.0	0.0	0.05751	0.0	0.0	0.0	0.0	0.0	0.0	0.0	0.0	0.0	0.0	0.0	0.0	0	0.0	0.0	0.0	0.0	0.0	0.0	0.0	0.0	0.0	0.0	0.0	0.0	0.0	0.0	0.0	0.0
k__Bacteria.p__Proteobacteria.c__Gammaproteobacteria.o__Enterobacterales.f__Yersiniaceae.g__Yersinia	0.0	0.0	0.0	0.0	0.0	0.0	0.0	0.0	0.0	0.0	0.0	0.0	0.0	0.0	0.0	0.0	0.0	0.0	0.0	0.0	0.0	0.00144	0.0	0.0	0.0	0.0	0.0	0.0	0.0	0.0	0.0	0.0	0.0	0.0	0.0	0.0	0	0.0	0.0	0.0	0.0	0.0	0.0	0.0	0.0	0.0	0.0	0.0	0.0	0.0	0.0	0.0	0.0
k__Bacteria.p__Proteobacteria.c__Gammaproteobacteria.o__Pasteurellales.f__Pasteurellaceae.g__Aggregatibacter	0.0	0.0	0.0	0.0	0.0	0.0	0.0	0.0	0.0	0.0	0.0	0.0	0.0	0.0	0.0	0.0	0.0	0.0	0.0	0.0	0.0	0.0	0.0	0.0	0.0	0.0	0.0	0.0	0.0	0.0	0.0	0.0	0.0	0.0	0.0	0.0	0	0.0	0.00184	0.02486	0.0	0.0	0.0	0.0	0.0	0.0	0.0	0.0	0.0	0.0	0.0	0.0	0.0
k__Bacteria.p__Proteobacteria.c__Gammaproteobacteria.o__Pasteurellales.f__Pasteurellaceae.g__Haemophilus	0.00494	0.02746	0.12239	0.2312	0.06525	0.00762	0.0	0.06006	0.0	0.21834	0.07168	0.66349	0.09783	0.02931	0.0	0.0	0.00531	0.0	0.13891	0.01023	0.0	0.00321	0.01864	0.00158	0.0	0.00968	0.06467	0.07367	0.0	0.0	0.00905	0.0	0.0	0.11134	0.02898	0.02717	0	0.04896	0.03383	0.33246	0.27187	0.00109	0.06369	0.01704	0.06749	0.00861	0.07088	0.00849	0.22853	0.04322	0.0293	0.00659	0.00192
k__Bacteria.p__Proteobacteria.c__Proteobacteria_unclassified.o__Proteobacteria_unclassified.f__Proteobacteria_unclassified.g__Proteobacteria_unclassified	0.0	0.0	0.00162	2.1961	1.60462	1.3053	1.56492	1.06395	2.17041	0.0021	0.0136	0.0	0.0	0.0	0.01159	0.03588	0.0176	0.00491	0.04525	0.03153	0.05349	0.0314	0.06019	0.05436	0.0494	0.05528	0.0	0.0	0.12654	0.21954	0.08054	0.05848	0.05054	0.14483	0.41419	0.07985	0	0.0	0.04123	0.0	0.0	0.0	0.0	0.0	0.0	0.14404	0.0	0.01183	0.04799	0.0	0.0	0.0	0.00379
k__Bacteria.p__Spirochaetes.c__Spirochaetia.o__Spirochaetales.f__Spirochaetaceae.g__Treponema	0.0	0.0	0.0	0.0	0.0	0.0	0.0	0.0	0.0	0.0	0.0	0.0	0.0	0.0	0.0	0.0	0.0	0.0	0.0	0.0	0.0	0.0	0.0	0.0	0.0	0.0	0.0	0.0	0.0	0.0	0.0	0.0	0.0	0.0	0.0	0.0	0	0.0	0.0	0.0	0.14264	0.0	0.0	0.0	0.0	0.0	0.0	0.0	0.0	0.0	0.0	0.0	0.0
k__Bacteria.p__Synergistetes.c__Synergistia.o__Synergistales.f__Synergistaceae.g__Cloacibacillus	0.0	0.0	0.0	0.0	0.0	0.0	0	0	0	0.0	0.0	0.0	0.02994	0.00252	0	0	0.0	0	0	0	0.0	0.0	0.0	0.0	0.0	0.0	0.0	0.0	0.0	0.0	0.0	0.0	0.0	0	0	0	0	0	0	0	0.0	0.0	0	0.0	0	0	0	0	0	0	0.0	0	0
k__Bacteria.p__Synergistetes.c__Synergistia.o__Synergistales.f__Synergistaceae.g__Fretibacterium	0.0	0.0	0.0	0.0	0.0	0.0	0	0	0	0.0	0.0	0.0	0.0	0.0	0	0	0.0	0	0	0	0.0	0.0	0.0	0.0	0.0	0.0	0.0	0.0	0.0	0.0	0.0	0.0	0.0	0	0	0	0	0	0	0	0.00623	0.0	0	0.0	0	0	0	0	0	0	0.0	0	0
k__Bacteria.p__Synergistetes.c__Synergistia.o__Synergistales.f__Synergistaceae.g__Pyramidobacter	0.0	0.0	0.0	0.0	0.0	0.0	0	0	0	0.0	0.0	0.0	0.0	0.0	0	0	0.0	0	0	0	0.0	0.0	0.0	0.0	0.0	0.0	0.0	0.0	0.0	0.0	0.0	0.0	0.0	0	0	0	0	0	0	0	0.0	0.00082	0	0.0	0	0	0	0	0	0	0.0	0	0
k__Bacteria.p__Verrucomicrobia.c__Verrucomicrobiae.o__Verrucomicrobiales.f__Akkermansiaceae.g__Akkermansia	0.24315	1.06257	1.09285	0.0904	1.33783	0.12444	0	0	0	1.60464	6.77206	0.01212	1.09501	1.31798	0	0	0.21381	0	0	0	3.95668	3.77209	3.63869	4.44781	9.19045	6.0141	0.09078	1.83929	0.24073	1.7847	8.58281	1.52869	2.62444	0	0	0	0	0	0	0	0.0	0.0	0	0.04602	0	0	0	0	0	0	0.14973	0	0
