dataset_name	IjazUZ_2017	IjazUZ_2017	IjazUZ_2017	IjazUZ_2017	IjazUZ_2017	IjazUZ_2017	IjazUZ_2017	IjazUZ_2017	IjazUZ_2017	IjazUZ_2017	IjazUZ_2017	IjazUZ_2017	IjazUZ_2017	IjazUZ_2017	IjazUZ_2017	IjazUZ_2017	IjazUZ_2017	IjazUZ_2017	IjazUZ_2017	IjazUZ_2017	IjazUZ_2017	IjazUZ_2017	IjazUZ_2017	IjazUZ_2017	IjazUZ_2017	IjazUZ_2017	IjazUZ_2017	IjazUZ_2017	IjazUZ_2017	IjazUZ_2017	IjazUZ_2017	IjazUZ_2017	IjazUZ_2017	IjazUZ_2017	IjazUZ_2017	IjazUZ_2017	IjazUZ_2017	IjazUZ_2017	IjazUZ_2017	IjazUZ_2017	IjazUZ_2017	IjazUZ_2017	IjazUZ_2017	IjazUZ_2017	IjazUZ_2017	IjazUZ_2017	IjazUZ_2017	IjazUZ_2017	IjazUZ_2017	IjazUZ_2017	IjazUZ_2017	IjazUZ_2017	IjazUZ_2017	IjazUZ_2017	IjazUZ_2017	IjazUZ_2017	IjazUZ_2017	IjazUZ_2017	IjazUZ_2017	IjazUZ_2017	IjazUZ_2017	IjazUZ_2017	IjazUZ_2017	IjazUZ_2017	IjazUZ_2017	IjazUZ_2017	IjazUZ_2017	IjazUZ_2017	IjazUZ_2017	IjazUZ_2017	IjazUZ_2017	IjazUZ_2017	IjazUZ_2017	IjazUZ_2017	IjazUZ_2017	IjazUZ_2017	IjazUZ_2017	IjazUZ_2017	IjazUZ_2017	IjazUZ_2017	IjazUZ_2017	IjazUZ_2017	IjazUZ_2017	IjazUZ_2017	IjazUZ_2017	IjazUZ_2017	IjazUZ_2017	IjazUZ_2017	IjazUZ_2017	IjazUZ_2017	IjazUZ_2017	IjazUZ_2017	IjazUZ_2017	IjazUZ_2017
study_condition	IBD	IBD	IBD	IBD	control	control	control	IBD	control	control	control	control	control	IBD	control	control	control	control	IBD	IBD	IBD	IBD	IBD	IBD	control	control	control	control	control	control	control	IBD	control	control	control	control	control	control	control	control	IBD	control	IBD	control	IBD	IBD	IBD	IBD	IBD	IBD	IBD	IBD	IBD	IBD	IBD	IBD	control	IBD	IBD	IBD	IBD	IBD	IBD	control	IBD	IBD	IBD	IBD	IBD	IBD	IBD	IBD	IBD	control	IBD	IBD	IBD	IBD	IBD	IBD	control	IBD	IBD	IBD	IBD	control	control	control	IBD	IBD	IBD	IBD	control	control
k__Archaea.p__Euryarchaeota.c__Methanobacteria.o__Methanobacteriales.f__Methanobacteriaceae.g__Methanobrevibacter	0	0.24235	0	0	0	0	7.31397	0	0	0	0	10.49409	0	0	20.3552	0	0	0	0	0	0	0	0	0	0	11.57267	0	0	0	0	2.2084	0	9.32984	3.91189	0	0.52898	5.29092	12.16105	3.52433	0	0	1.52976	0	0	0	0	0	0	0	0	0	0	0	0	0	0	14.101	0	0	0	0	0	0	0	0	0	0	0	0	0	0	0	0	0	0	0	0	0	0	0	12.3141	0	0	0	0	0	0	0.0842	3.48456	0.61265	0	0.63196	7.49245	0
k__Bacteria.p__Actinobacteria.c__Actinobacteria.o__Actinomycetales.f__Actinomycetaceae.g__Actinobaculum	0	0	0	0	0	0	0	0	0	0	0	0	0	0.00533	0	0	0	0	0	0	0	0	0	0	0	0	0	0	0	0	0	0	0	0	0	0	0	0	0	0	0	0	0	0	0	0	0	0	0	0	0	0	0	0	0	0	0	0	0	0	0	0	0	0	0	0	0	0	0	0.01519	0	0.00816	0	0	0	0	0	0	0	0	0	0	0	0	0	0	0	0	0	0	0	0	0	0
k__Bacteria.p__Actinobacteria.c__Actinobacteria.o__Actinomycetales.f__Actinomycetaceae.g__Actinomyces	0.00733	0	0	0	2.2158	0	0.06489	0.01944	0	0	0	0.01972	0.02618	0.0573	0	0	0	0	0	1.41162	0.02002	0.13328	0.07831	0.01355	0	0	0	0	0	0	0	0	0	0	0	0	0.0467	0	0.02764	0.01449	0.03898	0	0.05397	0.14293	1.00349	0.87984	0	0.00513	0.01792	0.02216	0	0	0	0.00472	0.01136	0	0.24148	0	0	0	0	0	0	0	0	0.01778	0.00585	0.04199	0	0.05782	0	0.03511	0	0	0.01577	0	0	0.01048	0	0	0	0.19633	0	0	0.02173	0.04123	0	0.00595	0.17586	0.07299	0.11068	0	0.06041	0
k__Bacteria.p__Actinobacteria.c__Actinobacteria.o__Actinomycetales.f__Actinomycetaceae.g__Varibaculum	0.0	0	0	0	0.0	0.0	0.0	0.0	0.0	0.0	0.0	0.0	0.0	0.0	0.0	0.0	0.0	0.0	0	0.0	0.0	0.0	0.0	0	0.0	0.0	0.0	0.0	0.0	0.0	0.0	0.0	0.0	0.0	0.0	0.0	0.0	0.0	0.0	0.0	0.0	0.0	0.0	0.0	0.27375	0.65805	0.0	0.0	0.0	0.0	0.0	0.0	0.0	0.0	0.0	0.0	0.0	0	0	0	0	0.0	0.0	0.0	0.0	0.0	0.0	0.0	0.0	0.0	0.0	0.0	0.0	0.0	0.0	0.0	0.0	0.0	0.0	0.0	0.0	0.0	0	0.0	0.0	0.0	0.0	0.0	0.0	0.0	0.0	0.0	0.0	0.0
k__Bacteria.p__Actinobacteria.c__Actinobacteria.o__Bifidobacteriales.f__Bifidobacteriaceae.g__Aeriscardovia	0.0	0	0	0	0.0	0.0	0.0	0.0	0.0	0.0	0.0	0.0	0.0	0.0	0.0	0.0	0.0	0.0	0	0.0	0.0	0.0	0.0	0	0.0	0.0	0.0	0.0	0.0	0.0	0.0	0.0	0.0	0.0	0.0	0.0	0.0	0.0	0.0	0.0	0.0	0.0	0.0	0.0	0.0	0.0	0.0	0.0	0.0	0.0	0.0	0.0	0.0	0.0	0.0	0.0	0.0	0	0	0	0	0.0	0.0	0.0	0.0	0.0	0.0	0.0	0.0	0.0	0.0	0.0	0.0	0.0034	0.0	0.0	0.0	0.0	0.0	0.0	0.0	0.0	0	0.0	0.0	0.0	0.0	0.0	0.0	0.0	0.0	0.0	0.0	0.0
k__Bacteria.p__Actinobacteria.c__Actinobacteria.o__Bifidobacteriales.f__Bifidobacteriaceae.g__Alloscardovia	0.0	0	0	0	0.0	0.0	0.0	0.0	0.0	0.0	0.0	0.0	0.0	0.0	0.0	0.0	0.0	0.0	0	0.0	0.0	0.0	0.0	0	0.0	0.0	0.0	0.0	0.0	0.0	0.0	0.0	0.0	0.0	0.0	0.0	0.0	0.0	0.0	0.0	0.0	0.0	0.0	0.0	0.0	0.0	0.0	0.0	0.0	0.0	0.0	0.0	0.0	0.0	0.0	0.0	0.0	0	0	0	0	0.0	0.0	0.0	0.0	0.0	0.0	0.0	0.0	0.04252	0.01488	0.05677	0.0	0.0	0.08885	0.0	0.0	0.0	0.0	0.0	0.01025	0.0	0	0.0	0.0	0.0	0.0	0.00117	0.0	0.0	0.0	0.0	0.0	0.0
k__Bacteria.p__Actinobacteria.c__Actinobacteria.o__Bifidobacteriales.f__Bifidobacteriaceae.g__Bifidobacterium	33.8265	0	0	0	50.84182	8.93206	31.68205	43.64134	8.64134	17.13398	35.41154	14.87836	49.519	20.43879	0.2339	22.20143	31.50675	24.5198	0	0.0	23.55334	0.0	0.0	0	49.72891	4.60903	8.76475	6.71975	11.40556	20.16719	44.92683	28.34951	13.29796	11.32945	34.97797	13.82121	24.70205	13.19313	8.56254	8.03526	38.50166	29.13018	10.46357	17.95976	0.7618	8.92458	0.06498	3.92643	0.0	0.06387	31.27815	33.46536	29.04136	21.75907	34.66734	5.32368	16.21015	0	0	0	0	0.74275	8.76041	15.33248	7.69155	0.14671	0.06342	0.20004	2.04233	39.43759	32.80744	33.01031	42.15238	57.87563	56.92977	1.91861	1.23487	24.11741	2.48633	14.73862	29.63626	3.33117	0	0.49418	26.48101	7.06938	40.41156	11.4486	24.955	0.77336	0.04084	4.53399	5.95498	21.99104
k__Bacteria.p__Actinobacteria.c__Actinobacteria.o__Bifidobacteriales.f__Bifidobacteriaceae.g__Scardovia	0.0	0	0	0	0.0	0.0	0.0	0.0	0.0	0.0	0.0	0.0	0.00986	0.0	0.0	0.0	0.0	0.0	0	0.0	0.0	0.02443	0.0	0	0.0	0.0	0.0	0.0	0.0	0.0	0.0	0.0	0.0	0.0	0.0	0.0	0.0	0.0	0.0	0.0	0.0	0.0	0.0	0.0	0.0	0.0	0.0	0.0	0.0	0.0	0.0	0.05845	0.0	0.0	0.0	0.0	0.0	0	0	0	0	0.0	0.0	0.0	0.0	0.0	0.0	0.0	0.0	0.0	0.0	0.0	0.0	0.0	0.0	0.0	0.0	0.0	0.0	0.0	0.0	0.0	0	0.0	0.0	0.03039	0.0	0.00687	0.0	0.0	0.0	0.0	0.0	0.0
k__Bacteria.p__Actinobacteria.c__Actinobacteria.o__Corynebacteriales.f__Corynebacteriaceae.g__Corynebacterium	0	0	0	0	0	0	0	0.05568	0	0	0	0	0	0.0732	0	0	0	0	0	0.01192	0	0	0.00758	0	0	0	0	0	0	0	0	0.00176	0	0	0	0.00196	0	0	0	0	0	0	0	0	0	0.0	0	0	0	0	0.0	0.10968	0.04932	0	0	0	0	0	0	0	0	0	0	0	0	0.05174	0	0	0	0	0	0	0.01272	0	0	0	0.0	0.0	0.0	0	0	0	0	0	0	0	0	0	0	0	0	0	0	0
k__Bacteria.p__Actinobacteria.c__Actinobacteria.o__Corynebacteriales.f__Corynebacteriales_unclassified.g__Lawsonella	0	0	0	0	0	0	0	0.0	0	0	0	0	0	0.0	0	0.0	0.0	0	0.0	0.0	0	0.0	0.0	0	0	0.0	0	0	0	0	0.0	0.0	0	0	0	0.0	0.0	0	0.0	0	0	0	0.0	0	0	5.31777	0	0.0	0	0	0.08881	0.0	0.0	0.0	0.0	0	0	0	0	0	0	0	0	0	0	0.0	0	0.0	0	0	0	0.0	0.0	0.0	0.0	0.0	1.14126	0.77632	0.49553	0.0	0	0	0.0	0	0.0	0.0	0.0	0.0	0.0	0	0	0	0	0
k__Bacteria.p__Actinobacteria.c__Actinobacteria.o__Micrococcales.f__Micrococcaceae.g__Rothia	0	0	0	0	0	0	0	0.0	0	0	0	0	0	0.0	0	0.0	0.0	0	0.0	0.01073	0	0.0	0.0	0	0	0.0	0	0	0	0	0.0	0.0	0	0	0	0.0	0.0	0	0.0	0	0	0	0.0	0	0	0.0	0	0.0	0	0	0.0	0.0	0.0	0.0	0.0	0	0	0	0	0	0	0	0	0	0	0.0	0	0.0	0	0	0	0.0	0.0	0.0	0.0	0.0	0.0	0.0	0.0	0.0	0	0	0.0	0	0.0	0.00466	0.0	0.0	0.0355	0	0	0	0	0
k__Bacteria.p__Actinobacteria.c__Actinobacteria.o__Propionibacteriales.f__Propionibacteriaceae.g__Cutibacterium	0.0	0.0	0.0	0.0	0.0	0.0	0.0	0.00888	0.0	0.0	0.0	0.0	0.0	0.02329	0.0	0.02077	0.0062	0.0	0.15578	0.06669	0.0	0.00572	0.00969	0.0	0.0	0.0074	0.0	0.0	0.0	0.0	0.00078	0.03715	0.0	0.0	0.0	0.0	0.0221	0.0	0.06459	0.0	0.0	0.0	0.01404	0.0	0.0	0.0	0.0	0.10017	0.0	0.0	0.0	0.0	0.00935	0.00133	0.01396	0.0	0.0	0.0	0.0	0.0	0.0	0.0	0.0	0.0	0.0	0.05476	0.0	0.08973	0.0	0.0	0.0	0.02142	0.01086	0.02632	0.01197	0.00617	0.0	0.0	0.0	0.0017	0.0	0.0	0.17558	0.0	0.0124	0.0	0.01691	0.01772	0.0	0.0	0.0	0.0	0.0	0.0
k__Bacteria.p__Actinobacteria.c__Coriobacteriia.o__Coriobacteriales.f__Atopobiaceae.g__Atopobium	0.0	0.0	0.0	0.0	0.98751	0.0	0.0	0.00795	0.0	0.0	0.0	0.0	0.0	0.0	0.0	0.0	0.0	0.0	0.0	0.0	0.0	0.0	0.0	0.0	0.0	0.0	0.0	0.0	0.0	0.0	0.0	0.0	0.0	0.0	0.0	0.0	0.0	0.0	0.0	0.0	0.0	0.0	0.0	0.0	0.0	0.04799	0.0	0.0	0.0	0.0	0.0	0.0	0.0	0.0	0.0	0.0	0.0	0.0	0.0	0.0	0.0	0.0	0.0	0.0	0.0	0.0	0.0	0.0	0.0	0.0	0.0	0.0	0.0	0.0	0.0	0.0	0.0	0.0	0.0	0.0	0.0	0.0	0.0	0.0	0.0	0.01012	0.0	0.003	0.0	0.0	0.0	0.0	0.0	0.0
k__Bacteria.p__Actinobacteria.c__Coriobacteriia.o__Coriobacteriales.f__Atopobiaceae.g__Olsenella	0.0	0.0	0.0	0.0	0.0	0.0	0.0	0.0	0.01832	0.0	0.0	0.0	0.0	0.0	0.0	0.0	0.0	0.0	0.0	0.0	0.0	0.0	0.0	0.0	0.0	0.0	0.0	0.07915	0.0	0.0	0.0	0.0	0.0	0.0	0.0	0.0	0.0	0.0	0.0	0.0	0.0	0.0	0.0	0.05815	0.0	0.0	0.0	0.0	0.0	0.0	0.0	0.0	0.0	0.0	0.0	0.0	0.0	0.0	0.0	0.0	0.0	0.0	0.0	0.0	0.0	0.0	0.0	0.0	0.0	0.0	0.0	0.0	0.0	0.0	0.0	0.0	0.0	0.0	0.0	0.0	0.0	0.0	0.0	0.0	0.00889	0.0	0.0	0.0	0.0	0.0	0.0	0.0	0.0	0.0
k__Bacteria.p__Actinobacteria.c__Coriobacteriia.o__Coriobacteriales.f__Coriobacteriaceae.g__Collinsella	11.97269	0.0	0.0	0.0	19.66893	9.55108	7.59478	15.63825	3.92458	3.57492	6.47971	18.0955	3.16397	23.37483	10.75724	11.90325	2.11265	2.5693	0.0	0.0	6.19823	0.0	0.0	0.0	3.0008	3.05699	0.0	3.53591	0.0	3.33083	5.03558	6.13826	7.08056	14.06748	3.30683	0.0	6.01686	11.5065	7.52089	20.39322	9.99421	24.96754	2.68406	18.68901	0.0	0.0	0.0	4.11347	0.0	0.0	15.5672	24.30505	35.57139	18.48942	29.65963	2.77778	3.27321	29.77544	11.16093	37.04372	49.76807	38.71453	2.11983	7.7885	7.57252	9.3055	10.33111	13.65201	3.91448	0.0	0.0	0.0	0.0	5.04079	0.0	0.0	0.0	0.0	0.0	0.0	0.0	0.0	0.0	0.0	36.18852	5.02731	5.72084	2.36847	6.28756	14.59008	7.63995	7.97807	1.61965	0.0
k__Bacteria.p__Actinobacteria.c__Coriobacteriia.o__Coriobacteriales.f__Coriobacteriaceae.g__Enorma	0.0	0.0	0.0	0.0	0.0	0.0	0.0	0.006	0.0	0.0	0.0	0.01791	0.0	0.01417	0.03505	0.0	0.0	0.0	0.0	0.0	0.0	0.0	0.0	0.0	0.00746	0.0	0.09657	0.01147	0.0	0.0	0.01485	0.0	0.0	0.0	0.15201	0.27746	0.08262	0.01989	0.0	0.01259	0.0029	0.01238	0.0	0.03729	0.0	0.0	0.0	0.0	0.0	0.0	0.0	0.01142	0.01317	0.00994	0.00792	0.0	0.0	0.01218	0.0	0.01235	0.0	0.00577	0.0	0.0	0.0	0.0	0.0	0.00313	0.0	0.0	0.0	0.0	0.0	0.00308	0.0	0.0	0.0	0.0	0.0	0.0	0.0	0.0	0.0	0.0	0.02024	0.0	0.0	0.0	0.0	0.0	0.0	0.0	0.0	0.0
k__Bacteria.p__Actinobacteria.c__Coriobacteriia.o__Eggerthellales.f__Eggerthellaceae.g__Adlercreutzia	0.28835	0.0	0.0	0.0	0.20326	0.10661	0.03683	0.0	0.2382	0.86722	0.81851	0.05192	0.35808	0.0	0.0	0.05835	0.32846	0.22964	0.0	0.0	0.0	0.0	0.0	0.0	0.44656	0.0338	0.43968	0.0	0.0	0.11482	0.21585	0.0	0.06444	0.0	0.25118	0.88794	0.07446	0.19399	0.03487	0.56094	0.0	0.03528	0.02483	0.05603	0.0	0.0	0.0	0.04414	0.0	0.0	0.0	0.0	0.0	0.0	0.0	0.64213	0.48276	0.01508	0.0	0.0	0.0	0.20861	0.252	0.50411	0.02355	0.03737	0.08349	0.13254	0.05306	0.02566	0.07538	0.03765	0.12527	0.09797	0.57601	0.0	0.0	0.0	0.0	0.0	0.49794	0.0	0.0	0.0	0.0	0.45185	0.19537	0.58058	0.10498	0.04709	0.03189	0.12073	0.0	0.62941
k__Bacteria.p__Actinobacteria.c__Coriobacteriia.o__Eggerthellales.f__Eggerthellaceae.g__Asaccharobacter	0.90513	0.0	0.0	0.0	0.46671	0.11145	0.02814	0.0	0.54318	1.22273	1.33623	0.12894	1.47372	0.0	0.0	0.19523	0.87204	0.29173	0.0	0.00643	0.0	0.0	0.0	0.0	0.6653	0.08362	0.55196	0.0	0.0	0.20039	0.16367	0.0	0.21613	0.0	0.45728	0.48136	0.11509	0.26711	0.05169	0.88849	0.0	0.17787	0.03213	0.18561	0.0	0.0	0.0	0.07867	0.0	0.0	0.0	0.0	0.0	0.0	0.0	0.97836	0.29034	0.11873	0.0	0.0	0.0	0.94418	0.78562	2.42555	0.26663	0.13683	0.33122	0.49602	0.17574	0.01328	0.01018	0.00878	0.03557	0.12401	0.16456	0.0	0.0	0.0	0.0	0.0	0.31796	0.0	0.0	0.0	0.0	0.57971	0.46077	0.58563	0.17251	0.10636	0.05246	0.21501	0.0	2.68624
k__Bacteria.p__Actinobacteria.c__Coriobacteriia.o__Eggerthellales.f__Eggerthellaceae.g__Eggerthella	1.75727	13.14022	0.13398	0.16311	0.11906	0.01141	0.0	0.87861	0.0	0.22963	0.05168	0.0	0.23861	3.14011	0.04339	0.0	0.02386	0.0	1.40763	53.06123	1.71974	10.969	5.00485	8.97927	0.04432	0.0	0.3119	0.0	1.01487	0.10039	0.0	1.27613	0.0	0.0	0.09994	0.05806	0.0	0.0	0.0	0.14599	1.29999	0.0043	0.79493	0.0	0.0	0.0	0.0	1.3146	0.0	0.0	1.27875	1.76541	1.57901	0.77885	0.84433	1.06516	0.0208	8.10614	0.8389	1.53111	1.47733	2.34854	0.44238	0.43278	1.52426	2.29858	1.61823	3.01542	0.24383	2.97821	2.25354	1.2229	2.23915	0.13881	3.69537	2.82574	9.54101	5.94131	1.94133	1.82245	0.01886	0.0	0.0	0.0	1.70215	0.25078	0.04675	0.00224	0.21667	3.72316	1.3753	0.06865	0.0	0.0589
k__Bacteria.p__Actinobacteria.c__Coriobacteriia.o__Eggerthellales.f__Eggerthellaceae.g__Enterorhabdus	0.0	0.0	0.0	0.0	0.0	0.0	0.0	0.0	0.0	0.01409	0.00292	0.0	0.01105	0.0	0.0	0.0	0.00733	0.0	0.0	0.03216	0.0	0.00183	0.0	0.0	0.0094	0.0	0.0	0.0	0.0	0.0	0.00641	0.0	0.0	0.0	0.0	0.00559	0.0116	0.0	0.0	0.00684	0.0	0.0	0.0	0.0	0.0	0.0	0.0	0.0	0.0	0.0	0.0	0.0	0.0	0.0	0.0	0.01187	0.00699	0.0	0.0	0.0	0.0	0.00251	0.0	0.00631	0.0	0.0	0.0	0.00247	0.0	0.0	0.0	0.0	0.0	0.00132	0.00829	0.0	0.0	0.0	0.0	0.0	0.00435	0.0	0.0	0.0	0.0	0.00087	0.00063	0.00634	0.0	0.0	0.0	0.0	0.0	0.02085
k__Bacteria.p__Actinobacteria.c__Coriobacteriia.o__Eggerthellales.f__Eggerthellaceae.g__Gordonibacter	0.63529	1.52889	0.03502	0.02362	0.04425	0.62112	0.25953	0.73656	0.32556	0.11043	0.03088	0.47018	0.38421	0.43989	0.30868	0.0	0.14641	0.0	0.0	5.15825	0.71985	1.09453	0.48242	0.89022	0.56718	0.04509	0.14992	0.0	0.09167	0.07047	0.04221	0.26785	0.08102	0.1004	0.1243	1.03358	0.0	0.12574	0.0	0.73889	0.9606	0.0	0.07362	0.07955	0.0	0.0	0.0	0.15847	0.0	0.0	0.10607	0.18761	0.15731	0.07593	0.07781	0.58205	0.03519	1.10382	0.09692	0.21881	0.2124	1.07061	0.20736	0.95362	0.54772	0.47578	0.41446	0.73356	0.08792	0.47105	0.55352	0.29491	0.6261	0.058	1.54426	0.21689	0.89743	0.60496	0.18334	0.18398	0.54602	0.0	0.0	0.0	0.3307	0.1259	0.20308	0.12804	0.16864	0.41419	0.1928	0.03107	0.0	1.1277
k__Bacteria.p__Actinobacteria.c__Coriobacteriia.o__Eggerthellales.f__Eggerthellaceae.g__Slackia	0.0	0.0	0.0	0.0	0.0	0.31454	0.0	0.0	0.28994	0.0	0.0	0.28659	0.00178	0.0	0.0	0.31089	0.0	0.0	7.76317	0.00554	0.0	0.01241	0.0	0.0	0.0	0.0	0.0	0.99182	0.0	0.0	0.9691	0.0	1.50726	1.20461	0.0	0.0	0.8459	1.21349	0.2607	0.0	0.0	0.0	0.0	1.02043	0.06628	0.0	0.0	0.0	0.0	0.0	0.0	0.0	0.0	0.0	0.0	0.0	0.0	0.0	0.0	0.0	0.0	0.0	0.0	0.0	0.0	0.0	0.0	0.0	0.0	0.0	0.0	0.0	0.0	0.0	0.0	0.0	0.0	0.0	0.0	0.0	0.0	0.0	0.0	0.0	0.0	1.91293	0.20395	0.0	0.0	0.0	0.0	0.0	0.21374	0.0
k__Bacteria.p__Bacteroidetes.c__Bacteroidia.o__Bacteroidales.f__Bacteroidaceae.g__Bacteroides	0.01892	0.0	0.0	0.0	0.44379	0.50414	0.97584	0.16309	0.47925	0.85469	0.43124	0.0	0.07141	0.3882	1.3152	0.0	1.06969	27.19094	7.53055	0.0	0.0289	1.09095	0.18545	0.20065	0.33597	2.01268	18.33332	3.81456	11.46309	3.25782	0.40794	0.02337	0.01549	0.03811	0.0	0.0	0.0094	0.54397	0.00193	0.29022	0.04565	0.08886	0.07744	0.0	3.60726	0.23178	1.02797	0.01901	0.17126	0.64026	0.0	0.0	0.0	0.0	0.0757	0.83402	6.80387	0.20153	26.63797	0.19964	0.29363	0.0	0.56312	0.04948	5.59582	0.04009	0.68399	0.2301	30.1414	0.15302	0.25573	0.40293	0.34874	0.00077	0.43808	25.65468	7.15695	0.03854	0.11758	25.00883	0.54447	10.36761	86.98846	52.17973	0.00237	0.49091	4.2831	1.20329	2.07985	0.02811	0.0	12.96234	2.00961	4.95945
k__Bacteria.p__Bacteroidetes.c__Bacteroidia.o__Bacteroidales.f__Barnesiellaceae.g__Barnesiella	0	0.0	0.0	0.0	0.11854	0.0	0.22437	0.0	0.07294	0.30807	0.0	0.0	0.0	0.0	0.19266	0.0	0.07218	0.0	0.0	0	0.0	0.0	0.0	0.0	0.00471	1.1269	0.28079	0.47303	0.0	0.01087	0.00261	0.0	0.0	0.0	0	0	0.0	0.24666	0.0	0.02702	0.0	0.0	0.0	0.0	0.0	0.0	0.0	0.0	0.0	0.0	0	0	0	0	0.0	0.0	0.01623	0.11908	2.3503	0.118	0.04377	0	0.0	0.0	0.67811	0.0	0.03976	0.0457	0.76298	0.0	0.0	0.0	0.0	0.0	0.0	0.0	0.0	0.0	0.0	0.0	0.0	0.0	0.0	0.0	0.0	0.0	0.75785	0.0	0.11406	0.01862	0	0.14926	0.08629	0.39551
k__Bacteria.p__Bacteroidetes.c__Bacteroidia.o__Bacteroidales.f__Barnesiellaceae.g__Coprobacter	0	0.0	0.0	0.0	0.0	0.0	0.0	0.0	0.0	0.0	0.0	0.0	0.0	0.0	0.0	0.0	0.0	0.0	0.0	0	0.0	0.0	0.0	0.0	0.0	0.0	0.0	0.0	0.0	0.0	0.0	0.0	0.0	0.0	0	0	0.0	0.0	0.0	0.0	0.0	0.0	0.0	0.0	0.0	0.0	0.0	0.0	0.0	0.0	0	0	0	0	0.0	0.0	0.0	0.0	0.2297	0.0	0.0	0	0.0	0.0	0.0	0.0	0.0	0.0	0.13276	0.0	0.0	0.0	0.0	0.0	0.0	0.0	0.0	0.0	0.0	0.0	0.0	0.0	0.0	0.0	0.0	0.0	0.0	0.0	0.0	0.0	0	0.02889	0.0	0.0
k__Bacteria.p__Bacteroidetes.c__Bacteroidia.o__Bacteroidales.f__Odoribacteraceae.g__Butyricimonas	0	0.0	0.0	0.0	0.0	0.0	0.0	0.0	0.0	0.0	0.0	0.0	0.0	0.0	0.0	0.0	0.0	0.0	0.0	0	0.0	0.0	0.0	0.0	0.0	0.0	0.0	0.0	0.0	0.0	0.0	0.0	0.0	0.0	0	0	0.0	0.0	0.0	0.0	0.0	0.0	0.0	0.0	0.0	0.0	0.0	0.0	0.0	0.0	0	0	0	0	0.0	0.0	0.0	0.0	0.0	0.0	0.0	0	0.0	0.0	0.0	0.0	0.0	0.0	0.0	0.00337	0.0	0.02229	0.0	0.0	0.0	0.0	0.0	0.0	0.0	0.0	0.0	0.0	0.0	0.0	0.0	0.0	0.0	0.0	0.0	0.0	0	0.0	0.0	0.0
k__Bacteria.p__Bacteroidetes.c__Bacteroidia.o__Bacteroidales.f__Odoribacteraceae.g__Odoribacter	0	0.0	0.0	0.0	0.0	0.0	0.11517	0.0	0.0	0.0	0.0	0.0	0.0	0.07247	0.0	0.0	0.0	0.02661	0.0	0	0.0	0.0	0.0	0.0	0.0	0.0	0.18118	0.0	0.0	0.0	0.0	0.0	0.0	0.0	0	0	0.0	0.0	0.0	0.0	0.0	0.0	0.0	0.0	0.0	0.0	0.0	0.0	0.0	0.0	0	0	0	0	0.0	0.0	0.0	0.0	0.0	0.0	0.0	0	0.0	0.0	1.03576	0.0	0.08979	0.03854	1.16508	0.00075	0.0	0.03104	0.0	0.0	0.0	0.0	0.0	0.0	0.0	0.0	0.0	0.0	0.0	0.0	0.0	0.001	0.02102	0.0	0.0021	0.0	0	0.01978	0.0	0.0
k__Bacteria.p__Bacteroidetes.c__Bacteroidia.o__Bacteroidales.f__Porphyromonadaceae.g__Porphyromonas	0	0.0	0.0	0.0	0.0	0.0	0.0	0.0	0.0	0.0	0.0	0.0	0.0	0.0	0.0	0.0	0.0	0.0	0.0	0	0.0	0.0	0.0	0.0	0.0	0.0	0.0	0.0	0.0	0.0	0.0	0.0	0.0	0.0	0	0	0.0	0.0	0.0	0.0	0.0	0.0	0.0	0.0	0.0	0.0	0.0	0.0	0.0	0.0	0	0	0	0	0.0	0.0	0.0	0.0	0.0	0.0	0.0	0	0.0	0.0	0.27488	0.0	0.0	0.0	0.0	0.0	0.0	0.0	0.0	0.0	0.0	0.0	0.0	0.0	0.0	0.0	0.0	0.0	0.0	0.0	0.0	0.0	0.0	0.0	0.3865	0.0	0	0.0	0.0	0.0
k__Bacteria.p__Bacteroidetes.c__Bacteroidia.o__Bacteroidales.f__Prevotellaceae.g__Paraprevotella	0	0.0	0.0	0.0	0.0	0.0	0.0	0.0	0.0	0.0	0.0	0.0	0.0	0.0	0.0	0.0	0.0	0.0	0.0	0	0.0	0.0	0.0	0.0	0.0	0.0	0.24187	0.39837	0.0	0.0	0.0	0.0	0.0	0.0	0	0	0.0	0.0	0.0	0.0	0.0	0.0	0.0	0.0	0.0	0.0	0.0	0.0	0.0	0.0	0	0	0	0	0.0	0.0	0.0	0.0	0.0	0.0	0.0	0	0.0	0.0	0.0	0.0	0.0	0.0	0.0	0.0	0.0	0.0	0.0	0.0	0.0	0.0	0.0	0.0	0.0	0.0	0.0	0.0	0.0	0.0	0.0	0.0	0.0	0.0	0.0	0.0	0	0.0	0.0	0.0
k__Bacteria.p__Bacteroidetes.c__Bacteroidia.o__Bacteroidales.f__Prevotellaceae.g__Prevotella	0	0.0	0.0	0.0	0.21811	1.25248	0.0	0.0	0.50004	0.0	0.0	0.07182	0.0	0.0	5.763	0.86948	0.0	0.0	35.83297	0	0.0	0.0	0.0	0.0	0.0	0.0	0.0	1.55547	0.0	0.0	0.02741	0.0	0.0	0.0	0	0	0.0	0.24135	0.01077	0.0	0.0	0.0	0.0	0.03009	0.0	0.0	0.0	0.0	0.0	0.0	0	0	0	0	0.0	0.0	0.0	0.0	0.0	0.0	0.0	0	0.0	0.0	0.0	0.0	0.0	0.0	0.0	0.0	0.0	0.0	0.0	0.0	0.0	0.0	0.0	0.0	0.0	0.0	0.0	0.0	0.0	0.0	0.0	0.0	0.0	0.0	0.04009	0.0	0	0.0	0.0	1.62589
k__Bacteria.p__Bacteroidetes.c__Bacteroidia.o__Bacteroidales.f__Rikenellaceae.g__Alistipes	0.0	0.1636	0.01073	0.0	0.15032	0.01287	2.03288	0.0	0.03981	0.76512	0.40415	0.0	0.0	0.00245	1.24832	0.04172	0.43027	4.26055	0.36721	0.0	0.0	0.3066	0.04433	0.0	0.22627	3.26151	3.45329	0.71824	1.95207	0.03507	0.35392	0.0	0.00398	0.0	0.0	0.0	0.0	0.12125	0.01388	0.63069	0.0	0.0	0.05279	0.0	0.0	0.0	0.0	0.0	0.0	0.0	0.0	0.0	0.0	0.0	0.0	0.38224	0.6054	0.0	1.33048	0.0	0.0	0.0	0.0	0.1077	4.53448	0.03317	0.19354	0.12777	1.05598	0.01902	0.00843	0.01031	0.05832	0.0	0.02849	0.0	0.0	0.0	0.0	0.0	0.0	0.0	0.0	0.0	0.0	0.28618	0.76046	0.01278	0.79162	0.03365	0.0	1.2079	0.30025	0.81042
k__Bacteria.p__Bacteroidetes.c__Bacteroidia.o__Bacteroidales.f__Tannerellaceae.g__Parabacteroides	0.0	0.0	0.00976	0.00165	0.07551	0.57603	0.02341	0.0	0.11964	0.0	0.06135	0.0	0.0	0.0	1.37355	0.13311	0.15798	0.0	0.0	0.0	0.0	0.0	0.0	0.0	0.05557	0.43401	1.77907	0.18446	0.0	0.0	0.01241	0.0	0.0	0.0	0.0	0.0	0.0	0.0	0.0	0.02055	0.0	0.0	0.03602	0.0	0.0	0.0	0.0	0.02472	0.0	0.0	0.0	0.0	0.0	0.0	0.03452	0.27994	0.62252	0.0	0.0	0.0	0.0	0.0	0.0	0.0	0.26057	0.0	0.15874	0.04472	1.43819	0.01674	0.03921	0.05713	0.02807	0.0	0.03335	0.0	0.0	0.0	0.0	0.0	0.0	0.0	0.0	0.0	0.0	0.0201	0.72678	0.25507	2.03452	0.0	0.0	0.51104	0.28136	0.55782
k__Bacteria.p__Firmicutes.c__Bacilli.o__Bacillales.f__Bacillales_unclassified.g__Gemella	0.04107	0.0	0.0	0.0	0.0	0.02078	0.0	0.0116	0.03729	0.0	0.0	0.00728	0.01954	0.01504	0.0	0.0	0.0	0.0	0.0	0.00783	0.0	0.0	0.0	0.0	0.0	0.0	0.0	0.0	0.0	0.0	0.00669	0.0	0.0	0.0	0.02689	0.0	0.00871	0.0	0.0	0.0	0.0	0.0	0.0	0.0	0.09708	0.01007	0.0	0.0	0.04923	0.0	0.0	0.0	0.0	0.0	0.02442	0.0239	0.0	0.0	0.0	0.0	0.0	0.0	0.02957	0.0	0.0	0.0	0.0	0.0	0.0	0.83747	0.0	0.0	0.0143	0.0	0.04858	0.00512	0.0	0.0	0.0	0.0	0.0	0.0	0.0	0.0	0.03298	0.0	0.0	0.0	0.05309	0.0	0.0	0.0	0.0	0.01873
k__Bacteria.p__Firmicutes.c__Bacilli.o__Bacillales.f__Staphylococcaceae.g__Staphylococcus	0.0	0.0	0.0	0.0	0.0	0.0	0.0	0.0	0.0	0.0	0.0	0.0	0.0	0.0	0.0	0.0	0.0	0.0	0.0	0.0	0.0	0.0	0.0	0.0	0.0	0.0	0.0	0.0	0.0	0.0	0.0	0.0	0.0	0.0	0.0	0.0	0.0	0.0	0.0	0.0	0.0	0.0	0.0	0.0	0.31959	0.0	0.0	0.0	0.0	0.0	0.0	0.0	0.0	0.0	0.0	0.0	0.0	0.0	0.0	0.0	0.0	0.0	0.0	0.0	0.0	0.0	0.0	0.0	0.0	0.0	0.0	0.0	0.0	0.0	0.0	0.0	0.0	0.0	0.0	0.0	0.0	0.0	0.0	0.0	0.0	0.0	0.0	0.0	0.0	0.0	0.0	0.0	0.0	0.0
k__Bacteria.p__Firmicutes.c__Bacilli.o__Lactobacillales.f__Carnobacteriaceae.g__Granulicatella	0.0	0.0	0.0	0.0	0.0	0.0	0.0	0.0	0.0	0.0	0.0	0.0	0.0	0.0	0.0	0.0	0.0	0.0	0.0	0.0	0.0	0.0	0.0	0.0	0.0	0.0	0.0	0.0	0.0	0.0	0.0	0.0	0.0	0.0	0.0	0.0	0.0	0.0	0.0	0.0	0.0	0.0	0.0	0.0	0.05844	0.0	0.0	0.0	0.0	0.0	0.0	0.0	0.0	0.0	0.0	0.0	0.0	0.0	0.0	0.0	0.0	0.0	0.0	0.0	0.0	0.0	0.0	0.0	0.0	0.0	0.0	0.0	0.0	0.0	0.0	0.0	0.0	0.0	0.0	0.0	0.0	0.0	0.0	0.0	0.0	0.0	0.0	0.0	0.0	0.0	0.0	0.0	0.0	0.0
k__Bacteria.p__Firmicutes.c__Bacilli.o__Lactobacillales.f__Enterococcaceae.g__Enterococcus	0.0	0.0	82.78296	98.73723	0.0	0.0	0.0	0.0	0.0	0.0	0.0	0.0	0.0	0.0	0.0	0.0	0.0	0.0	0.0	0.0	0.0	0.0	0.0	0.0	0.0	0.0	0.0	0.0	0.0	0.0	0.0	0.0	0.0	0.12502	0.0	0.0	0.0	0.0	0.0	0.0	0.0	0.0	0.0	0.0	6.96404	4.70649	2.11211	0.0	18.57859	2.40282	0.0	0.0	0.15806	0.09519	4.65488	0.0	0.0	0.0	0.0	0.0	0.0	0.0	0.0	0.0	0.0	0.0	0.0	0.0	0.0	0.0	0.0	0.0	0.0	0.0	0.0	0.07361	0.0	0.06088	30.4755	0.0	0.0	61.42397	6.00634	27.91602	0.0122	0.0	0.0	0.0	0.0	0.0	0.0	0.0	0.0	0.0
k__Bacteria.p__Firmicutes.c__Bacilli.o__Lactobacillales.f__Lactobacillaceae.g__Lactobacillus	0.0	0.0	0.0	0.0	0.0	0.0	0.0	0.0	0.0	0.0	0.0	0.0	0.0	0.0	0.0	8.75504	0.05398	0.0	0.0	0.0	0.0	0.0	0.0	0.0	0.13902	0.02932	0.42133	0.0	0.0	0.0	0.11844	0.0	0.0	0.0	0.0	0.0	0.0	0.02472	0.01846	0.02191	0.0	0.0	0.0	0.0	0.0	0.0	0.0	0.0	0.0	0.0	0.09271	0.0	0.0	0.0	0.01294	0.0	0.02625	0.0	0.0	0.0	0.0	0.0	0.0	0.0	0.0	0.0	0.0	0.0	0.0	0.0	0.0	0.0	0.0	0.00303	0.0	0.04493	0.0	0.0	0.0	0.0	0.0	0.0	0.0	0.0	0.02673	1.91882	0.0	1.61558	2.08265	0.0	0.0	0.0	0.0	0.0
k__Bacteria.p__Firmicutes.c__Bacilli.o__Lactobacillales.f__Lactobacillaceae.g__Pediococcus	0.0	0.0	0.0	0.0	0.0	0.0	0.0	0.0	0.0	0.0	0.0	0.0	0.0	0.0	0.0	0.0	0.0	0.0	0.0	0.0	0.0	0.0	0.0	0.0	0.0	0.0	0.0	0.0	0.0	0.0	0.0	0.0	0.0	0.0	0.0	0.0	0.0	0.0	0.0	0.0	0.0	0.0	0.0	0.0	0.0	0.0	0.0	0.0	0.0	0.0	0.87509	0.0	0.0	0.0	0.0	0.0	0.0	0.0	0.0	0.0	0.0	0.0	0.0	0.0	0.0	0.0	0.0	0.0	0.0	0.0	0.0	0.0	0.0	0.0	0.0	0.0	0.0	0.0	0.0	0.0	0.0	0.0	0.0	0.0	0.0	0.0	0.0	0.0	0.0	0.0	0.0	0.0	0.0	0.0
k__Bacteria.p__Firmicutes.c__Bacilli.o__Lactobacillales.f__Leuconostocaceae.g__Leuconostoc	0.0	0.0	0.0	0.02987	0.0	0.0	0.0	0.0	0.0	0.0	0.0	0.0	0.0	0.0	0.0	0.0	0.0	0.0	0.0	0.0	0.0	0.0	0.0	0.0	0.0	0.0	0.0	0.0	0.0	0.0	0.0	0.0	0.08903	0.0	0.0	0.0	0.0	0.0	0.0	0.0	0.0	0.0	0.0	0.0	0.0	0.0	0.0	0.0	0.0	0.0	0.0	0.0	0.0	0.12315	0.0	0.01165	0.0	0.0	0.0	0.11074	0.1422	0.0	0.0	0.0	0.0	0.0	0.0	0.0	0.0	0.0	0.0	0.0	0.0	0.0	0.0	0.0	0.0	0.0	0.0	0.0	0.0	0.0	0.0	0.0	0.0	0.0	0.0	0.0	0.00949	0.0	0.0	0.0	0.0	0.0
k__Bacteria.p__Firmicutes.c__Bacilli.o__Lactobacillales.f__Streptococcaceae.g__Lactococcus	0.0	0.0	0.0	0.0	0.0	0.0	0.0	0.0	0.0	0.0	0.85313	0.0	0.0	0.0	0.0	0.0	0.0	0.0	0.0	0.0	0.0	0.0	0.24652	0.0	0.0	0.0	0.0	0.0	0.0	0.0	0.0	0.0	0.0	0.0	1.0561	0.0	0.0	0.05599	0.0	0.0	0.0	0.0	0.0	0.0	0.0	0.0	0.0	0.0	0.0953	0.0	0.77468	0.0	0.0	0.27014	0.0	0.0	0.14201	0.0	0.0	0.0	0.0	0.0	0.0	0.0	0.0	1.83602	0.01427	0.13219	0.0	0.0	0.0	0.0	0.0	0.0	0.0	0.0	0.0	0.0	0.0	0.0	0.0	19.31539	3.64529	13.27835	0.0	0.0	0.0	0.0	0.0	0.0	0.0	0.0	0.0	0.0
k__Bacteria.p__Firmicutes.c__Bacilli.o__Lactobacillales.f__Streptococcaceae.g__Streptococcus	0.90022	0.0086	0.01455	0.0	2.11666	1.89882	0.0	0.65155	0.51791	1.35036	1.03451	0.29853	2.72415	0.07992	0.00821	0.2017	1.53117	0.78348	0.0	0.35771	0.06007	0.18476	0.17327	0.24124	1.81952	0.03677	0.64387	0.27993	0.0	0.15366	0.18611	0.72769	0.19707	4.04727	1.58506	0.03932	1.00346	0.0306	0.5162	0.15474	0.33174	0.3599	0.02336	0.92209	0.06077	0.01975	1.74176	0.05805	0.08906	2.25706	0.06154	0.10966	0.08414	0.14969	0.10836	0.52011	1.00904	0.0	0.0	0.0	0.0	0.93913	0.92556	0.16786	0.74841	0.03339	0.0	0.0	0.08744	0.00644	0.01033	0.21268	0.29096	0.97993	0.82333	0.22175	0.0	0.0	0.0	2.59572	0.5276	0.63009	0.0	0.0	3.01104	12.86574	0.40237	8.51724	17.97879	0.19707	0.05939	0.63572	1.28633	0.30839
k__Bacteria.p__Firmicutes.c__Clostridia.o__Clostridiales.f__Catabacteriaceae.g__Catabacter	0.0	0.0	0.0	0.0	0.01	0.0	0.0	0.0	0.0	0.0	0.0	0.0	0.0	0.24913	0.0	0.0	0.0	0.0	0.0	0.0	0.23359	0.0	0.0	0.0	0.00905	0.0	0.0	0.0	0.0	0.0	0.0	0.07751	0.0	0.0	0.0	0.0	0.0	0.0	0.0	0.0	0.07935	0.0	0.0	0.0	0.0	0.0	0.0	0.0	0.0	0.0	0.0	0.0	0.0	0.0	0.0	0.0	0.0	0.0	0.0	0.0	0.0	0.0	0.0	0.0	0.0	0.01865	0.0	0.0	0.0	0.0	0.0	0.0	0.0	0.0	0.0	0.0	0.0	0.0	0.0	0.0	0.0	0.0	0	0.0	0.0	0.0	0.0	0.0	0.0	0.06319	0.00751	0.0	0.0	0.0
k__Bacteria.p__Firmicutes.c__Clostridia.o__Clostridiales.f__Christensenellaceae.g__Christensenella	0.0	0.0	0.0	0.0	0.0	0.0	0.0	0.0	0.0	0.0	0.0	0.05793	0.0	0.0	0.13013	0.0	0.0	0.0	0.0	0.0	0.0	0.0	0.0	0.0	0.00655	0.0	0.0	0.0	0.0	0.0	0.0	0.0	0.0	0.0	0.0	0.0	0.0	0.0	0.0	0.00429	0.0	0.0	0.0	0.0	0.0	0.0	0.0	0.0	0.0	0.0	0.0	0.0	0.0	0.0	0.0	0.0	0.0	0.0	0.11174	0.07561	0.07617	0.16506	0.0	0.00401	0.06136	0.32911	0.17572	0.18057	0.0	0.0	0.0	0.0	0.0	0.0	0.0	0.0	0.0	0.0	0.0	0.0	0.0	0.0	0	0.0	0.0	0.0	0.02299	0.0	0.0	0.0	0.0	0.0	0.0	0.30203
k__Bacteria.p__Firmicutes.c__Clostridia.o__Clostridiales.f__Clostridiaceae.g__Clostridium	0.33577	0.31048	0.0	0.0	0.0	0.0	0.0	1.46654	0.06114	0.30976	0.0	0.0	0.00805	0.07847	0.21308	0.00968	0.03935	0.01704	0.31419	0.0	0.0	0.13916	0.03302	0.0	0.0	0.59126	0.07655	0.0	2.28244	0.04205	0.19853	0.03435	1.28143	0.98685	0.08762	0.0	0.0384	0.05708	0.0973	6.69226	0.64642	0.0	0.0	0.0	0.81071	1.04162	0.15457	0.0	0.34423	0.14555	2.26935	0.34848	0.0123	0.06307	0.08725	0.0621	0.08872	0.0	1.03435	0.23024	0.0	1.1731	0.10155	0.10133	1.25642	0.0	0.0	0.00578	2.02029	0.0	0.0	0.0	0.0	0.03663	0.0	0.0	0.0	0.0	0.03216	0.03989	0.0	0.0	0	0.0	0.0	0.0	0.02985	0.21123	0.0	0.0	0.0	0.0	0.0	0.12051
k__Bacteria.p__Firmicutes.c__Clostridia.o__Clostridiales.f__Clostridiaceae.g__Hungatella	0.0	0.0	0.00359	0.0	0.0	0.0	0.0	0.0	0.0	0.0	0.0	0.0	0.0	0.0	0.0	0.0	0.0	0.0	0.0	0.00906	0.0	0.02531	0.0	0.0	0.0	0.0	0.0	0.0	0.03565	0.0	0.0	0.0	0.0	0.0	0.0	0.0	0.0	0.0	0.0	0.0	0.0	0.0	0.0	0.0	8.75472	0.27607	0.0	0.0	0.0	0.0	1.53488	0.0	0.0	0.17522	0.0	0.0	0.23549	0.0	0.00809	0.0	0.0	0.0	0.0	0.0	0.0	0.0	0.0	0.0	0.0	0.0	0.0	0.0	0.0	0.0	0.0	1.18485	0.01922	0.0	0.0	0.30631	0.0	0.0	0	0.0	0.0	0.0	0.0	0.0	0.0026	0.0	0.0	0.0	0.0	0.0
k__Bacteria.p__Firmicutes.c__Clostridia.o__Clostridiales.f__Clostridiaceae.g__Lactonifactor	0.0	0.0	0.0	0.0	0.0	0.0	0.0	0.01148	0.0	0.0	0.0	0.0	0.01615	0.04727	0.0	0.0	0.0	0.0	0.0	0.0	0.02272	0.0	0.0	0.0	0.0	0.0	0.0	0.0	0.07218	0.0	0.0	0.02637	0.0	0.0	0.0	0.0	0.0	0.0	0.0	0.0	0.00458	0.0	0.00423	0.0	0.0	0.0	0.0	0.0	0.0	0.0	0.0	0.0	0.0	0.0	0.0	0.01559	0.0	0.0	0.0	0.0	0.0	0.0	0.0	0.0	0.0	0.0	0.0	0.0	0.0	0.00429	0.01208	0.00557	0.0	0.0	0.01154	0.0	0.0	0.0	0.0	0.0	0.0	0.0	0	0.0	0.06486	0.00599	0.0	0.0	0.0	0.0	0.0	0.0	0.0	0.0
k__Bacteria.p__Firmicutes.c__Clostridia.o__Clostridiales.f__Clostridiales_Family_XIII_Incertae_Sedis.g__Clostridiales_Family_XIII_Incertae_Sedis_unclassified	0.0	0.0	0.0	0.0	0.0	0.05509	0.0	0.00326	0.0	0.0	0.0	0.0	0.0	0.0	0.0	0.0	0.0	0.0	0.0	0.0	0.0	0.0	0.0	0.0	0.0	0.0	0.0	0.0	0.0	0.0	0.0	0.0	0.0	0.0	0.0	0.0	0.0014	0.0	0.0	0.0	0.0	0.0	0.0	0.0	0.0	0.0	0.0	0.0	0.0	0.0	0.0	0.0	0.0	0.0	0.0	0.0	0.0	0.05361	0.0	0.0	0.0	0.0	0.0	0.0	0.0	0.0	0.0	0.01335	0.0	0.0	0.0	0.0	0.0	0.0	0.0	0.0	0.0	0.0	0.0	0.0	0.0	0.0	0	0.0	0.0	0.0026	0.0	0.0	0.0	0.0	0.0	0.0	0.0	0.0
k__Bacteria.p__Firmicutes.c__Clostridia.o__Clostridiales.f__Clostridiales_Family_XIII_Incertae_Sedis.g__Mogibacterium	0.0	0.0	0.0	0.0	0.0	0.0	0.0	0.00672	0.0	0.0	0.0	0.00153	0.0	0.0	0.0	0.0	0.0	0.0	0.0	0.0	0.0	0.0	0.0	0.0	0.0	0.0	0.0	0.0	0.0	0.0	0.00373	0.0	0.0	0.0	0.0	0.0	0.01836	0.0	0.0	0.02901	0.0	0.0	0.0	0.03301	0.0	0.0	0.0	0.0	0.0	0.0	0.0	0.01132	0.0	0.0	0.0	0.0	0.0	0.0	0.0	0.0	0.0	0.0	0.0	0.0	0.0	0.0	0.0	0.02016	0.0	0.0	0.0	0.0	0.0	0.0	0.00189	0.0	0.0	0.0	0.0	0.00192	0.0	0.0	0	0.0	0.0014	0.01806	0.0	0.0	0.08699	0.0	0.0	0.0	0.0	0.0
k__Bacteria.p__Firmicutes.c__Clostridia.o__Clostridiales.f__Clostridiales_unclassified.g__Clostridiales_unclassified	0.0	0.0	0.0	0.0	0.0	0.0	0.0	0.0	0.0	0.0	0.0	0.0	0.0	0.0	0.0	0.0	0.0	0.0	0.0	0.0	0.0	0.0	0.0	0.0	0.0	0.0	0.0	0.0	0.0	0.0	0.0	0.0	0.0	0.0	0.0	0.0	0.0	0.0	0.33649	0.0	0.0	0.0	0.0	0.0	0.0	0.0	0.0	0.0	0.0	0.0	0.0	0.0	0.0	0.0	0.0	0.0	0.0	0.0	0.0	0.0	0.0	0.0	0.0	0.0	0.0	0.0	0.0	0.0	0.0	0.0	0.0	0.0	0.0	0.0	0.0	0.0	0.0	0.0	0.0	0.0	0.0	0.0	0	0.0	0.0	0.0	0.0	0.0	0.0	0.0	0.0	0.0	0.0	0.0
k__Bacteria.p__Firmicutes.c__Clostridia.o__Clostridiales.f__Clostridiales_unclassified.g__Intestinimonas	0.0	0.0	0.00497	0.0	0.0	0.0	0.0	0.0	0.0	0.0	0.0	0.0	0.0	0.0	0.0	0.0	0.0	0.0	0.0	0.0	0.0	0.0	0.0	0.0	0.0	0.0	0.0	0.0	0.0	0.0	0.0	0.0	0.0	0.0	0.0	0.0	0.0	0.0	0.0	0.0	0.0	0.0	0.0	0.0	0.0	0.0	0.0	0.0	0.0	0.0	0.0	0.0	0.0	0.0	0.0	0.0	0.0	0.0	0.0	0.0	0.0	0.0	0.0	0.0	0.0	0.0	0.0	0.0	0.0	0.0	0.0	0.01124	0.0	0.0	0.0	0.0	0.0	0.0	0.0	0.0	0.0	0.0	0	0.0	0.0	0.0	0.0	0.0	0.05202	0.0	0.0	0.0	0.17988	0.0
k__Bacteria.p__Firmicutes.c__Clostridia.o__Clostridiales.f__Clostridiales_unclassified.g__Lawsonibacter	0.0	0.0	0.0	0.0	0.0	0.0	0.0	0.0	0.0	0.0	0.0	0.0	0.0	0.0	0.0	0.0	0.0	0.02774	0.0	0.0	0.0	0.03499	0.0	0.0	0.0	0.06185	0.12602	0.04878	0.0229	0.0	0.0	0.0	0.0	0.0	0.0	0.0	0.0	0.0	0.0	0.01096	0.0	0.0	0.0	0.0	0.0	0.0	0.0	0.0	0.0	0.0	0.0	0.0	0.0	0.0	0.0	0.0	0.0	0.0	1.1707	0.0	0.0	0.0	0.0	0.0	0.0	0.0	0.0	0.0	0.0	0.0	0.0	0.0	0.0	0.0	0.0	0.0	0.0	0.0	0.0	0.0	0.0	0.0	0	0.0	0.0	0.0	0.0	0.0	0.00691	0.0	0.0	0.0	0.0	0.0
k__Bacteria.p__Firmicutes.c__Clostridia.o__Clostridiales.f__Clostridiales_unclassified.g__Monoglobus	0.0	0.0	0.0	0.0	0.0	0.0	0.0933	0.0	0.0	0.0	0.74733	0.0	0.0	0.0	0.0	0.0	0.0	0.1251	0.0	0.0	0.0	0.0	0.0	0.0	0.21218	2.63103	0.0	0.0	0.19571	0.0	1.083	0.0	0.0	0.0	0.0	0.16742	0.0	0.0	0.0	0.0	0.0	0.0	0.0	0.46855	0.0	0.0	0.0	0.0	0.0	0.0	0.0	0.0	0.0	0.0	0.0	0.0	0.0	0.0	0.0	0.0	0.0	0.0	0.0	0.0	0.0	0.0	0.0	0.0	0.0	0.0	0.0	0.0	0.67841	0.08955	1.3404	0.0	0.0	0.0	0.0	0.0	0.59808	0.0	0	0.0	0.0	0.10963	1.00321	0.0	0.0	0.0	0.0	0.0	0.0	0.0
k__Bacteria.p__Firmicutes.c__Clostridia.o__Clostridiales.f__Eubacteriaceae.g__Anaerofustis	0.0	0.76898	0.18022	0.0	0.0	0.0	0.0	0.0046	0.0	0.0	0.0	0.0	0.0	0.02066	0.0	0.0	0.0	0.0	0.0	0.0	0.0	0.0	0.0	0.0	0.0	0.0	0.0	0.0	0.0	0.0	0.0	0.0	0.0	0.0	0.0	0.0	0.0	0.0	0.0	0.0	0.0	0.0	0.0	0.0	0.0	0.0	0.0	0.0	0.0	0.0	0.0	0.0	0.0	0.0	0.0	0.0	0.0	0.0	0.0	0.0	0.0	0.0	0.0	0.0	0.0	0.0	0.0	0.0	0.0	0.0	0.0	0.0	0.0	0.0	0.0	0.0	0.0	0.0	0.0	0.0	0.0	0.0	0	0.0	0.00163	0.0	0.0	0.0	0.0	0.0	0.0	0.0	0.0	0.0
k__Bacteria.p__Firmicutes.c__Clostridia.o__Clostridiales.f__Eubacteriaceae.g__Eubacterium	0.9164	3.69872	0.0	0.0	3.59371	1.39052	1.11789	4.62287	30.94347	5.4699	6.0801	4.58216	6.37022	5.22189	1.49194	15.53647	3.49616	1.65951	0.0	0.39993	1.67923	2.03082	1.87851	11.53803	3.70403	4.35306	7.09356	8.33732	5.04742	2.85004	1.78595	2.19738	10.49618	3.13806	11.24177	6.6525	12.71392	4.07614	5.17066	5.06681	10.94153	11.8513	0.0	4.94433	0.0	0.0	0.50793	0.21961	0.0	0.7157	4.81156	0.61621	0.63843	1.35549	0.44323	5.22341	2.09784	0.61452	0.0	0.0	0.0	0.0	4.50049	4.34708	30.34871	24.74356	39.47825	32.0769	18.5819	4.90402	2.04927	1.58054	0.38723	3.16412	1.04423	0.34805	2.59009	0.70466	0.0	2.06966	3.1534	0.0	0	0.0	2.38293	7.40051	2.70517	2.39652	0.73302	2.89616	1.54113	1.99598	0.31171	6.46242
k__Bacteria.p__Firmicutes.c__Clostridia.o__Clostridiales.f__Lachnospiraceae.g__Anaerostipes	3.77346	2.84972	0.0	0.0	0.27333	1.14628	0.37164	2.97651	1.42766	8.25453	5.11824	0.93243	8.03804	4.96031	0.25567	0.29083	2.97065	0.25633	0.0	3.40016	0.0	0.76768	3.70429	10.24726	5.95209	4.20094	5.1749	2.27514	7.93569	2.17235	2.89167	0.0	2.02726	5.60618	3.52055	1.97117	0.99243	5.14641	1.82476	1.83038	10.1252	1.65437	12.59363	1.05269	0.01785	0.96414	0.0	1.35104	0.0	0.0	0.85047	0.12222	0.0	0.0	3.49445	5.57518	0.22328	0.03085	0.15065	0.0	0.0	0.0	8.9474	4.32372	0.68192	0.83338	0.55989	1.31058	1.72633	2.26397	19.58401	3.71625	0.4296	0.54077	3.27564	0.95452	1.12056	5.99797	30.03219	4.2244	3.7911	0.0	0	0.0	2.05978	1.63552	1.88778	1.48517	0.49635	2.51916	12.92336	1.56478	1.72616	2.35985
k__Bacteria.p__Firmicutes.c__Clostridia.o__Clostridiales.f__Lachnospiraceae.g__Anaerotignum	0.0	0.0	0.0	0.0	0.0	0.0	0.0	0.0	0.0	0.0	0.0	0.0	0.0	0.0	0.0	0.0	0.0	0.0	0.0	0.0	0.0	0.0	0.0	0.0	0.0	0.0	0.0	0.0	0.0	0.0	0.0	0.0	0.0	0.0	0.0	0.0	0.0	0.0	0.0	0.0	0.0	0.0	0.0	0.0	0.0	0.0	0.0	0.0	0.0	0.0	0.0	0.0	0.0	0.0	0.0	0.0	0.0	0.0	0.0	0.0	0.0	0.0	0.0	0.0	0.0	0.0	0.0	0.0	0.0	0.0	0.0	0.0	0.0	0.0	0.0	0.0	0.0	0.0	0.0	0.0	0.0	0.0	0	0.0	0.0	0.0	0.0	0.0	0.0	0.0	0.0	0.0	0.0	0.02523
k__Bacteria.p__Firmicutes.c__Clostridia.o__Clostridiales.f__Lachnospiraceae.g__Blautia	14.1606	43.73923	6.5725	0.48193	2.65953	10.42744	1.30479	12.06981	8.07115	21.71279	6.00577	5.37958	2.85761	17.80373	5.24766	4.7158	5.78741	0.5244	4.16872	3.89685	40.86471	24.5614	46.64584	23.447	3.3683	3.6327	5.21837	8.67907	20.70513	0.62738	2.68271	48.81464	11.90245	7.67497	8.14121	9.00247	8.39387	6.29279	2.48785	6.53826	2.26754	2.80853	69.33757	16.90016	33.15704	61.18488	32.93944	86.58305	58.55267	34.71661	1.13126	25.89661	21.92396	32.28941	14.38761	42.45943	4.75652	20.55004	16.06569	41.11774	28.03143	20.86513	41.40715	7.59691	16.12156	32.1104	23.87705	18.81627	3.83669	32.42486	30.17394	49.40829	41.95593	1.63757	5.60335	3.23233	26.49211	23.87658	9.19443	4.23711	4.61142	0.36267	0	0.10053	12.15482	7.80428	1.16755	8.16127	3.36692	33.53638	44.10586	4.7708	2.10212	3.63368
k__Bacteria.p__Firmicutes.c__Clostridia.o__Clostridiales.f__Lachnospiraceae.g__Butyrivibrio	0.0	0.0	0.0	0.0	0.0	0.0	0.0	0.0	0.0	0.0	0.0	0.0	0.0	0.0	0.0	0.0	0.0	1.66716	0.0	0.0	0.0	0.0	0.0	0.0	0.0	5.26043	0.0	0.0	0.0	0.0	0.0	0.0	1.00463	0.0	0.0	0.0	0.0	0.14604	0.3126	0.0	0.0	0.0	0.0	0.0	0.0	0.0	0.0	0.0	0.0	0.0	0.0	0.0	0.0	0.0	0.0	0.0	0.0	0.0	0.0	0.0	0.0	0.0	0.0	0.0	0.0	0.0	0.0	0.0	0.0	0.0	0.0	0.0	0.0	0.0	0.0	0.0	0.0	0.0	0.0	0.0	0.0	0.0	0	0.0	0.0	0.0	0.0	0.00493	0.0	0.0	0.0	0.0	0.35234	0.0
k__Bacteria.p__Firmicutes.c__Clostridia.o__Clostridiales.f__Lachnospiraceae.g__Coprococcus	0.0	1.26383	1.60055	0.0	1.74642	11.49126	0.79199	0.0	6.54221	2.42764	3.23772	5.18577	2.34171	0.0	0.88554	3.14617	2.77765	10.37974	0.0	2.33274	0.0	0.78966	0.9351	3.28409	2.20078	2.56586	3.60173	4.29478	0.0	0.51104	5.41517	0.0	10.53643	18.85336	3.21717	1.6567	5.44067	10.19204	6.41771	2.32266	0.0	6.16588	0.0	16.59847	0.0	0.0	0.0	0.0	0.0	0.0	0.26534	0.0	0.0	0.02895	0.72684	0.0	0.22688	2.87767	0.0	0.85684	1.32021	9.34911	0.0	2.88171	1.07988	0.00609	0.0	0.00735	1.24634	0.0	0.0	0.0	0.0	2.61896	0.0	1.41798	3.47257	11.58824	0.43166	4.22473	2.35951	0.0	0	0.0	1.5941	6.991	2.92001	3.60787	4.66392	0.31469	0.93261	2.01193	0.0	10.77026
k__Bacteria.p__Firmicutes.c__Clostridia.o__Clostridiales.f__Lachnospiraceae.g__Dorea	3.97489	9.05795	1.20397	0.0	6.37046	11.80358	4.38948	3.24656	6.41098	9.65982	10.81784	10.38259	5.9396	2.25528	4.82772	4.51363	3.25643	2.43406	0.27702	13.43757	0.0	39.50668	20.43332	30.12022	6.6168	1.66954	5.72264	14.67001	4.65924	6.30158	3.10629	0.78215	6.83423	15.85736	13.0065	8.09202	6.26533	6.25491	4.64607	7.04041	2.16682	8.89705	0.0	7.04745	0.0	0.0	0.0	0.0	0.0	0.0	0.0	0.0	0.0	0.0	1.02824	0.0	2.14487	34.80518	0.0	0.0	0.0	0.0	6.26819	5.0531	12.48248	25.18335	19.40459	21.93321	13.16347	3.10855	1.72927	4.85336	0.45644	3.14682	1.92327	8.17199	16.49335	21.78199	19.94213	8.02477	2.32215	0.0	0	0.0	7.90664	5.17507	2.02496	6.47793	5.06883	24.42981	19.24458	6.74912	1.02865	20.71625
k__Bacteria.p__Firmicutes.c__Clostridia.o__Clostridiales.f__Lachnospiraceae.g__Eisenbergiella	0.0	0.27141	0.0	0.03387	0.0	0.0	0.0	0.11593	0.0	0.0	0.0	0.0	0.0	0.2233	0.21344	0.0	0.0	0.0	0.0	0.0	0.89959	0.0	0.0	0.0	0.0	0.0	0.0	0.0	0.00165	0.0	0.0	0.38493	0.0	0.0	0.0	0.0	0.0	0.0	0.0	0.0	0.10594	0.0	1.66039	0.0	0.0	0.0	0.0	0.16274	0.0	0.0	1.53446	2.53829	1.38656	0.65087	0.07755	0.20638	0.62655	0.0	4.48388	4.07912	2.01092	4.47291	0.10072	0.0	0.0	0.0342	0.0447	0.0	0.15798	0.58626	1.81369	1.65786	1.63652	0.0	2.86738	0.83494	1.7941	0.00901	0.78271	0.84534	0.00887	0.0	0	0.0	0.0	0.0	0.0	0.0	1.74217	0.0	0.21953	0.0	0.0	0.0
k__Bacteria.p__Firmicutes.c__Clostridia.o__Clostridiales.f__Lachnospiraceae.g__Faecalicatena	0.0	0.0	0.0	0.0	0.0	0.0	0.0	0.0	0.0	0.0	0.0	0.0	0.0	0.0	0.0	0.0	0.0	0.0	0.0	0.0	0.0	0.0	0.0	0.0	0.0	0.0	0.0	0.0	0.0	0.0	0.0	0.0	0.0	0.0	0.0	0.0	0.0	0.0	0.0	0.0	0.0	0.0	0.0	0.0	0.0	0.0	0.0	0.0	0.0	0.0	0.0	0.0	0.0	0.0	0.0	0.0	0.0	0.0	3.13345	2.30094	3.51447	0.0	0.0	0.0	0.0	0.0	0.0	0.0	0.0	0.0	0.0	0.0	0.0	0.0	0.0	0.0	0.0	0.0	0.0	0.0	0.0	0.0	0	0.0	0.0	0.0	0.0	0.0	0.0	0.0	0.0	0.0	0.0	0.0
k__Bacteria.p__Firmicutes.c__Clostridia.o__Clostridiales.f__Lachnospiraceae.g__Fusicatenibacter	23.37205	0.0	0.0	0.0	0.75447	1.77232	0.11525	0.22971	0.5613	3.4032	2.62608	1.47722	1.2711	0.27856	0.41677	0.34511	2.3524	0.96658	0.0	0.7766	0.04315	1.46811	1.08313	3.38302	0.86637	0.85222	5.53765	1.36732	4.2911	2.22145	1.15223	1.25807	10.59278	3.01003	1.37899	9.35421	8.35055	0.90424	1.08793	1.43902	2.47761	0.46287	0.95056	0.47601	0.0	0.0	5.3986	0.79006	0.0	5.53346	0.41902	0.05157	0.13005	2.05583	1.49298	4.29944	0.04547	0.0	0.0	0.0	0.0	1.89404	13.48593	1.03975	0.08882	0.3074	0.28522	0.25077	1.38531	0.0	0.0	0.0	0.0	3.03296	0.0	0.06201	2.62507	1.15487	0.37642	4.28155	0.3133	0.0	0	0.0	2.29773	1.54105	0.81184	1.47616	3.95554	3.03013	6.89231	7.69445	0.0	1.10038
k__Bacteria.p__Firmicutes.c__Clostridia.o__Clostridiales.f__Lachnospiraceae.g__Lachnoclostridium	0.0	0.15421	5.92925	0.06233	0.0	0.0	0.0	0.01361	0.0	0.0	0.0	0.0	0.0	0.09864	0.00342	0.0	0.0	0.0	0.05126	0.36279	0.11937	0.36635	0.10236	0.0	0.0	0.0	0.04132	0.0	1.23622	0.0	0.0	0.07314	0.0	0.0	0.0	0.0	0.0	0.0	0.0	0.0	0.01644	0.0	0.00484	0.0	20.84464	2.265	0.53932	0.0	0.0	0.42621	2.23711	0.05012	0.23903	3.41349	0.0	0.06836	0.0	0.0	12.62154	6.00988	4.74327	0.12859	0.0	0.0	0.03293	0.06438	0.08337	0.26038	0.02576	1.08426	0.75697	0.33243	0.39797	0.0	0.69733	1.2465	4.59329	0.0	0.0	1.46312	0.00939	0.0	0	0.0	0.0528	0.0	0.01855	0.0	0.07577	0.0	0.0	0.0	0.04462	0.28519
k__Bacteria.p__Firmicutes.c__Clostridia.o__Clostridiales.f__Lachnospiraceae.g__Lachnospira	0.0	0.0	0.0	0.0	0.0	0.10784	0.0	0.0	0.01439	0.0	0.10888	0.0	0.0	0.0	0.0	0.0	0.27378	0.66585	0.0	0.0	0.0	0.0	0.0	0.0	0.0	0.0	2.10354	0.0	0.0	0.78137	0.0	0.0	0.0	0.0	0.0	0.0	0.03732	0.94599	0.0	0.00703	0.0	0.0	0.0	0.0	0.0	0.0	0.0	0.0	0.0	0.0	0.0	0.0	0.0	0.0	0.0	0.0	0.0	0.0	0.0	0.0	0.0	0.0	0.0	0.0	0.0	0.0	0.0	0.0	0.01666	0.0	0.0	0.0	0.0	0.0	0.0	0.0	0.0	0.0	0.0	0.0	0.0	0.0	0	0.0	0.0	0.01632	0.02718	0.08217	0.17302	0.0	0.0	0.0	0.0	0.0
k__Bacteria.p__Firmicutes.c__Clostridia.o__Clostridiales.f__Lachnospiraceae.g__Lachnospiraceae_unclassified	0.19733	0.0	0.0	0.0	0.393	1.90557	2.6711	3.24903	8.05249	0.0	0.14905	0.89293	3.70116	0.0	17.80959	1.58223	6.10136	0.23896	0.0	0.0	0.0	0.0	0.0	0.0	2.31031	9.3705	16.07313	4.55021	12.03673	38.76242	0.20549	0.14141	0.15433	0.02526	11.77987	13.19566	1.22534	0.53485	3.66832	0.15122	7.13291	2.1982	0.00712	4.50359	0.0	0.0	0.0	0.0	0.0	0.0	0.0	0.0	0.0	0.0	1.78347	6.45171	0.01317	0.0	0.0	0.0	0.0	0.0	0.93005	14.87342	0.0	0.0	0.0	0.0	0.10601	0.0	0.0	0.01092	0.40599	5.08651	4.5838	0.0	0.0	0.0	0.0	0.0	6.31721	0.0	0	0.0	0.68981	9.95502	1.32163	5.28257	0.0	0.0	0.0	0.01289	1.66208	0.19385
k__Bacteria.p__Firmicutes.c__Clostridia.o__Clostridiales.f__Lachnospiraceae.g__Roseburia	0.01412	0.0	0.01028	0.0	0.15562	8.23429	0.5952	0.0143	2.92311	0.66376	1.71453	0.10269	0.43149	0.0	1.06187	0.40641	5.28096	3.01999	0.0	0.0	0.0	0.00364	0.00146	0.0072	0.27421	2.80142	4.11518	4.59591	2.57139	11.39602	1.35615	0.0	3.06062	1.9335	0.09548	2.68314	3.97827	2.44012	1.32818	8.31932	0.45929	0.50097	0.02109	0.06657	0.0	0.0	0.10063	0.0	0.0	0.07511	0.0	0.0	0.0	0.0	0.4233	4.71616	0.05477	0.0	0.0	0.0	0.0	0.0	0.43783	0.98172	0.0	0.0	0.0	0.0	1.25608	0.0	0.0	0.0	0.0	1.85481	0.0	0.0	0.30308	0.0	0.0	2.00269	0.27291	0.0	0	0.0	0.0	0.19277	1.43836	3.1697	0.29141	0.0	0.0	2.4273	0.14143	4.95195
k__Bacteria.p__Firmicutes.c__Clostridia.o__Clostridiales.f__Lachnospiraceae.g__Sellimonas	0.03185	0.0	0.0	0.0	0.0	0.0	0.0	4.75376	0.0	0.0	0.0	0.0	0.00206	5.96493	0.0	0.0	0.0	0.0	0.0	0.0	14.64821	0.0	0.0	0.0	0.0	0.0	0.0	0.0	0.0042	0.0	0.0	2.97472	0.0	0.0	0.0	0.0	0.0	0.0	0.0	0.0	3.31581	0.0	0.08986	0.0	0.0	0.0	0.0	0.20352	0.0	0.0	0.0	0.0	0.0	0.0	1.03885	0.80772	0.0	0.0	0.14236	0.35594	2.29557	0.0	0.26051	0.0561	0.0	0.0	0.0	0.0	0.0	2.10757	3.58767	0.27428	1.19116	0.02924	2.63514	0.0	0.0	0.0	0.0	0.0	0.0	0.0	0	0.0	0.0	0.0	0.0	0.0	0.0	0.0	0.0	0.0	0.0	0.0
k__Bacteria.p__Firmicutes.c__Clostridia.o__Clostridiales.f__Lachnospiraceae.g__Tyzzerella	0.0	0.0	0.0	0.0	0.0	0.0	0.0	0.0	0.0	0.0	0.0	0.0	0.0	0.0	0.0	0.0	0.0	0.0	0.0	0.06057	0.0	0.0481	0.04297	0.02319	0.0	0.0	0.0	0.0	0.0	0.0	0.0	0.0	0.0	0.0	0.0	0.0	0.0	0.0	0.0	0.0	0.01217	0.0	0.0	0.0	0.0	0.0	0.40732	0.0	0.0	0.21729	0.0	0.09466	0.33567	0.49832	0.0	0.0	0.0	0.0	0.0	0.0	0.0	0.0	0.0	0.0	0.0	0.0	0.0	0.0	0.0	0.0	0.0	0.0	0.01441	0.0	0.0	0.0	0.0	0.0	0.0	0.0	0.0	0.0	0	0.0	0.0	0.0	0.0	0.0021	0.00964	0.0	0.0	0.0	0.0	0.0
k__Bacteria.p__Firmicutes.c__Clostridia.o__Clostridiales.f__Oscillospiraceae.g__Oscillibacter	0.0	0.0	0.0	0.0	0.0	0.0	0.0	0.0	0.24973	0.0	0.06037	0.00097	0.0	0.0	0.0	0.60653	0.27232	5.51872	0.0	0.0	0.0	0.0	0.0	0.0	0.01234	0.66993	0.0	1.23836	0.0	0.0	0.3864	0.0	0.16394	0.15227	0.00277	0.0	0.0	0.50815	0.01857	0.00517	0.0	0.0	0.0	0.0	0.0	0.0	0.0	0.0	0.0	0.0	0.0	0.0	0.0	0.0	0.0	0.0	0.0	0.0	0.0	0.0	0.0	0.0	0.0	0.01189	0.02479	0.0	0.0	0.0	0.10758	0.0	0.0	0.0	0.0	0.0	0.0	0.0	0.0	0.0	0.0	0.0	0.00118	0.0	0	0.0	0.0	0.0	0.13509	0.09974	2.62921	0.22901	0.10772	1.33626	0.0	1.5034
k__Bacteria.p__Firmicutes.c__Clostridia.o__Clostridiales.f__Peptococcaceae.g__Peptococcus	0.0	0.0	0.0	0.0	0.0	0.0	0.0	0.34874	0.0	0.0	0.0	0.0	0.0	0.0	0.0	0.0	0.0	0.0	0.0	0.0	0.0	0.0	0.0	0.0	0.0	0.0	0.0	0.0	0.0	0.0	0.0	0.0	0.0	0.0	0.0	0.0	0.0	0.0	0.0	0.0	0.0	0.0	0.0	0.0	0.0	0.0	0.0	0.0	0.0	0.0	0.0	0.0	0.0	0.0	0.0	0.0	0.0	0.0	0.0	0.0	0.0	0.0	0.0	0.0	0.0	0.0	0.0	0.0	0.0	0.0	0.0	0.0	0.0	0.0	0.20588	0.0	0.0	0.0	0.0	0.0	0.0	0.0	0	0.0	0.3161	0.0	0.0	0.0	0.0	0.0	0.0	0.0	0.0	0.0
k__Bacteria.p__Firmicutes.c__Clostridia.o__Clostridiales.f__Peptostreptococcaceae.g__Clostridioides	0.0	0.0	0.0	0.0	0.0	0.0	0.0	0.0	0.0	0.0	0.0	0.0	0.0	0.05962	0.0	0.0	0.0	0.0	0.0	0.0	0.0	0.0	0.0	0.0	0.0	0.0	0.0	0.0	0.0	0.0	0.0	0.0	0.0	0.0	0.0	0.0	0.0	0.0	0.0	0.0	0.0	0.0	0.0	0.0	0.08649	0.09498	0.0	0.0	0.0	0.0	0.0	0.0	0.0	0.10073	0.0	0.0	0.0	0.0	0.0	0.0	0.0	0.0	0.0	0.0	0.0	0.0	0.0	0.0	0.0	0.03356	0.0	0.00903	0.05475	0.0	0.0	0.0	0.0	0.0	0.0	0.0	0.0	0.06725	0	0.0	0.0	0.0	0.0	0.0	0.0	0.0	0.0	0.0	0.0	0.0
k__Bacteria.p__Firmicutes.c__Clostridia.o__Clostridiales.f__Peptostreptococcaceae.g__Intestinibacter	0.3044	0.02659	0.35605	0.00973	0.02888	0.15222	0.0	0.25106	0.2935	0.0	0.07311	0.2505	0.07869	0.14541	0.0	1.14732	0.02149	0.10275	0.0	3.82941	0.0	0.21291	0.21887	0.19835	0.10674	0.0	0.0	0.3296	0.0	0.0	0.00985	0.0	1.10266	0.90717	0.0	0.07012	0.33035	0.0845	0.0	0.218	0.00294	0.17767	0.02776	0.1817	0.0	0.04222	0.09621	0.0	0.0	0.08235	0.26963	0.16197	0.03601	0.13529	0.12824	0.19886	0.0	0.05439	0.0	4.08758	3.37454	0.0	0.10487	0.14661	0.0	0.0	0.0	0.0	0.0	0.0	0.0	0.0	0.0	0.49795	0.03462	0.1926	0.19312	0.0	0.0	0.14525	0.0	0.0	0	0.0	0.22798	0.0	0.1803	0.16069	0.0	0.0	0.0	0.0	0.0	0.0
k__Bacteria.p__Firmicutes.c__Clostridia.o__Clostridiales.f__Peptostreptococcaceae.g__Peptostreptococcus	0.0	0.0	0.0	0.0	0.0	0.0	0.0	0.0642	0.0	0.0	0.0	0.0	0.0	0.04041	0.0	0.0	0.0	0.0	11.26255	0.15301	0.0	0.01577	0.0	0.0	0.0	0.0	0.0	0.0	0.0	0.0	0.0	0.0	0.0	0.0	0.0	0.0	0.0	0.0	0.0	0.0	0.0	0.0	0.0	0.0	2.9839	0.92148	0.0	0.0	1.94758	0.0	0.0	0.0	0.0	0.09018	0.40781	0.01652	0.1009	0.0	0.0	0.0	0.0	0.0	0.27368	0.0	0.0	0.0	0.0	0.0	0.0	1.95268	0.12371	0.001	0.41224	0.0	2.38847	0.0	0.0	0.0	0.0	0.0	0.0	0.0	0	0.0	0.0	0.0	0.0	0.0	0.0038	0.0	0.0	0.0	0.0	0.0
k__Bacteria.p__Firmicutes.c__Clostridia.o__Clostridiales.f__Peptostreptococcaceae.g__Romboutsia	0.0	0.0	0.0	0.0	0.0	0.0	0.0	0.0	0.014	0.0	0.0	0.00402	0.01464	0.0	0.0	0.00368	0.0	0.0	0.0	0.0	0.0	0.0	0.0	0.0	0.00816	0.0	0.0	0.0	0.0	0.0	0.0	0.0	0.10198	0.13823	0.0	0.0	0.01066	0.0	0.0	0.00319	0.0	0.0	0.0	0.05357	0.0	0.0	0.0	0.00693	0.0	0.0	0.0	0.0	0.0	0.0	0.0	0.02727	0.0167	0.0	0.0	0.0	0.0	0.0	0.0	0.0	0.0	0.0	0.0	0.0	0.0	0.0	0.0	0.0	0.0	0.0	0.0	0.0	0.0	0.0	0.0	0.0	0.0	0.0	0	0.0	0.0	0.0	0.0	0.0	0.0	0.0	0.0	0.0	0.0	0.0
k__Bacteria.p__Firmicutes.c__Clostridia.o__Clostridiales.f__Peptostreptococcaceae.g__Terrisporobacter	0.0	0.0	0.0	0.01439	0.0	0.0	0.0	0.0	0.0	0.0	0.0	0.0	0.0	0.0	0.0	0.0	0.0	0.0	0.0	0.0	0.0	0.0	0.0	0.0	0.0	0.0	0.0	0.0	0.0	0.0	0.0	0.0	0.0	0.0	0.0	0.0	0.0	0.0	0.0	0.0	0.0	0.0	0.0	0.0	0.0	0.0	0.0	0.0	0.0	0.0	0.0	0.0	0.0	0.0	0.0	0.0	0.0	0.0	0.0	0.0	0.0	0.0	0.0	0.0	0.0	0.0	0.0	0.0	0.0	0.0	0.0	0.0	0.0	0.0	0.0	0.0	0.0	0.0	0.0	0.0	0.0	0.0	0	0.0	0.0	0.0	0.0	0.0	0.0	0.0	0.0	0.0	0.0	0.0
k__Bacteria.p__Firmicutes.c__Clostridia.o__Clostridiales.f__Ruminococcaceae.g__Agathobaculum	2.23903	0.00559	0.0	0.0	0.0	1.11939	0.0	0.74302	0.72959	5.75948	0.18611	0.11628	0.1514	0.00468	0.09125	0.00373	0.16682	0.12347	0.0	0.0	0.0	0.06807	0.03727	2.00557	0.00553	0.09644	0.7687	0.42116	0.47229	0.55857	0.0	0.0	0.08497	0.0	0.48574	1.48501	2.1122	1.13077	0.28223	2.05842	0.0	0.22932	0.0	0.0	0.0	0.0	0.0	0.0	0.0	0.0	0.0	0.0	0.0	0.0	0.00386	0.30868	0.0	0.0	0.0	0.0	0.0	0.0	1.47739	0.58841	0.0	0.13805	0.35666	0.46372	0.11335	0.00293	0.0335	0.0592	0.05192	0.25915	0.00248	0.01668	0.07602	0.04226	0.0	1.07591	0.09516	0.0	0.0	0.0	0.30583	0.38418	0.7352	0.43909	0.0	0.29101	0.0773	0.06079	0.0	0.0
k__Bacteria.p__Firmicutes.c__Clostridia.o__Clostridiales.f__Ruminococcaceae.g__Anaeromassilibacillus	0.0	0.05612	0.0	0.0	0.0	0.0	0.02469	0.14898	0.0	0.0	0.0	0.0	0.0	0.0	0.03879	0.09358	0.0	0.05183	0.0	0.0	0.0	0.0	0.00771	0.0	0.0081	0.14109	0.0	0.0	0.00401	0.0	0.0	0.0	0.0	0.0	0.0	0.0	0.0	0.0	0.06422	0.0	0.10144	0.05039	0.0	0.0	0.0	0.0	0.0	0.0	0.0	0.0	0.0	0.0	0.0	0.06508	0.02165	0.02626	0.06274	0.0	0.0	0.0	0.0	0.01225	0.0	0.0	0.0	0.0	0.0	0.0	0.0	0.05487	0.04371	0.0	0.00945	0.0	0.42956	0.0	0.0	0.0	0.0	0.0	0.0	0.0	0.0	0.0	0.0	0.0	0.0	0.02502	0.0	0.0	0.0	0.0	0.0	0.0
k__Bacteria.p__Firmicutes.c__Clostridia.o__Clostridiales.f__Ruminococcaceae.g__Anaerotruncus	0.0	0.0	0.0	0.0	0.0	0.0	0.0	0.0	0.0	0.0	0.0	0.0	0.0	0.0	0.0	0.0	0.0	0.0	0.0	0.0	0.13437	0.0	0.01485	0.0	0.0	0.0	0.0	0.0	0.01809	0.0	0.0	0.0	0.0	0.0	0.0	0.0	0.0	0.0	0.0	0.0	0.0	0.0	0.0	0.0	0.0	0.0	0.0	0.0	0.0	0.0	0.0	0.0	0.00672	0.02329	0.0	0.0016	0.0	0.0	0.09245	0.0	0.0	0.0	0.0	0.0	0.0	0.0	0.0	0.0	0.01507	0.0	0.0	0.0	0.0	0.0	0.03705	0.0	0.0	0.0	0.0	0.04079	2.55078	0.0	0.0	0.0	0.0	0.0	0.0	0.0	0.0	0.0	0.0	0.0	0.0	0.0
k__Bacteria.p__Firmicutes.c__Clostridia.o__Clostridiales.f__Ruminococcaceae.g__Faecalibacterium	0.24506	0.06722	0.0	0.0	0.59275	7.72499	3.45292	1.05359	2.09308	7.07746	10.20309	0.04595	2.22931	0.00167	1.9488	1.3505	4.27619	6.11164	0.84357	0.0	0.0	0.07221	0.04435	0.05534	2.11076	2.07605	5.61458	14.7881	2.89113	4.03682	0.48352	0.0	0.25245	0.28362	1.59056	13.86608	6.75831	3.92442	2.11517	6.19684	5.77787	0.40257	0.01214	0.0	0.0	0.0	0.0	0.0	0.0	0.0	2.91527	0.0	0.0	0.0	0.48988	2.88415	0.0681	0.1015	1.2675	0.0	0.0	0.55439	6.61924	0.58827	0.74055	0.00491	0.13495	0.05234	9.74665	0.04672	0.16556	0.00425	0.27719	1.99314	0.42133	0.95164	0.3435	0.0	0.0	8.63602	0.31747	0.0	0.0	0.0	0.0	0.85934	3.1345	9.10543	2.77639	0.0	0.0	9.79179	0.12908	3.01384
k__Bacteria.p__Firmicutes.c__Clostridia.o__Clostridiales.f__Ruminococcaceae.g__Flavonifractor	0.0	0.0	0.0	0.04378	0.0	0.0109	0.0	0.0	0.0	0.0	0.0	0.0	0.0	0.03625	0.0	0.0	0.0	0.11352	0.01052	0.0	0.0	0.10889	0.12404	0.0	0.0	0.0	0.47395	0.0	3.28774	0.0	0.0	0.0	0.0	0.0	0.0	0.0	0.0	0.0	0.0	0.00082	0.0	0.0	0.00177	0.0	0.0	0.0	0.11328	0.0	0.0	0.11326	7.42907	0.23053	0.81942	2.85783	0.0482	0.02459	0.20787	0.0	1.47854	0.01474	0.0875	0.0	0.01751	0.0	0.0	0.0	0.0	0.01385	0.0141	0.0356	0.02715	0.0303	0.92204	0.0	0.26444	0.47139	1.2443	0.0	0.0	2.53283	0.02383	0.0	0.0	0.0	0.0059	0.0	0.0	0.01066	0.0	0.0	0.0	0.02434	0.0	0.0
k__Bacteria.p__Firmicutes.c__Clostridia.o__Clostridiales.f__Ruminococcaceae.g__Gemmiger	0.0	0.0	0.0	0.0	0.09725	0.99624	0.51941	0.0	0.13242	0.72259	0.31928	0.35931	0.08157	0.0	0.26097	1.30074	0.54929	0.62879	0.0	0.0	0.0	0.0	0.0	0.0	0.81824	0.45442	0.0	1.14396	0.0	0.10155	0.46406	0.0	0.05249	0.42748	0.29212	0.20236	0.58462	0.89474	0.02866	2.27142	0.0	0.72823	0.0	0.47643	0.0	0.0	0.0	0.0	0.0	0.0	0.11833	0.00492	0.0	0.51739	0.00266	0.49497	0.0	0.00324	0.0	0.0	0.0	0.0	0.07885	0.19253	0.21477	0.00351	0.0	0.0	0.41575	0.0	0.0	0.0	0.0	0.74376	0.0	0.0	0.0	0.0	0.0	0.0	0.02257	0.0	0.0	0.0	0.0	0.04206	0.23863	1.70709	0.18979	0.0	0.06345	0.14948	0.16033	1.48264
k__Bacteria.p__Firmicutes.c__Clostridia.o__Clostridiales.f__Ruminococcaceae.g__Harryflintia	0.0	0.0	0.0	0.0	0.0	0.0	0.0	0.0	0.0	0.0	0.0	0.0	0.0	0.0	0.04464	0.0	0.0	0.0	0.0	0.0	0.0	0.0	0.0	0.0	0.0	0.0	0.0	0.0	0.0	0.0	0.0	0.0	0.0	0.0	0.0	0.0	0.0	0.0	0.0	0.0	0.0	0.0	0.0	0.0	0.0	0.0	0.0	0.0	0.0	0.0	0.0	0.0	0.0	0.0	0.0	0.0	0.0	0.0	0.0	0.0	0.0	0.0	0.0	0.0	0.0	0.0	0.0	0.0	0.00628	0.0	0.0	0.0	0.0	0.0	0.0	0.0	0.0	0.0	0.0	0.0	0.0	0.0	0.0	0.0	0.0	0.0	0.0	0.0	0.0	0.0	0.0	0.0	0.0	0.0
k__Bacteria.p__Firmicutes.c__Clostridia.o__Clostridiales.f__Ruminococcaceae.g__Ruminococcaceae_unclassified	0.0	0.0	0.00399	0.0	2.97753	0.09462	0.42227	0.0	0.0	0.0651	0.02231	0.1147	0.0	0.01466	1.66463	0.23854	0.0	1.05925	0.0	0.0	0.0	0.0	0.0	0.0	0.12034	13.18555	0.72785	0.0	0.0	0.06576	0.0	0.0	0.19476	0.0	0.0	0.06325	0.00115	0.08609	0.04244	0.02573	0.00494	0.14302	0.0	0.0152	0.0	0.0	0.0	0.0	0.0	0.0	0.0	0.02614	0.07313	0.17713	0.0	0.3851	0.63833	0.0	0.03661	0.07395	0.02244	0.02363	0.09323	0.12175	0.0	0.0	0.0	0.01197	0.23995	0.0	0.0	0.0	0.0	0.0	0.0	0.0	0.0	0.0	0.01287	0.06403	0.38357	0.0	0.0	0.0	0.0	0.0	0.04981	0.05011	0.59824	0.0	0.0	0.0	0.0	0.11992
k__Bacteria.p__Firmicutes.c__Clostridia.o__Clostridiales.f__Ruminococcaceae.g__Ruminococcus	0.0	0.0	0.0	0.0	0.03125	7.18894	18.21276	0.50728	3.33687	7.40323	4.36715	11.44333	7.63644	0.0	8.12946	12.01647	22.55029	0.54999	0.0	0.0	0.0	0.0	0.0	0.0	13.67551	10.99563	0.0	2.75501	2.05189	0.5912	23.53733	0.0	0.18326	1.93145	0.6464	14.14808	0.17561	1.85058	46.85639	16.01951	0.0	6.52198	0.0	1.85595	0.0	0.0	0.0	0.0	0.0	0.0	1.72845	0.0	0.0	0.0	2.73743	11.38074	22.73946	0.0	0.0	0.0	0.0	0.0	0.0	27.55035	0.04079	0.0	0.0	0.0	0.0	0.0	0.0	0.0	0.0	10.33987	0.0	0.0	0.0	0.0	0.0	4.12441	15.63533	0.0	0.0	0.0	0.0	25.32678	22.21534	25.41045	0.42456	0.0	0.0	29.35742	0.53859	0.00888
k__Bacteria.p__Firmicutes.c__Clostridia.o__Clostridiales.f__Ruminococcaceae.g__Ruthenibacterium	0.0	0.69487	0.00223	0.01618	0.26972	0.29061	0.46882	0.29445	1.30206	0.17326	0.22747	0.14702	0.59901	2.33216	0.43042	1.13406	0.05969	0.48837	1.53947	3.03897	3.28502	7.8153	9.15408	1.8924	0.33745	0.01067	0.55903	0.03283	0.76337	0.09223	0.02709	0.91883	0.00779	0.0	0.0	0.03631	0.03654	0.08701	0.00426	0.06983	0.68822	0.1604	0.35694	4.71919	0.0	0.0	0.0	0.42082	0.0	0.0	0.0	0.0	0.0	0.33937	0.06654	0.44054	0.56067	0.0	3.29052	0.69537	0.72442	4.61012	0.0	0.5493	0.19649	0.64808	0.77209	1.90745	0.20834	1.2947	0.871	0.66658	1.33729	0.03453	1.40728	0.21877	1.47881	0.72518	1.05903	0.71919	0.08834	0.0	0.0	0.0	1.16303	0.08084	0.28533	0.16637	0.28172	1.75974	0.30918	0.03341	3.57151	1.3584
k__Bacteria.p__Firmicutes.c__Erysipelotrichia.o__Erysipelotrichales.f__Erysipelotrichaceae.g__Absiella	0.0	0.0	0.0	0.0	0.0	0.0	0.0	0.0	0.0	0.0	0.0	0.0	0.0	0.0	0.0	0.0	0.0	0.0	0.0	0.0	0.0	0.0	0.0	0.0	0.0	0.0	0.0	0.0	0.13547	0.0	0.0	0.0	0.0	0.0	0.0	0.0	0.0	0.0	0.0	0.0	0.0	0.0	0.0	0.0	0.0	0.0	0.0	0.0	0.0	0.0	0.0	0.50479	0.2729	1.24668	0.23346	0.0	0.0	0.0	0.0	0.0	0.0	0.0	0.0	0.0	0.0	0.0	0.0	0.0	0.0	5.12933	2.39106	1.74346	0.4419	0.0	1.07986	0.0	0.0	0.0	0.0	0.0	0.0	0.0	0.0	0.0	0.0	0.0	0.0	0.0	0.0	0.0	0.0	0.0	0.0	0.0
k__Bacteria.p__Firmicutes.c__Erysipelotrichia.o__Erysipelotrichales.f__Erysipelotrichaceae.g__Candidatus_Stoquefichus	0.0	0.0	0.0	0.0	0.0	0.0	0.0	0.0	0.0	0.0	0.0	0.0	0.0	0.0	0.0	0.0	0.0	0.0	0.0	0.0	0.0	0.0	0.0	0.0	0.0	0.0	0.0	0.0	0.04862	0.0	0.0	0.0	0.0	0.0	0.0	0.0	0.0	0.0	0.0	0.0	0.0	0.0	0.0	0.0	0.0	0.0	0.0	0.0	0.0	0.0	0.0	0.0	0.0	0.0	0.0	0.0	0.0	0.0	0.0	0.0	0.0	0.0	0.0	0.0	0.0	0.0	0.0	0.0	0.0	0.0	0.0	0.0	0.0	0.0	0.0	0.0	0.0	0.0	0.0	0.0	0.0	0.0	0.0	0.0	0.0	0.0	0.0	0.0	0.0	0.0	0.0	0.0	0.0	0.0
k__Bacteria.p__Firmicutes.c__Erysipelotrichia.o__Erysipelotrichales.f__Erysipelotrichaceae.g__Catenibacterium	0.0	0.0	0.0	0.0	0.0	0.0	0.0	0.0	0.0	0.0	0.0	8.64873	0.0	0.0	0.0	0.0	0.0	0.0	0.0	0.0	0.0	0.0	0.0	0.0	0.0	0.0	0.0	0.8992	0.0	1.02318	0.0	0.0	4.03582	0.0	0.0	0.0	3.37403	0.0	0.0	0.0	0.0	0.0	0.0	0.0	0.0	0.0	0.0	0.0	0.0	0.0	0.0	0.0	0.0	0.0	0.0	0.0	0.0	0.0	0.0	0.0	0.0	0.0	0.0	0.0	0.0	0.0	0.0	0.0	0.0	0.0	0.0	0.0	0.0	0.50279	0.0	0.0	0.0	0.0	0.0	0.0	0.0	0.0	0.0	0.0	0.0	0.0	0.0	0.0	0.0	0.0	0.0	0.0	0.0	0.0
k__Bacteria.p__Firmicutes.c__Erysipelotrichia.o__Erysipelotrichales.f__Erysipelotrichaceae.g__Coprobacillus	0.0	0.0	0.0	0.0	0.0	0.0	0.0	0.0	0.0	0.0	0.0	0.0	0.0	0.13946	0.0	0.0	0.0	0.0	0.0	0.0	0.0	0.0	0.0	0.0	0.0	0.0	0.0	0.0	0.40698	0.0	0.0	0.0	0.0	0.0	0.0	0.0	0.0	0.0	0.0	0.0	0.0	0.0	0.0	0.0	0.0	0.0	0.0	0.0	0.0	0.0	0.0	0.0	0.0	0.0	0.0	0.0	0.0	0.0	0.0	0.0	0.0	0.0	0.0	0.0	0.03036	0.0	0.0	0.0	0.0	0.0	0.0	0.0	0.0	0.0	0.0	0.0	0.0	0.0	0.0	0.0	0.0	0.0	0.0	0.0	0.0	0.0	0.0	0.0	0.05509	0.0	0.0	0.0	0.0	0.0
k__Bacteria.p__Firmicutes.c__Erysipelotrichia.o__Erysipelotrichales.f__Erysipelotrichaceae.g__Dielma	0.0	0.0	0.0	0.0	0.0	0.0	0.0	0.0	0.0	0.0	0.0	0.0	0.0	0.0	0.0	0.0	0.0	0.0	0.0	0.0	0.0	0.0	0.0	0.0	0.0	0.0	0.0	0.0	0.0	0.0	0.0	0.0	0.0	0.0	0.0	0.0	0.0	0.0	0.0	0.0	0.0	0.0	0.0	0.14318	0.0	0.0	0.0	0.0	0.0	0.0	0.0	0.0	0.0	0.0	0.0	0.0	0.0	0.0	0.0	0.0	0.0	0.0	0.0	0.0	0.0	0.0	0.0	0.0	0.0	0.0	0.0	0.0	0.0731	0.0	0.01634	0.0	0.0	0.0	0.0	0.15473	0.0	0.0	0.0	0.0	0.0	0.0	0.0	0.0	0.0	0.0	0.0	0.0	0.0	0.0
k__Bacteria.p__Firmicutes.c__Erysipelotrichia.o__Erysipelotrichales.f__Erysipelotrichaceae.g__Erysipelatoclostridium	0.02939	0.14708	0.995	0.0	0.0	0.03759	0.0	1.57957	0.0	0.0	0.02199	0.01097	0.10687	9.82201	0.0	0.06611	0.0	0.0695	0.15578	8.05957	2.3363	5.39627	6.98753	3.43768	0.01644	0.0	0.0	0.13221	0.15628	0.02618	0.0	2.9933	0.0	0.00428	0.0	0.0	0.0	0.0	0.0	0.0	1.81651	0.06284	0.58777	0.0	8.32455	10.25179	4.00564	0.41938	15.21366	4.49868	1.12585	7.44556	3.91673	6.55097	0.43571	0.30967	0.2224	0.0237	7.71225	0.77097	1.82341	1.2535	0.21533	0.30131	1.54537	0.26084	0.04285	0.17943	0.00513	0.19535	0.1407	0.15318	0.8138	0.01024	1.89065	1.53819	2.09495	0.67484	1.78739	0.52686	0.09981	2.73818	0.82639	2.35146	0.26233	0.04695	0.06354	0.00345	0.33365	0.1618	0.43479	0.0	0.14442	0.0
k__Bacteria.p__Firmicutes.c__Erysipelotrichia.o__Erysipelotrichales.f__Erysipelotrichaceae.g__Erysipelothrix	0.0	0.0	0.0	0.0	0.0	0.0	0.0	0.0	0.0	0.0	0.0	0.0	0.0	0.0	0.0	0.0	0.0	0.0	0.0	0.0	0.0	0.0	0.0	0.0	0.0	0.0	0.0	0.0	0.0	0.0	0.0	0.0	0.0	0.0	0.0	0.0	0.0	0.0	0.0	0.0	0.0	0.0	0.0	0.0	0.0	0.0	0.0	0.0	0.0	0.0	0.0	0.0	0.0	0.0	0.0	0.0	0.0	0.0	0.0	0.0	0.0	0.27483	0.0	0.0	0.0	0.0	0.0	0.0	0.0	0.0	0.0	0.00608	0.49306	0.0	0.31708	0.0	0.0	0.0	0.0	0.0	0.0	0.0	0.0	0.0	0.0	0.0	0.0	0.0	0.0	0.0	0.0	0.0	0.0	0.0
k__Bacteria.p__Firmicutes.c__Erysipelotrichia.o__Erysipelotrichales.f__Erysipelotrichaceae.g__Faecalicoccus	0.0	0.0	0.0	0.0	0.0	0.0	0.0	0.0	0.0	0.0	0.0	0.0	0.0	0.0	0.0	0.0	0.01725	0.0	0.0	0.0	0.0	0.0	0.0	0.0	0.0	0.0	0.0	0.0	0.0	0.0	0.0	0.0	0.0	0.0	0.0	0.0	0.0	0.0	0.0	0.0	0.0	0.0	0.0	0.0	0.0	0.0	0.0	0.0	0.0	0.0	0.0	0.0	0.0	0.0	0.0	0.0	0.0	0.0	0.0	0.0	0.0	0.0	0.0	0.0	0.0	0.0	0.0	0.0	0.0	0.0	0.0	0.0	0.0	0.0	0.0	0.0	0.0	0.0	0.0	0.0	0.0	0.0	0.0	0.0	0.0	0.0	0.0	0.0	0.0	0.0	0.0	0.0	0.0	0.0
k__Bacteria.p__Firmicutes.c__Erysipelotrichia.o__Erysipelotrichales.f__Erysipelotrichaceae.g__Faecalitalea	0.0	0.0	0.0	0.0	0.0	0.0	0.0	0.0	0.0	0.0	0.0	0.0	0.0	0.0	0.0	0.0	0.0	0.0	0.0	0.0	0.0	0.0	0.0	0.0	0.0	2.61421	0.0	0.0	0.0	0.0	0.0	0.0	0.0	0.0	0.0	0.0	0.02393	0.0	0.0	0.0	0.0	0.0	0.0	0.0	0.0	0.0	0.0	0.0	0.0	0.0	0.0	0.0	0.0	0.0	0.0	0.0	0.0	0.0	0.0	0.0	0.0	0.0	0.0	0.0	0.0	0.0	0.0	0.0	0.0	0.0	0.0	0.0	0.0	0.0	0.0	0.0	0.0	0.0	0.0	0.0	9.219	0.0	0.0	0.0	0.0	0.0	0.0	0.0	0.0	0.0	0.0	0.0	1.76675	0.0
k__Bacteria.p__Firmicutes.c__Erysipelotrichia.o__Erysipelotrichales.f__Erysipelotrichaceae.g__Holdemanella	0.0	0.0	0.0	0.0	0.30828	6.57325	0.99028	0.0	0.0	0.0	0.0	5.00767	0.0	0.0	0.76749	0.19832	0.0	0.0	0.0	0.0	0.0	0.0	0.0	0.0	0.0	0.0	0.0	0.0	0.0	0.0	0.0	0.0	2.8318	0.91066	0.0	0.0	0.61006	0.0	0.07347	0.0	0.0	0.22473	0.0	0.42902	0.0	0.0	0.0	0.0	0.0	0.0	0.0	0.0	0.0	0.0	0.0	0.0	0.0	0.0	0.0	0.0	0.0	0.0	0.0	0.0	0.0	0.0	0.0	0.0	0.0	0.0	0.0	0.0	0.0	0.0	0.0	0.0	0.0	0.0	0.0	0.0	0.0	0.0	0.0	0.0	0.0	0.0	0.0	0.49542	0.90691	1.37697	3.35246	0.28506	0.0	0.75564
k__Bacteria.p__Firmicutes.c__Erysipelotrichia.o__Erysipelotrichales.f__Erysipelotrichaceae.g__Holdemania	0.0	0.0	0.0	0.0	0.0	0.0	0.0	0.03602	0.0	0.0	0.0	0.0	0.0	0.04302	0.0	0.0	0.0	0.0	0.0	0.0	0.00412	0.0	0.0	0.0	0.0	0.0	0.0	0.0	0.1599	0.0	0.0	0.00651	0.0	0.0	0.0	0.0	0.0	0.0	0.0	0.0	0.0	0.0	0.0	0.0	0.0	0.0	0.0	0.0	0.0	0.0	0.0	0.0	0.0	0.0	0.05282	0.0	0.0	0.0	0.0	0.0	0.0	0.0	0.0	0.0	0.0	0.0	0.0	0.0	0.0	0.06363	0.04841	0.0334	0.15201	0.0	0.27446	0.0	0.0	0.0	0.0	0.0	0.0	0.0	0.0	0.0	0.0	0.0	0.0	0.01257	0.0	0.0	0.0	0.0	0.0	0.0
k__Bacteria.p__Firmicutes.c__Erysipelotrichia.o__Erysipelotrichales.f__Erysipelotrichaceae.g__Massiliomicrobiota	0.0	0.0	0.0	0.0	0.0	0.0	0.0	0.0	0.0	0.0	0.0	0.0	0.0	0.0	0.0	0.0	0.0	0.0	0.0	0.0	0.0	0.0	0.0	0.0	0.0	0.0	0.0	0.0	0.0	0.0	0.01759	0.0	0.0	0.0	0.0	0.0	0.0	0.0	0.0	0.0	0.0	0.0	0.0	0.0	0.0	0.0	0.0	0.0	0.0	0.0	0.0	0.0027	0.0	0.00505	0.0	0.0	0.0	0.0	0.0	0.0	0.0	0.0	0.0	0.0	0.0	0.0	0.0	0.0	0.0	0.0	0.0	0.0	0.0	0.0	0.0	0.0	0.0	0.0	0.0	0.0	0.0	0.0	0.0	0.0	0.0	0.0	0.0	0.0	0.0	0.0	0.0	0.0	0.0	0.0
k__Bacteria.p__Firmicutes.c__Erysipelotrichia.o__Erysipelotrichales.f__Erysipelotrichaceae.g__Solobacterium	0.0	0.0	0.0	0.0	0.0	0.0	0.0	0.0	0.0	0.0	0.0	0.0	0.0	0.0	0.0	0.0	0.0	0.0	0.0	0.0	0.0	0.0	0.0	0.0	0.0	0.0	0.0	0.0	0.0	0.0	0.0	0.0	0.0	0.0	0.0	0.0	0.0	0.0	0.0	0.0	0.0	0.0	0.0	0.0	0.79123	0.00556	0.0	0.0	0.0	0.0	0.0	0.0	0.0	0.0	0.0	0.00845	0.16028	0.01629	0.0	0.0	0.0	0.0	0.0	0.0	0.0	0.0	0.0	0.0	0.0	0.0	0.0	0.0	0.0	0.0	0.0	0.0	0.0	0.0	0.0	0.0	0.0	0.0	0.0	0.0	0.00709	0.0	0.0	0.0	0.0	0.0	0.0	0.0	0.0	0.0
k__Bacteria.p__Firmicutes.c__Erysipelotrichia.o__Erysipelotrichales.f__Erysipelotrichaceae.g__Turicibacter	0.05289	0.0	0.0	0.0	0.0	0.0	0.0	0.0	0.11696	0.0	0.0	0.0	0.01459	0.0	0.0	0.0	0.07758	0.03214	0.0	0.0	0.0	0.0	0.0	0.03571	0.0	0.0	0.0	0.0	0.0	0.03963	0.30681	0.0	1.0655	2.19478	0.0	0.00787	0.15988	0.0	0.00729	0.0	0.0	0.0	0.0	0.12305	0.0	0.0	0.0	0.0	0.0	0.0	0.00609	0.0	0.0	0.0	0.08907	0.10995	0.02394	0.0	0.0	0.0	0.0	0.0	0.0	0.39115	0.0	0.0	0.0	0.0	0.0	0.0	0.0	0.0	0.0	0.01876	0.00065	0.0	0.0	0.0	0.0	0.0	0.00118	0.0	0.0	0.0	0.0	0.0	0.0	0.0	0.0	0.0	0.0	0.0	0.0	0.1474
k__Bacteria.p__Firmicutes.c__Firmicutes_unclassified.o__Firmicutes_unclassified.f__Firmicutes_unclassified.g__Firmicutes_unclassified	0.0	0.02989	0.0114	0.04225	0.66984	1.86388	0.82793	0.1221	0.3763	0.43334	0.21901	0.03394	0.0	2.02039	0.01138	0.41919	0.19457	0.15864	0.0	0.0	3.42945	0.0	0.0	0.0	0.05532	0.66341	0.40119	1.37056	0.0	0.10132	0.04973	2.49498	0.12823	0.43948	0.0	0.0	0.0	0.73807	0.07381	0.27545	0.58569	0.05199	0.0	0.0	0.0	0.0	0.0	0.0	0.0	0.0	0.0	0.0	0.0	0.0	0.0	0.03231	0.55893	0.0	0.0631	0.0	0.0	0.29598	0.0	0.07168	2.49211	0.84638	0.75679	3.50999	0.14344	0.00135	0.0133	0.0	0.19181	0.0	1.13452	0.0	0.0	0.0	0.0	0.0	0.01025	0.0	0.0	0.0	0.0	0.8245	0.0112	0.17416	0.19986	1.1161	0.2849	0.38326	0.8374	0.49956
k__Bacteria.p__Firmicutes.c__Negativicutes.o__Acidaminococcales.f__Acidaminococcaceae.g__Acidaminococcus	0.0	0.0	0.0	0.0	0.0	0.0	0.0	0.0	0.0	0.0	0.0	0.0	0.0	0.0	0.0	0.0	0.0	0.0	0.0	0.0	0.0	0.0	0.0	0.0	0.0	0.0	0.0	0.0	0.0	0.0	0.0	0.0	0.0	0.0	0.0	0.0	0.0	0.0	0.0	0.0	0.0	0.0	0.0	0.0	0.0	0.0	0.0	0.0	0.0	0.0	0.0	0.0	0.0	0.0	0.0	0.0	0.0	0.0	0.0	0.0	0.0	0.0	0.0	0.0	0.0	0.0	0.0	0.0	0.0	0.0	0.0	0.0	0.0	0.0	0.0	0.0	0.0	0.0	0.0	0.0	0.0	0.0	0.0	0.0	0.0	0.00784	2.61423	0.0	0.0	0.0	0.0	0.0	0.0	0.85225
k__Bacteria.p__Firmicutes.c__Negativicutes.o__Acidaminococcales.f__Acidaminococcaceae.g__Phascolarctobacterium	0.0	0.0	0.0	0.0	0.0	0.67204	0.0	0.0	0.0	0.0	0.02605	0.0	0.01741	0.00103	0.12872	0.0	0.04133	0.0	0.0	0.0	0.0	0.0	0.0	0.0	0.0	0.9953	0.0	7.42981	0.0	0.0	0.00208	0.0	0.0	0.0	0.0	0.0	0.0	0.0	0.0	0.0	0.0	0.0	0.0	0.0	0.0	0.0	0.0	0.0	0.0	0.0	0.0	0.0	0.0	0.0	0.0	0.0	0.0	0.0	0.0	0.0	0.0	0.0	0.0	0.0	0.0	0.0	0.0	0.0	0.0	0.0	0.0	0.0	0.0	0.0	0.0	0.0	0.0	0.0	0.0	0.0	0.0	0.0	0.0	0.0	0.0	0.0	0.0	0.06586	0.00746	0.0	0.0	0.05204	0.01393	0.07626
k__Bacteria.p__Firmicutes.c__Negativicutes.o__Selenomonadales.f__Selenomonadaceae.g__Megamonas	0.0	0.0	0.0	0.0	0.02875	0.0	0.0	0.0	0.0	0.0	0.0	0.0	0.0	0.0	0.0	0.0	0.0	0.0	0.0	0.0	0.0	0.0	0.0	0.0	0.0	0.0	0.0	0.0	0.0	0.0	0.0	0.0	0.0	0.0	0	0.0	0.0	0.06998	0.13204	0.0	0.0	0.0	0.0	0.0	0.0	0.0	0.0	0.0	0.0	0.0	0.0	0.0	0.0	0.0	0.0	0.0	0.0	0.0	0.0	0.0	0.0	0.0	0.0	0.0	0.0	0.0	0.0	0.0	0.0	0.0	0.0	0.0	0.0	0.0	0.0	0.0	0.0	0.0	0.0	0.0	0.0	0.0	0.0	0.0	0.0	0.0	0.13518	0.0	0.0	0.0	0.0	0.0	0.0	0.0
k__Bacteria.p__Firmicutes.c__Negativicutes.o__Veillonellales.f__Veillonellaceae.g__Dialister	0.0	0.0	0.0	0.0	0.04989	0.0	1.48574	0.0	9.16433	0.0	0.0	0.0	0.04564	0.0	0.0	5.82465	0.9762	2.01623	1.2105	0.0	0.0	0.0	0.0	0.0	0.15342	0.0	0.07967	0.0	1.624	0.20585	0.13541	0.0	0.02122	0.11605	0	0.21015	0.0	2.52623	0.0	0.0	0.0	0.37843	0.0	0.18625	0.0	0.0	0.0	0.0	0.0	0.0	0.39537	0.0	0.0	0.0	0.00246	0.0	0.05393	0.0	0.0	0.0	0.0	0.60907	0.0	0.4595	1.13376	0.0	0.0	0.0	4.05772	0.0	0.0	0.0	0.0	0.0088	1.0148	0.41825	0.34386	0.0	0.0	1.04564	0.05139	0.0	0.0	0.0	0.54995	0.30234	0.49907	0.05353	0.25287	0.0	0.0	1.86907	0.0	3.99768
k__Bacteria.p__Firmicutes.c__Negativicutes.o__Veillonellales.f__Veillonellaceae.g__Negativicoccus	0.0	0.0	0.0	0.0	0.0	0.0	0.0	0.0	0.0	0.0	0.0	0.0	0.0	0.0	0.0	0.0	0.0	0.0	0.0	0.0	0.0	0.0	0.0	0.0	0.0	0.0	0.0	0.0	0.0	0.0	0.0	0.0	0.0	0.0	0	0.0	0.0	0.0	0.0	0.0	0.0	0.0	0.0	0.0	0.0	0.0	0.0	0.0	0.0	0.0	0.0	0.0	0.0	0.0	0.0	0.0	0.0	0.0	0.0	0.0	0.0	0.0	0.0	0.0	0.0	0.0	0.0	0.0	0.0	0.09419	0.40632	0.01037	0.04586	0.0	0.13455	0.0	0.0	0.0	0.0	0.0	0.0	0.0	0.0	0.0	0.0	0.0	0.0	0.0	0.0	0.0	0.0	0.0	0.0	0.0
k__Bacteria.p__Firmicutes.c__Negativicutes.o__Veillonellales.f__Veillonellaceae.g__Veillonella	0.0	0.0	0.0	0.0	0.0	0.08944	0.0	0.0	0.15648	0.03289	0.0	0.0	0.0	0.0	0.0	0.33279	0.01554	0.99272	0.0	0.0	0.0	0.0	0.0	0.0	0.0	0.0	0.0	0.0	0.0	0.0505	0.0	0.0	0.0	0.0	0	0.0	0.0	0.0	0.0	0.0	0.0	0.0	0.0	0.0	6.54757	0.03635	17.0231	0.0	0.0	15.75391	0.12472	0.0	0.0	0.0	0.0	0.00279	0.0	0.0	0.0	0.0	0.0	0.0	0.11645	0.0	0.0	0.0	0.0	0.0	0.0	0.0	0.0	0.0	0.0	0.0	0.0	0.28305	0.0	0.0	0.0	2.01743	0.01111	0.31838	0.0	0.0	0.0	0.0	0.04247	2.14388	1.76135	0.0	0.0	0.0	0.0	0.0
k__Bacteria.p__Firmicutes.c__Tissierellia.o__Tissierellales.f__Peptoniphilaceae.g__Anaerococcus	0.0	0.0	0.0	0.0	0.0	0.0	0.0	0.10721	0.0	0.0	0.0	0.0	0.0	0.01206	0.0	0.0	0.0	0.0	17.38612	0.11266	0.0	0.0	0.0	0.0	0.0	0.0	0.0	0.0	0.0	0.0	0.0	0.0	0.0	0.0	0	0.0	0.0	0.0	0.0	0.0	0.0	0.0	0.0	0.0	0.04707	0.12406	0.0	0.0	0.01134	0.0	0.0	0.0	0.0	0.0	0.0	0.0	0.0	0.0	0.0	0.0	0.0	0.0	0.0	0.0	0.0	0.0	0.0	0.0	0.0	0.10386	0.0	0.0	0.0	0.0	0.00318	27.4946	6.58963	0.94101	0.59391	0.74925	0.0055	0.0	0.0	0.0	0.0	0.0	0.0	0.0	0.0	0.0	0.0	0.0	0.0	0.0
k__Bacteria.p__Firmicutes.c__Tissierellia.o__Tissierellales.f__Peptoniphilaceae.g__Finegoldia	0.0	0.0	0.0	0.0	0.0	0.0	0.0	0.0	0.0	0.0	0.0	0.0	0.0	0.0	0.0	0.0	0.0	0.0	2.83667	0.0	0.0	0.00425	0.0	0.0	0.0	0.0	0.0	0.0	0.0	0.0	0.0	0.0	0.0	0.0	0	0.0	0.0	0.0	0.0	0.0	0.0	0.0	0.0	0.0	0.0	0.0	0.0	0.0	0.0	0.0	0.0	0.0	0.0	0.0	0.0	0.00448	0.0	0.0	0.0	0.0	0.0	0.0	0.0	0.0	0.0	0.0	0.0	0.0	0.0	0.0	0.0	0.0	0.0	0.0	0.30294	6.12117	0.15419	0.0	0.0	0.09823	0.0	0.0	0.0	0.0	0.0	0.0	0.0	0.0	0.0	0.0	0.0	0.0	0.0	0.0
k__Bacteria.p__Firmicutes.c__Tissierellia.o__Tissierellales.f__Peptoniphilaceae.g__Parvimonas	0.0	0.0	0.0	0.0	0.0	0.0	0.0	0.14013	0.0	0.0	0.0	0.0	0.0	0.0	0.0	0.0265	0.0	0.0	0.0	0.0	0.0	0.0	0.0	0.0	0.0	0.0	0.0	0.0	0.0	0.0	0.0	0.0	0.0	0.0	0	0.0	0.0	0.0	0.0	0.0	0.0	0.0	0.0	0.0	0.23873	0.0	0.0	0.0	0.0	0.0	0.0	0.0	0.0	0.0	0.0	0.01762	0.06615	0.14125	0.0	0.0	0.0	0.0	0.0	0.0	0.0	0.0	0.0	0.0	0.0	0.0	0.0	0.0	0.42835	0.0	0.0	0.0	0.0	0.0	0.0	0.0	0.02475	0.0	0.0	0.0	0.0	0.0	0.0	0.0	0.01578	0.0	0.0	0.0	0.0	0.0
k__Bacteria.p__Firmicutes.c__Tissierellia.o__Tissierellales.f__Peptoniphilaceae.g__Peptoniphilus	0.0	0.0	0.0	0.0	0.0	0.0	0.0	0.0	0.0	0.0	0.0	0.0	0.0	0.0	0.0	0.0	0.0	0.0	2.70225	0.0	0.0	0.0	0.0	0.0	0.0	0.0	0.0	0.0	0.0	0.0	0.0	0.0	0.0	0.0	0	0.0	0.0	0.0	0.0	0.0	0.0	0.0	0.0	0.0	0.0	0.0	0.0	0.0	0.0	0.0	0.0	0.0	0.0	0.0	0.02881	0.00709	0.0	0.0	0.0	0.0	0.0	0.0	0.0	0.0	0.0	0.0	0.0	0.0	0.0	0.0	0.0	0.0	0.0	0.0	0.146	9.83883	0.0457	0.0	0.0	0.01055	0.0	0.0	0.0	0.0	0.00471	0.0	0.0	0.0	0.0	0.0	0.0	0.0	0.0	0.0
k__Bacteria.p__Fusobacteria.c__Fusobacteriia.o__Fusobacteriales.f__Fusobacteriaceae.g__Fusobacterium	0.0	0.0	0.0	0.0	0.0	0.0	0.0	0.0	0.0	0.0	0.0	0.0	0.0	0.0	0.0	0.0	0.0	0.0	4.1841	0.0	0.0	0.0	0.0	0.0	0.0	0.0	0.0	0.0	0.0	0.0	0.0	0.0	0.0	0.0	0	0.0	0.0	0.0	0.0	0.0	0.0	0.0	0.0	0.0	0.0	0.0	0.33327	0.0	0.0	0.25772	0.0	0.0	0.0	0.0	0.0	0.0	0.0	0.0	0.0	0.0	0.0	0.0	0.0	0.0	0.0	0.0	0.0	0.0	0.0	0.0	0.0	0.0	0.0	0.0	0.0	0.0	0.0	0.0	0.0	0.00914	0.0	0.0	0.0	0.0	0.0	0.0	0.0	0.0	0.0	0.0	0.0	0.0	0.0	0.0
k__Bacteria.p__Proteobacteria.c__Betaproteobacteria.o__Burkholderiales.f__Sutterellaceae.g__Parasutterella	0	0.0	0.0	0.0	0.0	0.0	0	0	0.0	0	0.0	0	0.0	0	0.0	0	0.0	0.0	0	0	0	0.00139	0.0	0	0	0.0191	0.0	0.0	0.0	0	0	0	0	0	0	0	0.0	0	0	0	0.0	0	0.0	0.0	0.0	0.0	0.0	0	0.0	0.0	0.0	0.0	0.0	0.0	0.0	0	0.0	0.0	1.01529	0.0	0.0	0.0	0.0	0	0.0	0	0	0	0.0	0.0	0	0	0.0	0	0.00555	0.0	0.0	0.0	0.0	0.0	0.0	0.0	0.0	0.0	0.0	0	0.0	0.04241	0.0	0	0	0.0	0.0	0.0
k__Bacteria.p__Proteobacteria.c__Betaproteobacteria.o__Burkholderiales.f__Sutterellaceae.g__Turicimonas	0	0.0	0.0	0.0	0.0	0.0	0	0	0.0	0	0.0	0	0.0	0	0.0	0	0.0	0.0	0	0	0	0.00412	0.0	0	0	0.0	0.0	0.0	0.0	0	0	0	0	0	0	0	0.0	0	0	0	0.0	0	0.0	0.0	0.0	0.0	0.0	0	0.0	0.0	0.0	0.0	0.0	0.0	0.0	0	0.0	0.0	0.0	0.0	0.0	0.0	0.0	0	0.0	0	0	0	0.0	0.0	0	0	0.0	0	0.0	0.0	0.0	0.0	0.0	0.0	0.0	0.0	0.0	0.0	0.0	0	0.0	0.0	0.0	0	0	0.0	0.0	0.0
k__Bacteria.p__Proteobacteria.c__Betaproteobacteria.o__Neisseriales.f__Neisseriaceae.g__Eikenella	0	0.0	0.0	0.0	0.0	0.0	0	0	0.0	0	0.0	0	0.0	0	0.0	0	0.0	0.0	0	0	0	0.0	0.0	0	0	0.0	0.0	0.0	0.0	0	0	0	0	0	0	0	0.0	0	0	0	0.0	0	0.0	0.0	0.05343	0.13165	0.0	0	0.0	0.0	0.0	0.0	0.0	0.0	0.0	0	0.0	0.0	0.0	0.0	0.0	0.0	0.0	0	0.0	0	0	0	0.0	0.0	0	0	0.0	0	0.0	0.0	0.0	0.0	0.0	0.0	0.0	0.0	0.0	0.0	0.0	0	0.0	0.0	0.0	0	0	0.0	0.0	0.0
k__Bacteria.p__Proteobacteria.c__Deltaproteobacteria.o__Desulfovibrionales.f__Desulfovibrionaceae.g__Bilophila	0	0.0	0.0	0.0	0.0	0.0	0	0	0.0	0	0.0	0	0.0	0	0.0	0	0.0	0.0	0	0	0	0.0	0.0	0	0	0.0	0.05328	0.0	0.0	0	0	0	0	0	0	0	0.0	0	0	0	0.0	0	0.0	0.0	0.0	0.0	0.0	0	0.0	0.0	0.0	0.0	0.0	0.0	0.0	0	0.0	0.0	0.0	0.0	0.0	0.0	0.0	0	0.0	0	0	0	0.0	0.0	0	0	0.0	0	0.0	0.0	0.0	0.0	0.0	0.0	0.0	0.0	0.0	0.0	0.0	0	0.04116	0.0	0.0	0	0	0.00395	0.0	0.0
k__Bacteria.p__Proteobacteria.c__Deltaproteobacteria.o__Desulfovibrionales.f__Desulfovibrionaceae.g__Desulfovibrio	0	0.0	0.0	0.0	0.0	0.00671	0	0	0.0	0	0.0	0	0.0	0	0.81962	0	0.0	0.0	0	0	0	0.0	0.0	0	0	0.27353	0.15866	0.29441	0.0	0	0	0	0	0	0	0	0.0	0	0	0	0.0	0	0.0	0.0	0.0	0.0	0.0	0	0.0	0.0	0.0	0.0	0.0	0.0	0.0	0	0.13596	0.00432	0.22585	0.0	0.0	0.0	0.0	0	0.0	0	0	0	0.0	0.0	0	0	0.0	0	0.0	0.0	0.0	0.0	0.0	0.0	0.0	0.0	0.0	0.0	0.0	0	0.0	0.0	0.1336	0	0	0.2146	0.05484	0.0
k__Bacteria.p__Proteobacteria.c__Deltaproteobacteria.o__Desulfovibrionales.f__Desulfovibrionaceae.g__Desulfovibrionaceae_unclassified	0	0.0	0.0	0.0	0.0	0.0	0	0	0.0	0	0.0	0	0.0	0	0.0	0	0.0	0.0	0	0	0	0.0	0.0	0	0	0.04918	0.0	0.0	0.0	0	0	0	0	0	0	0	0.0	0	0	0	0.0	0	0.0	0.0	0.0	0.0	0.0	0	0.0	0.0	0.0	0.0	0.0	0.0	0.0	0	0.0	0.0	0.0	0.0	0.0	0.0	0.0	0	0.0	0	0	0	0.0	0.0	0	0	0.0	0	0.0	0.0	0.0	0.0	0.0	0.0	0.0	0.0	0.0	0.0	0.0	0	0.0	0.0	0.0	0	0	0.0	0.0	0.0
k__Bacteria.p__Proteobacteria.c__Epsilonproteobacteria.o__Campylobacterales.f__Campylobacteraceae.g__Campylobacter	0	0.0	0.0	0.0	0.0	0.0	0	0	0.0	0	0.0	0	0.0	0	0.0	0	0.0	0.0	0	0	0	0.0	0.0	0	0	0.0	0.0	0.0	0.0	0	0	0	0	0	0	0	0.0	0	0	0	0.0	0	0.0	0.0	0.0	0.0	0.0	0	0.0	0.0	0.0	0.0	0.0	0.0	0.0	0	0.0	0.0	0.0	0.0	0.0	0.0	0.0	0	0.0	0	0	0	0.0	0.0	0	0	0.0	0	0.0	0.0	0.0	0.0	0.0	0.26918	0.0	0.0	0.0	0.0	0.0	0	0.0	0.0	0.0	0	0	0.0	0.0	0.0
k__Bacteria.p__Proteobacteria.c__Gammaproteobacteria.o__Enterobacterales.f__Enterobacteriaceae.g__Citrobacter	0	0.0	0.0	0.0	0.0	0.0	0	0	0.0	0	0.0	0	0.0	0	0	0	0.0	0.0	0	0	0	0.0	0.0	0	0	0	0	0	0.0	0	0	0	0	0	0	0	0.0	0	0	0	0.0	0	0.0	0.0	0.0	0.0	0.0	0	0.0	0.0	0.13241	0.0	0.0	3.63715	0.0	0	0.0	0.0	0.0	0.0	0.0	0.0	0.0	0	0.0	0	0	0	0.0	0.0	0	0	0.0	0	0	0.0	0.0	0.0	0.0	0.0	0.0	0.24674	0.51971	0.0	0.0	0	0	0.0	0.0	0	0	0.0	0	0.0
k__Bacteria.p__Proteobacteria.c__Gammaproteobacteria.o__Enterobacterales.f__Enterobacteriaceae.g__Enterobacter	0	0.0	0.139	0.34007	0.0	0.0	0	0	0.0	0	0.0	0	0.0	0	0	0	0.0	0.0	0	0	0	0.0	0.0	0	0	0	0	0	0.0	0	0	0	0	0	0	0	0.0	0	0	0	0.0	0	0.01356	0.0	0.0	0.0	0.0	0	0.0	0.0	0.0	0.0	0.0	0.0	0.0	0	0.0	0.0	0.0	0.0	0.0	0.0	0.0	0	0.0	0	0	0	0.0	0.0	0	0	0.01212	0	0	0.0	0.0	0.0	0.0	0.0	0.0	0.00673	0.0	0.0	0.0	0	0	0.09103	0.0	0	0	0.0	0	0.0
k__Bacteria.p__Proteobacteria.c__Gammaproteobacteria.o__Enterobacterales.f__Enterobacteriaceae.g__Escherichia	0	9.50675	0.0	0.0	1.31907	0.74426	0	0	0.05529	0	0.20069	0	0.04568	0	0	0	0.0	0.11877	0	0	0	0.04957	0.07002	0	0	0	0	0	0.95531	0	0	0	0	0	0	0	0.0	0	0	0	0.09504	0	0.0	0.5447	4.12956	1.20391	1.34488	0	0.43655	1.24923	2.17985	0.05114	0.05074	0.10365	0.07446	0	1.34064	1.27144	2.95712	0.09672	0.03827	9.34167	0.0	0	0.03392	0	0	0	0.10264	0.42935	0	0	0.60549	0	0	0.54303	0.61648	0.37313	0.03545	0.97293	0.06324	0.05436	1.83824	3.67974	0.09962	0	0	0.0	1.25104	0	0	0.0	0	0.07218
k__Bacteria.p__Proteobacteria.c__Gammaproteobacteria.o__Enterobacterales.f__Enterobacteriaceae.g__Klebsiella	0	11.98134	0.0	0.0	0.0	0.0	0	0	0.0	0	0.0	0	0.0	0	0	0	0.0	0.0	0	0	0	2.54604	2.24888	0	0	0	0	0	0.0	0	0	0	0	0	0	0	0.0	0	0	0	0.0	0	0.0	0.0	0.0	0.65998	27.53859	0	4.49262	25.55252	0.0	0.0	0.0	0.27448	0.0	0	0.0	0.0	0.29312	0.0	0.0	0.0	0.0	0	0.0	0	0	0	0.0	0.0	0	0	0.18151	0	0	2.89433	7.12676	0.58036	0.02004	0.0	0.0	0.94113	0.0	0.0	0.0	0	0	0.0	0.90378	0	0	0.0	0	0.0
k__Bacteria.p__Proteobacteria.c__Gammaproteobacteria.o__Enterobacterales.f__Morganellaceae.g__Proteus	0	0.0	0.0	0.0	0.0	0.0	0	0	0.0	0	0.0	0	0.0	0	0	0	0.0	0.0	0	0	0	0.0	0.0	0	0	0	0	0	0.0	0	0	0	0	0	0	0	0.0	0	0	0	0.0	0	0.0	0.0	0.0	0.0	0.0	0	0.0	0.0	0.0	0.0	0.0	0.0	0.0	0	0.0	0.0	0.0	0.0	0.0	0.0	0.0	0	0.0	0	0	0	0.0	0.0	0	0	0.0	0	0	0.59084	0.21775	0.0	0.0	0.0	0.0	0.0	0.0	0.0	0.0	0	0	0.34495	0.0	0	0	0.0	0	0.0
k__Bacteria.p__Proteobacteria.c__Gammaproteobacteria.o__Enterobacterales.f__Yersiniaceae.g__Yersinia	0	0.0	0	0	0	0.0	0.0	0	0.0	0	0.27799	0.0	0	0	0.0	0	0.0	0.0	0	0	0	0.0	0	0	0	0.0	0.0	0.0	0	0	0	0	0	0.0	0.0	0	0.0	0.0	0.0	0.0	0	0.0	0	0	0	0	0.0	0	0	0.0	0.0	0.0	0.0	0.0	0	0	0.0	0	0	0	0	0	0.0	0	0.0	0	0	0	0	0	0	0	0	0	0.0	0.0	0	0	0	0.0	0.0	0	0	0	0	0.0	0.0	0.0	0.0	0.0	0	0.0	0.0	0
k__Bacteria.p__Proteobacteria.c__Gammaproteobacteria.o__Pasteurellales.f__Pasteurellaceae.g__Aggregatibacter	0	0.0	0	0	0	0.0	0.0	0	0.0	0	0.0	0.0	0	0	0.0	0	0.0	0.0	0	0	0	0.0	0	0	0	0.0	0.0	0.0	0	0	0	0	0	0.0	0.0	0	0.0	0.0	0.0	0.0	0	0.0	0	0	0	0	0.07145	0	0	0.05845	0.0	0.0	0.0	0.0	0	0	0.0	0	0	0	0	0	0.0	0	0.0	0	0	0	0	0	0	0	0	0	0.0	0.0	0	0	0	0.0	0.0	0	0	0	0	0.0	0.0	0.0	0.0	0.0	0	0.0	0.0	0
k__Bacteria.p__Proteobacteria.c__Gammaproteobacteria.o__Pasteurellales.f__Pasteurellaceae.g__Haemophilus	0	0.0	0	0	0	0.13175	0.0	0	0.04579	0	0.0	0.0	0	0	0.0	0	0.09373	0.0	0	0	0	0.0	0	0	0	0.0	0.0	0.0	0	0	0	0	0	0.0	0.0	0	0.01944	0.0	0.0	0.0	0	0.0	0	0	0	0	4.47895	0	0	5.21778	0.0	0.0	0.0	0.0	0	0	0.0	0	0	0	0	0	0.47783	0	0.0	0	0	0	0	0	0	0	0	0	0.0	0.00597	0	0	0	0.73484	0.0	0	0	0	0	0.0	0.0	0.0	0.07367	0.0	0	0.00878	0.0	0
k__Bacteria.p__Proteobacteria.c__Proteobacteria_unclassified.o__Proteobacteria_unclassified.f__Proteobacteria_unclassified.g__Proteobacteria_unclassified	0	0.0	0	0	0	0.0	0.0	0	0.0	0	0.0	0.0	0	0	0.0	0	0.03263	0.00917	0	0	0	0.13979	0	0	0	0.0	0.0	0.0	0	0	0	0	0	0.0	0.0	0	0.0	0.0	0.0	0.0	0	0.0	0	0	0	0	0.0	0	0	0.0	0.0	0.0	0.0	0.0	0	0	0.0	0	0	0	0	0	0.0	0	0.0	0	0	0	0	0	0	0	0	0	0.09764	0.0	0	0	0	0.0	0.0	0	0	0	0	0.0	0.02839	0.09452	0.0	0.0	0	0.0	0.0	0
k__Bacteria.p__Synergistetes.c__Synergistia.o__Synergistales.f__Synergistaceae.g__Cloacibacillus	0	0.0	0	0	0	0.0	0.0	0	0.0	0	0.0	0.0	0	0	0.0	0	0	0	0	0	0	0	0	0	0	0.0	0.0	0.0	0	0	0	0	0	0.0	0.0	0	0.0	0.0	0.0	0.0	0	0.0	0	0	0	0	0	0	0	0	0.0	0.0	0.0	0.0	0	0	0.0	0	0	0	0	0	0	0	0.0	0	0	0	0	0	0	0	0	0	0	0	0	0	0	0	0.0	0	0	0	0	0.0	0	0.0	0.0	0.0	0	0.0	2.62416	0
k__Bacteria.p__Verrucomicrobia.c__Verrucomicrobiae.o__Verrucomicrobiales.f__Akkermansiaceae.g__Akkermansia	0	0.28633	0	0	0	0.05558	11.79266	0	1.17768	0	0.27397	0.00094	0	0	11.47262	0	0	0	0	0	0	0	0	0	0	3.4549	0.62896	1.58406	0	0	0	0	0	0.58472	2.4757	0	0.11748	11.1634	2.31509	1.46216	0	0.02319	0	0	0	0	0	0	0	0	18.39852	1.83014	3.49525	1.58762	0	0	18.64221	0	0	0	0	0	0	0	0.63875	0	0	0	0	0	0	0	0	0	0	0	0	0	0	0	3.22037	0	0	0	0	0.18945	0	0.10322	5.30209	7.65852	0	0.09551	63.30495	0
