dataset_name	RaymondF_2016	RaymondF_2016	RaymondF_2016	RaymondF_2016	RaymondF_2016	RaymondF_2016	RaymondF_2016	RaymondF_2016	RaymondF_2016	RaymondF_2016	RaymondF_2016	RaymondF_2016	RaymondF_2016	RaymondF_2016	RaymondF_2016	RaymondF_2016	RaymondF_2016	RaymondF_2016	RaymondF_2016	RaymondF_2016	RaymondF_2016	RaymondF_2016	RaymondF_2016	RaymondF_2016	RaymondF_2016	RaymondF_2016	RaymondF_2016	RaymondF_2016	RaymondF_2016	RaymondF_2016	RaymondF_2016	RaymondF_2016	RaymondF_2016	RaymondF_2016	RaymondF_2016	RaymondF_2016	RaymondF_2016	RaymondF_2016	RaymondF_2016	RaymondF_2016	RaymondF_2016	RaymondF_2016	RaymondF_2016	RaymondF_2016	RaymondF_2016	RaymondF_2016	RaymondF_2016	RaymondF_2016	RaymondF_2016	RaymondF_2016	RaymondF_2016	RaymondF_2016	RaymondF_2016	RaymondF_2016	RaymondF_2016	RaymondF_2016	RaymondF_2016	RaymondF_2016	RaymondF_2016	RaymondF_2016	RaymondF_2016	RaymondF_2016	RaymondF_2016	RaymondF_2016	RaymondF_2016	RaymondF_2016	RaymondF_2016	RaymondF_2016	RaymondF_2016	RaymondF_2016	RaymondF_2016	RaymondF_2016
study_condition	control	cephalosporins	cephalosporins	control	cephalosporins	cephalosporins	control	cephalosporins	cephalosporins	control	cephalosporins	cephalosporins	control	cephalosporins	cephalosporins	control	cephalosporins	cephalosporins	control	cephalosporins	cephalosporins	control	cephalosporins	cephalosporins	control	cephalosporins	cephalosporins	control	cephalosporins	cephalosporins	control	cephalosporins	cephalosporins	control	cephalosporins	cephalosporins	control	cephalosporins	cephalosporins	control	control	control	control	control	control	control	cephalosporins	cephalosporins	control	control	control	control	cephalosporins	cephalosporins	control	cephalosporins	cephalosporins	control	cephalosporins	cephalosporins	control	control	control	control	control	control	control	control	control	control	cephalosporins	cephalosporins
k__Archaea.p__Euryarchaeota.c__Methanobacteria.o__Methanobacteriales.f__Methanobacteriaceae.g__Methanobrevibacter	0.05927	0.03777	0.13469	0	0	0	0	0	0	0.68811	0.48783	0.06865	0.09989	0.05935	0.05527	0	0	0.00737	0	0	0	0	0	0	1.87666	0.60073	0.01801	0.00804	0.02218	0.21789	0	0	0	0	0	0	0	0	0	0	0	0	0	0	0	0	0	0	0	0	0	0	0	0	0	0	0	0	0	0	0.08336	0.19838	0.0397	0	0	0	0	0	0	0	0	0
k__Archaea.p__Euryarchaeota.c__Methanobacteria.o__Methanobacteriales.f__Methanobacteriaceae.g__Methanosphaera	0	0	0	0	0	0	0	0	0	0	0	0	0.00364	0.00954	0.00476	0	0	0	0	0	0	0	0	0	0	0	0	0	0	0	0	0	0	0	0	0	0	0	0	0	0	0	0	0	0	0	0	0	0	0	0	0	0	0	0	0	0	0	0	0	0	0	0	0	0	0	0	0	0	0	0	0
k__Bacteria.p__Actinobacteria.c__Actinobacteria.o__Actinomycetales.f__Actinomycetaceae.g__Actinobaculum	0	0	0	0	0	0	0	0	0	0	0	0	0	0	0	0	0	0	0	0	0	0	0	0	0	0	0	0	0	0	0	0.00183	0	0	0	0	0	0	0	0	0	0	0	0	0	0	0	0	0	0	0	0	0	0	0	0	0	0	0	0	0	0	0	0	0	0	0	0	0	0	0	0
k__Bacteria.p__Actinobacteria.c__Actinobacteria.o__Actinomycetales.f__Actinomycetaceae.g__Actinomyces	0.04052	0	0	0	0	0	0	0	0.00385	0	0	0	0	0	0	0.00021	0	0	0.00048	0	6.00E-04	0.00272	0	0.00031	0.00053	0	0.00134	0	0	0	0.00063	0	0	0.00026	0	0.00103	0	0	0	0.01314	0.02459	0.01562	0.00042	0.0024	5.00E-04	0	0	0	0.00632	0.01915	0	0	0	0	0.00884	0	0.00384	0.01293	0	0	0.00525	0.01905	0.00011	0.00739	0.00368	0.00199	0	0	0	0	0	0
k__Bacteria.p__Actinobacteria.c__Actinobacteria.o__Bifidobacteriales.f__Bifidobacteriaceae.g__Aeriscardovia	0.0	0.0	0.00038	0.0	0	0.00055	0	0	0.0	0.00181	0.0	0.00088	0.0	0.0	0.0	0.0	0.0	0.0	0.0	0	0.0	0.00167	0.0	0.0004	0.0	0.0	0.0	0.0	0.0	0.0	0.0	0	0	0.0	0	0.0	0.0	0	0.0	0.0	0.0	0.0	0.0	0.0	0.0	0.0	0.0	0.0	0.0	0.0	0.0	0.0	0	0	0.0	0.0	0.0	0.0	0.0	0.0	0.00721	0.00149	0.00162	0.0	0.0	0.0	0.0	0.0	0.0	0.0	0.0	0.0
k__Bacteria.p__Actinobacteria.c__Actinobacteria.o__Bifidobacteriales.f__Bifidobacteriaceae.g__Alloscardovia	0.0	0.0	0.0	0.0	0	0.0	0	0	0.0	0.0	0.0	0.0	0.0	0.0	0.0	0.0	0.0	0.0	0.0	0	0.0	0.0	0.0	0.0	0.0	0.0	0.0	0.0	0.0	0.0	0.0	0	0	0.0	0	0.0	0.0	0	0.0	0.00013	0.0	0.00012	0.0	0.0	0.0	0.0	0.0	0.0	0.0	0.0	0.0	0.0	0	0	0.0	0.0	0.0	0.0	0.0	0.0	0.0	0.0027	0.0	0.0	0.0	0.0	0.0	0.0	0.0	0.0	0.0	0.0
k__Bacteria.p__Actinobacteria.c__Actinobacteria.o__Bifidobacteriales.f__Bifidobacteriaceae.g__Bifidobacterium	1.81531	0.05926	0.41618	0.48062	0	1.10713	0	0	0.03742	2.69522	2.3888	3.27517	0.00044	0.164	0.70196	0.393	0.15999	0.21749	0.91554	0	0.86266	5.43404	0.19772	0.53723	0.12352	0.01912	0.11341	1.39634	0.97725	1.77915	0.35784	0	0	0.04445	0	0.06746	0.04285	0	0.20224	0.85079	0.99092	0.26536	0.3662	0.94575	0.99346	0.04508	0.03185	0.06831	0.00862	0.00702	0.01604	0.02988	0	0	0.25628	0.02358	0.28311	0.67503	0.00263	0.16407	5.72284	11.67081	2.06202	0.20653	0.36767	0.64365	0.09746	0.36733	0.33523	0.72142	0.48574	0.13984
k__Bacteria.p__Actinobacteria.c__Actinobacteria.o__Bifidobacteriales.f__Bifidobacteriaceae.g__Scardovia	0.0	0.0	0.0	0.0	0	0.0	0	0	0.0	0.0	0.0	0.0	0.0	0.0	0.0	0.0	0.0	0.0	0.0	0	0.0	0.0	0.0	0.0	0.0	0.0	0.0	0.0	0.0	0.0	0.0	0	0	0.0	0	0.0	0.0	0	0.0	0.0	0.00603	0.00487	0.0	0.0	0.0	0.0	0.0	0.0	0.0	0.0	0.0	0.0	0	0	0.0	0.0	0.0	0.0	0.0	0.0	0.0	0.0	0.0	0.0	0.0	0.0	0.0	0.0	0.0	0.0	0.0	0.0
k__Bacteria.p__Actinobacteria.c__Actinobacteria.o__Corynebacteriales.f__Corynebacteriaceae.g__Corynebacterium	0	0	0	0	0	0	0	0	0	0	0	0	0	0	0.00928	0	0	0	0	0	0	0	0	0	0	0	0	0	0	0	0	0	0	0	0	0	0	0	0	0	0	0	0.00136	0	0.00013	0	0	0	0	0	0	0	0	0	0	0	0	0	0	0	0	0	0	0	0	0	0	0	0	0	0	0
k__Bacteria.p__Actinobacteria.c__Actinobacteria.o__Micrococcales.f__Micrococcaceae.g__Rothia	0.00785	0	0.00029	0	0	0.0	0	0.0	0	0	0	0	0	0	0.0	0.00185	0	0	0	0	0	0	0	0	0	0	0	0	0	0	0	0	0	0	0	0.00026	0	0	0.0	0.00096	0.00235	0	0.00375	0.00319	0.00198	0	0	0	0.0	0	0.0	0	0	0	0	0	0	0	0	0	0.00711	0.01358	0.01843	0	0	0.00087	0	0.0	0	0.0	0	0
k__Bacteria.p__Actinobacteria.c__Actinobacteria.o__Propionibacteriales.f__Propionibacteriaceae.g__Cutibacterium	0.0	0.0	0.0	0.0	0.0	0.0	0.0	0.0	0.0	0.0	0.0	0.0	0.0	0.0	0.0	0.0	0.0	0.0	0.0	0.0	0.0	0.0	0.0	0.0	0.0	0.0	0.0	0.0	0.0	0.0	0.0	0.0	0.0	0.0	0.0	0.0	0.0	0.0	0.0	0.0	0.0	0.0	0.0	0.0	0.0	0.0	0.0	0.0	0.0	0.0	0.00637	0.0	0.0	0.0	0.0	0.0	0.0	0.0	0.0	0.0	0.0	0.0	0.0	0.0	0.0	0.0	0.0	0.0	0.0	0.0	0.0	0.0
k__Bacteria.p__Actinobacteria.c__Actinobacteria.o__Propionibacteriales.f__Propionibacteriaceae.g__Propionibacterium	0.0	0.0	0.0	0.0	0.0	0.02015	0.0	0.02168	0.0	0.0	0.0	0.0	0.0	0.0	0.0	0.0	0.0	0.0	0.0	0.0	0.0	0.0	0.0	0.0	0.0	0.0	0.0	0.0	0.0	0.0	0.0	0.0	0.0	0.0	0.0	0.0	0.0	0.0	0.01119	0.0	0.0	0.0	0.0	0.0	0.0	0.0	0.0	0.0	0.0004	0.0	0.0	0.0	0.0	0.0	0.0	0.0	0.0	0.0	0.0	0.0	0.0	0.00063	0.0	0.0	0.0	0.0	0.0	0.0013	0.0	0.01423	0.0	0.0
k__Bacteria.p__Actinobacteria.c__Coriobacteriia.o__Coriobacteriales.f__Atopobiaceae.g__Atopobium	0.0	0.0	0.0	0.0	0.0	0.0	0.0	0.0	0.0	0.0	0.0	0.0	0.00219	0.0	0.0	0.0	0.0	0.0	0.0	0.0	0.0	0.0	0.0	0.0	0.0	0.0	0.0	0.0	0.0	0.0	0.0	0.0	0.0	0.0	0.0	0.0	0.0	0.0	0.0	0.0	0.0	0.0	0.0	0.0	0.0	0.0	0.0	0.0	0.0	0.0	0.0	0.0	0.0	0.0	0.00142	0.0	0.00016	0.0	0.0	0.0	0.0	0.0	0.0	0.0	0.0	0.0	0.0	0.0	0.0	0.0	0.0	0.0
k__Bacteria.p__Actinobacteria.c__Coriobacteriia.o__Coriobacteriales.f__Atopobiaceae.g__Olsenella	0.02126	0.0	0.0128	0.0	0.0	0.0	0.0	0.0	0.0	0.0	0.0	0.0	0.00178	0.00313	0.0066	0.0	0.0	0.0	0.0	0.0	0.0	0.0	0.0	0.0	0.0	0.0	0.0	0.00211	0.00288	0.00254	0.0	0.0	0.0	0.0	0.0	0.00024	0.0	0.0	0.0	0.00018	0.0	9e-05	0.0	0.0	0.0	0.0	0.0	0.0	0.0	0.0	0.0	0.0	0.00033	0.0	0.0	0.0	0.0	0.0	0.0	6e-05	0.0	0.00018	6e-05	0.0	0.0	0.0	0.0	0.0	0.0	0.0	0.0	0.0
k__Bacteria.p__Actinobacteria.c__Coriobacteriia.o__Coriobacteriales.f__Coriobacteriaceae.g__Collinsella	0.61829	0.0	0.23833	0.42606	0.0	0.47523	0.2249	0.0	0.0	0.0	0.0	0.0	0.7799	0.27668	0.82076	0.0002	0.0	0.14945	0.60716	0.0	0.20222	1.14638	0.0	0.25522	0.54117	0.0112	0.30149	0.0049	0.0755	0.28318	0.48329	0.0	0.31297	0.98842	0.00038	2.24004	0.05817	0.0	0.14055	1.03599	1.73083	1.18519	0.0	0.0	0.0	0.33165	0.32937	0.0308	0.10541	0.14445	0.05347	0.41696	0.018	0.1354	0.0	0.0	0.0	1.15809	0.18625	0.34802	0.96655	2.29041	0.6237	0.28976	0.23187	0.23962	0.0	0.0	0.0	0.15025	0.0	0.13812
k__Bacteria.p__Actinobacteria.c__Coriobacteriia.o__Coriobacteriales.f__Coriobacteriaceae.g__Enorma	0.00799	0.00396	0.00498	0.00132	0.0	0.00343	0.0	0.0	0.0	0.02974	0.24309	0.02519	0.00629	0.00471	0.00822	0.0	0.0	0.00064	0.00199	0.0	0.00097	0.00946	0.0	0.00126	0.0053	0.0	0.00203	2.32	1.23439	0.02987	0.00124	0.0	0.00149	0.00501	0.0	0.01172	0.0	0.0	0.00024	0.00898	0.01	0.00655	0.0	0.0	0.0	0.00346	0.00157	0.0	0.00011	0.0003	0.00012	0.00338	0.00053	0.00131	0.0	0.0	0.0	0.00281	0.0	0.00234	0.00772	0.01254	0.00939	0.00229	0.00284	0.00483	0.00011	0.0	0.0001	0.00098	0.02711	0.00747
k__Bacteria.p__Actinobacteria.c__Coriobacteriia.o__Eggerthellales.f__Eggerthellaceae.g__Adlercreutzia	0.03916	0.00854	0.02183	0.01282	0.00071	0.05123	0.01605	0.0	0.0075	0.00615	0.00826	0.01658	0.0	0.01208	0.0	0.0087	0.0	0.01357	0.0	0.0	0.0	0.02201	0.00859	0.00822	0.00821	0.00773	0.00213	0.06468	0.05117	0.04437	0.00851	0.00137	0.00872	0.00965	0.00284	0.0167	0.01051	0.00627	0.00584	0.00313	0.00295	0.00123	0.02651	0.01114	0.00692	0.26708	0.20854	0.00249	0.01605	0.06453	0.08993	0.05807	0.30684	0.03178	0.0	0.0	0.0	0.0	0.0	0.0	0.18006	0.24665	0.0492	0.10483	0.12615	0.15988	0.02852	0.02459	0.02804	0.00242	0.00112	0.00722
k__Bacteria.p__Actinobacteria.c__Coriobacteriia.o__Eggerthellales.f__Eggerthellaceae.g__Asaccharobacter	0.07794	0.02232	0.06332	0.01312	0.00458	0.05006	0.01864	0.0	0.0099	0.01152	0.01629	0.02807	0.0	0.0113	0.0	0.01798	0.0	0.02267	0.0	0.0	0.0	0.01879	0.00803	0.00749	0.01136	0.00844	0.00276	0.07971	0.04815	0.03925	0.00692	0.00173	0.00724	0.0206	0.00671	0.0333	0.02283	0.01732	0.01079	0.00446	0.00557	0.00201	0.02772	0.01442	0.006	0.18524	0.14158	0.00603	0.02004	0.0712	0.1056	0.16089	0.78687	0.08243	0.0	0.0	0.0	0.0	0.0	0.0	0.24847	0.31841	0.0631	0.11658	0.14084	0.17512	0.02876	0.03304	0.03136	0.00529	0.00314	0.01197
k__Bacteria.p__Actinobacteria.c__Coriobacteriia.o__Eggerthellales.f__Eggerthellaceae.g__Denitrobacterium	0.0	0.0	0.0	0.0	0.0	0.0	0.0	0.0	0.0	0.0	0.0	0.0	0.0	0.0	0.0	0.0	0.0	0.0	0.0	0.0	0.0	0.0	0.0	0.0	0.0	0.0	0.0	0.0	0.0	0.0	0.0	0.0	0.0	0.0	0.0	0.00097	0.0	0.0	0.0	0.0	0.0	0.0	0.0	0.0	0.0	0.0	0.0	0.0	0.0	0.0	0.0	0.0	0.0	0.0	0.0	0.0	0.0	0.0	0.0	0.0	0.0	0.0	0.0	0.0	0.0	0.0	0.0	0.0	0.0	0.0	0.0	0.0
k__Bacteria.p__Actinobacteria.c__Coriobacteriia.o__Eggerthellales.f__Eggerthellaceae.g__Eggerthella	0.0284	0.03079	0.00551	0.0077	0.02506	0.02267	0.03017	0.00177	0.04754	0.0	0.0009	0.0	0.0	0.0	0.0	0.00188	0.0	0.00917	0.02921	0.04512	0.01847	0.00756	0.00538	0.00254	0.0	0.0	0.0	0.00227	0.00103	0.0	0.0	0.0	0.0	0.04785	0.02632	0.56429	0.01586	0.0	0.0012	0.0	0.01197	0.0013	0.02506	0.01284	0.0025	0.0	0.0	0.00366	0.0	0.0	0.00036	0.00967	0.08324	0.00108	0.02931	0.00039	0.04367	0.06112	0.07654	0.00699	0.0123	0.04418	0.00521	0.0	0.0	0.0	0.09865	0.13026	0.0833	0.0	0.00691	0.00034
k__Bacteria.p__Actinobacteria.c__Coriobacteriia.o__Eggerthellales.f__Eggerthellaceae.g__Enterorhabdus	0.00127	0.0	0.00187	0.0	0.0	0.00222	0.0	0.0	0.0003	0.0	0.00015	0.00066	0.0	0.0	0.0	0.0	0.0	0.00044	0.0	0.0	0.0	0.00157	0.00026	0.00024	0.00034	0.0	0.0	0.00191	0.0017	0.00227	0.0	0.0	0.0	0.00132	0.00031	0.00654	0.00195	0.00088	0.00166	7e-05	0.00143	0.0	0.00158	0.00046	0.0	0.01293	0.01122	0.0	0.0007	0.00282	0.00343	0.0038	0.02024	0.00242	0.00689	0.0	0.0	0.0	0.0	0.0	0.00982	0.01487	0.00356	0.00431	0.00803	0.00954	0.00225	0.00289	0.00207	0.0	0.0	0.00063
k__Bacteria.p__Actinobacteria.c__Coriobacteriia.o__Eggerthellales.f__Eggerthellaceae.g__Gordonibacter	0.00748	0.00158	0.00249	0.01444	0.00202	0.02321	0.06203	0.0	0.03606	0.00114	0.00137	0.00028	0.0	0.0	0.0	0.00906	0.0	0.01583	0.01305	0.01001	0.0202	0.07169	0.00583	0.01922	0.00987	0.00361	0.00384	0.00246	0.0009	0.00099	0.0	0.0	0.0	0.0606	0.01166	0.36605	0.02257	0.00147	0.01283	0.00803	0.03221	0.00163	0.00734	0.01071	0.00641	0.00351	0.00137	0.00868	0.01743	0.02507	0.00635	0.05946	0.04441	0.01614	0.00631	0.0	0.00717	0.04518	0.02071	0.00175	0.10311	0.17477	0.02611	0.07305	0.05312	0.06596	0.01765	0.02371	0.01537	0.0004	0.00196	0.02439
k__Bacteria.p__Actinobacteria.c__Coriobacteriia.o__Eggerthellales.f__Eggerthellaceae.g__Slackia	0.0	0.0	0.0	0.0	0.0	0.0	0.0	0.0	0.0	0.0	0.0	0.0	0.18863	0.01481	0.35154	0.0	0.0	0.0	0.0	0.0	0.0	0.0	0.0	0.0	0.1615	0.00506	0.04349	0.0	0.01134	0.06754	0.0	0.0	0.0	0.0	0.0	0.00041	0.0	0.0	0.0	0.00052	0.0021	0.00065	0.0	0.0	0.0	0.0	0.0	0.0	0.0	0.0	0.0	0.0	0.0	0.0	0.0	0.0	0.0	0.0	0.0	0.0	0.0	0.0	0.0	0.0	0.0	0.00178	0.0	0.0	0.0	0.0	0.0	0.0
k__Bacteria.p__Bacteroidetes.c__Bacteroidia.o__Bacteroidales.f__Bacteroidaceae.g__Bacteroides	46.63464	55.19339	51.67567	52.99793	35.43189	61.13767	24.26572	11.38936	19.11803	37.97564	64.59708	58.8918	11.35334	16.33196	12.82177	62.30383	82.49605	73.36069	41.40676	62.04987	50.4308	46.01448	72.17523	63.12024	12.81086	16.11421	7.87386	12.0253	13.66523	28.8027	83.28686	53.79078	88.17202	69.77827	65.25584	15.62613	64.46722	54.02119	64.2866	14.1595	9.70855	32.96441	40.69732	50.60697	59.23407	49.5473	53.31753	43.92646	50.39826	32.10251	55.08059	72.57807	70.84001	81.94141	5.74852	28.74376	92.39477	48.75799	42.28671	67.49503	45.41183	35.21105	48.45542	17.43392	12.90542	38.76099	70.76286	68.46671	68.95641	54.5584	60.6473	59.84682
k__Bacteria.p__Bacteroidetes.c__Bacteroidia.o__Bacteroidales.f__Barnesiellaceae.g__Barnesiella	0.96685	0.67445	3.26875	1.4063	0.58537	2.28681	0.0	0.0	0.0	3.95014	1.9847	2.46177	2.13823	1.08211	1.64218	0.84005	1.59437	2.53682	0.0	0.0	0.0	5.12124	2.0522	4.82067	0.69211	0.65806	0.55492	2.16834	2.75409	2.84913	0.0	0.0	0.0	0.0	0.0	0.0	2.82086	2.55997	5.16823	1.5397	1.47196	2.14047	0.0	0.0	0.0	0.74025	0.83932	2.15918	0.66138	1.9985	1.59179	0.0	0.0	0.0	0.0	0.0	0.0	9.05689	1.87102	10.93037	0.0	0.0	0.00042	1.62335	1.07978	0.97941	0.0	0.0	0.0	2.07507	0.6677	1.95396
k__Bacteria.p__Bacteroidetes.c__Bacteroidia.o__Bacteroidales.f__Barnesiellaceae.g__Coprobacter	2.34646	2.65742	1.9848	0.0371	0.70764	0.0096	0.0	0.0	0.0	0.04572	0.08863	0.04625	0.01349	0.01252	0.31795	0.00473	0.00491	0.02527	0.0	0.0	0.0	0.0	0.0	0.0	0.0048	0.1569	0.05238	0.12667	0.26836	0.80531	0.0	0.0	0.0	0.0	0.0	0.0	0.0	0.0	0.0	0.2331	0.13253	0.21156	0.0	0.0	0.0	0.03326	0.01118	0.69101	0.09774	0.10777	0.05824	0.64573	0.48827	0.33865	0.0	0.0	0.0	0.0	0.0	0.0	0.0	0.0	0.0	0.20559	0.3774	0.34585	0.0	0.0	0.0	0.87335	0.70809	0.74561
k__Bacteria.p__Bacteroidetes.c__Bacteroidia.o__Bacteroidales.f__Odoribacteraceae.g__Butyricimonas	0.30455	0.04151	0.16238	0.14314	0.09361	0.01126	0.0	0.0	0.0	0.05519	0.03245	0.15524	0.17232	0.21875	0.35539	0.01493	0.02439	0.08382	0.53103	0.09243	0.40121	0.0	0.0	0.0	0.18101	0.19551	0.16094	0.05251	0.10143	0.11071	0.0	0.0	0.0	0.03357	0.05705	0.05026	0.10195	0.02515	0.04468	0.0	0.0	0.0	0.0	0.0	0.0	0.1226	0.08236	0.03728	0.19047	0.25765	0.13653	0.0	0.0	0.0	0.0	0.0	0.0	0.0	0.0	0.0	0.02751	0.04657	0.09281	0.0833	0.09145	0.21205	0.0	0.0	0.0	0.27124	0.06504	0.30482
k__Bacteria.p__Bacteroidetes.c__Bacteroidia.o__Bacteroidales.f__Odoribacteraceae.g__Odoribacter	1.23716	1.09723	1.57245	0.76138	1.43106	0.06866	0.0	0.0	0.0	1.00646	0.48526	0.72834	0.67693	1.13709	2.1691	0.35859	0.30851	0.86389	1.96612	0.37711	1.12452	0.28394	0.44916	1.01342	0.42225	0.32467	0.90405	0.25115	0.34961	0.59954	0.0	0.0	0.0	0.1694	0.38745	0.05567	1.24137	0.35883	0.81724	0.54094	0.3019	0.80194	0.52194	0.42791	0.75616	1.16934	0.896	1.44592	0.63651	0.82926	0.68263	1.50343	0.83042	0.94377	0.0	0.0	0.0	0.69022	0.47442	0.96152	0.76907	1.03625	1.75134	0.38601	0.48211	1.21405	0.51003	0.5529	0.64632	2.85454	0.56159	1.20219
k__Bacteria.p__Bacteroidetes.c__Bacteroidia.o__Bacteroidales.f__Porphyromonadaceae.g__Porphyromonas	0.00707	0.0	0.0	0.0	0.0	0.0	0.0	0.0	0.0	0.0	0.0	0.0	0.0	0.0	0.0	0.0	0.0	0.0	0.0	0.0	0.0	0.00155	0.0	0.0	0.0	0.0	0.00241	0.0	0.0	0.0	0.0	0.0	0.0	0.0	0.0	0.0	0.0	0.0	0.0	0.0	0.0	0.00015	0.0	0.0	0.0	0.0	0.0	0.0	0.0	0.0	0.0	0.0	0.0	0.0	0.0	0.0	0.0	0.0	0.0	0.0	0.0	0.00085	0.0	0.0	0.0	0.0	0.0	0.0	0.0	0.0	0.0	0.00178
k__Bacteria.p__Bacteroidetes.c__Bacteroidia.o__Bacteroidales.f__Porphyromonadaceae.g__Sanguibacteroides	0.0	0.0	0.0	0.0	0.0	0.0	0.0	0.0	0.0	0.0	0.0	0.0	0.18092	0.07671	0.0699	0.0	0.0	0.0	0.0	0.0	0.0	0.0	0.0	0.0	0.04689	0.32469	0.06939	0.02551	0.06215	0.1071	0.0	0.0	0.0	0.0	0.0	0.0	0.0	0.0	0.0	0.0	0.0	0.0	0.0	0.0	0.0	0.0	0.0	0.0	0.0	0.0	0.0	0.0	0.0	0.0	0.0	0.0	0.0	0.0	0.0	0.0	0.0	0.0	0.0	0.0	0.0	0.0	0.0	0.0	0.0	0.0	0.0	0.0
k__Bacteria.p__Bacteroidetes.c__Bacteroidia.o__Bacteroidales.f__Prevotellaceae.g__Paraprevotella	1.07313	0.91731	1.33884	0.0	0.0	0.0	0.0	0.0	0.0	0.0	0.0	0.0	0.21521	0.77202	0.1104	0.0	0.0	0.0	0.29737	1.87929	0.95423	0.0	0.0	0.0	0.34796	0.78098	0.2966	0.0	0.0	0.01079	0.0	0.0	0.0	0.0	0.0	0.0	0.0	0.0	0.0	0.0	0.0	0.0	0.0	0.0	0.0	4.48469	4.62375	7.17548	0.0	0.0	0.0	0.0	0.0	0.0	0.0	0.0	0.0	0.0	0.0	0.0	0.0	0.0	0.0	0.0	0.0	0.0	0.0	0.0	0.0	0.0	0.0	0.0
k__Bacteria.p__Bacteroidetes.c__Bacteroidia.o__Bacteroidales.f__Prevotellaceae.g__Prevotella	0.00626	0.0	0.0	0.0	0.0	0.00245	0.0	0.0	0.0	0.0	0.0	0.02329	66.11467	58.83519	54.17374	0.22803	0.02212	0.3047	0.0	0.0	0.0	0.02406	0.0	0.0	13.94554	12.23031	51.26316	0.01558	0.02277	0.10856	0.0	0.0	0.0	0.0	0.0	0.02179	0.0	0.0	0.00048	0.00122	0.0048	0.05043	0.0	0.0	0.0	0.0003	0.0	0.023	0.0	0.0	0.0	0.00029	0.0	0.0081	86.92593	67.6709	0.0	0.00104	0.0	0.0	0.0	0.01205	0.0	0.0	0.0	0.0	0.0	0.0	0.0	0.0	0.0	0.0
k__Bacteria.p__Bacteroidetes.c__Bacteroidia.o__Bacteroidales.f__Rikenellaceae.g__Alistipes	16.57056	8.358	12.95401	23.65209	14.20198	5.50495	0.0	0.0	0.0	34.0295	11.13689	16.6888	3.97479	4.09822	5.20368	6.89973	1.5863	3.5887	36.12078	8.75627	23.47717	8.26788	7.01224	11.73458	6.8478	8.93839	7.91157	8.11024	9.23075	16.29159	0.0	0.0	0.0	2.35381	6.16814	0.40394	10.19468	12.45334	6.43356	23.96614	14.80799	26.88151	12.65302	7.30875	13.71684	20.13074	16.72435	21.51777	14.78057	25.7094	11.80634	1.87568	1.76201	1.22121	0.0	0.0	0.0	22.51671	16.32563	5.91984	20.41923	21.29977	19.62949	29.55481	38.01316	20.19561	14.32435	12.76314	17.83375	19.62397	18.34545	17.00429
k__Bacteria.p__Bacteroidetes.c__Bacteroidia.o__Bacteroidales.f__Tannerellaceae.g__Parabacteroides	5.05478	15.54151	6.80824	4.64715	27.65257	3.21031	53.25324	71.92959	49.64982	3.5933	12.0607	3.95034	3.21412	5.30827	4.44588	3.16606	6.91703	7.22289	8.02162	8.52638	5.98457	5.02875	7.15417	4.05848	2.57304	4.52735	1.80275	2.79011	3.17061	1.63562	2.70606	30.70179	3.12656	2.56343	5.87569	6.94777	3.38865	19.75122	7.27844	4.89946	3.48276	4.89394	1.86255	1.88184	2.46592	6.35112	7.68087	4.76423	5.01721	8.37086	2.59584	4.67204	11.16475	4.67616	0.0	0.0	0.0	4.76517	29.11059	3.7061	5.48756	9.76343	6.85476	19.09306	15.25999	11.43125	3.53952	2.72703	2.14815	7.49247	8.67295	4.00298
k__Bacteria.p__Firmicutes.c__Bacilli.o__Bacillales.f__Bacillales_unclassified.g__Gemella	0.0	0.0	0.00321	0.0	0.0	0.00214	0.0	0.0	0.0	0.0	0.0	0.0	0.0	0.0	0.0	0.00188	0.0	0.0005	0.0	0.0	0.0	0.00132	0.0	0.00037	0.00291	0.0	0.0	0.0	0.0	0.0	0.0	0.0	0.0	0.0	0.0	0.0	0.0	0.0	0.00342	0.0	0.0	0.0	0.0	0.00093	0.00057	0.00092	0.0	0.0	0.0	0.0	0.0	0.0	0.0	0.0	0.0	0.0	0.0	0.0	0.0	0.0	0.0	0.0	0.0	0.0	0.0	0.0	0.0	0.0	0.0	0.0	0.0	0.0
k__Bacteria.p__Firmicutes.c__Bacilli.o__Lactobacillales.f__Aerococcaceae.g__Abiotrophia	0.0	0.0	0.0	0.0	0.0	0.0	0.0	0.0	0.0	0.0	0.0	0.0	0.0	0.0	0.0	0.0	0.0	0.0	0.0	0.0	0.0	0.0	0.0	0.0	0.0	0.0	0.0	0.0	0.0	0.0	0.0	0.0	0.0	0.0	0.0	0.0	0.0	0.0	0.0	0.0	0.0	4e-05	0.0	0.0	0.0	0.0	0.0	0.0	0.0	0.0	0.0	0.0	0.0	0.0	0.00029	0.0	0.0	0.0	0.0	0.0	0.0	0.0	0.0	0.0	0.0	0.0	0.0	0.0	0.0	0.0	0.0	0.0
k__Bacteria.p__Firmicutes.c__Bacilli.o__Lactobacillales.f__Enterococcaceae.g__Enterococcus	0.0	0.0	0.0	0.0	0.0	0.0	0.0	0.0	0.0	0.0	0.0	0.0	0.0	0.0	0.0	0.0	0.0	0.0	0.0	0.0	0.0	0.0	0.0	0.0	0.0	0.0	0.0	0.0	0.0	0.0	0.0	0.0	0.0	0.0	0.0	0.0	0.0	0.0	0.0	0.0	0.0	0.0	0.0	0.0	0.0	0.0	0.0	0.0	0.0	0.0	0.0	0.0	0.0	0.0	0.0	0.0	0.0	0.0	0.00369	0.0	0.0	0.0	0.0	0.0	0.0	0.0	0.0	0.0	0.0	0.0	0.0	0.0
k__Bacteria.p__Firmicutes.c__Bacilli.o__Lactobacillales.f__Lactobacillaceae.g__Lactobacillus	0.0	0.0	0.00043	0.0	0.0	0.0	0.0	0.0	0.0	0.01402	0.00041	0.00429	0.01684	0.0	0.00611	0.0	0.0	0.00744	0.0	0.0	0.0	0.00325	0.0	0.00696	0.00222	0.0	0.00164	0.0	0.0	0.0	0.0094	0.0	0.0	0.0	0.0	0.0	0.0	0.0	0.00678	0.0	0.0	0.0	0.20189	0.31629	0.08751	0.0	0.0	0.0	0.00072	0.0	0.00207	0.0	0.00407	0.0	0.00187	0.0	0.02491	0.01874	0.00083	0.00994	0.01624	0.0	0.01094	0.0	0.0	0.0	0.0	0.0	0.00476	0.0	0.0	0.0
k__Bacteria.p__Firmicutes.c__Bacilli.o__Lactobacillales.f__Streptococcaceae.g__Lactococcus	0.0	0.0	0.00175	0.0	0.0	0.00185	0.0	0.0	0.0	0.00462	0.00551	0.00568	0.0	0.0	0.0	0.0	0.0	0.0	0.0	0.0	0.0	0.0	0.0	0.00181	0.0	0.0	0.0	0.0	0.0	0.0	0.00133	0.0	0.0	0.0	0.0	0.0	0.0	0.0	0.0002	0.0	0.0	0.0	0.0	0.00044	0.04067	0.0	0.0	0.0	0.0	0.0	0.0	0.00579	0.0	0.0	0.00063	0.0	0.0	0.00033	0.0	0.00928	0.04156	0.00194	0.00261	0.0	0.05681	0.0	0.0	0.0	0.0	0.0	0.0	0.0
k__Bacteria.p__Firmicutes.c__Bacilli.o__Lactobacillales.f__Streptococcaceae.g__Streptococcus	0.05719	0.00341	0.03923	0.0178	0.00045	0.0223	0.00395	0.0	0.00335	0.11221	0.00566	0.02274	0.00012	0.0	0.11925	0.2142	0.0	0.36125	0.02512	0.0	0.01682	0.03687	0.09392	0.01704	0.12695	0.23835	0.07534	0.0	0.0	0.0	0.03978	0.07835	0.20489	0.01219	0.0	0.04566	0.00042	0.00155	0.31886	0.09243	0.24568	0.09187	0.26478	0.38535	0.22401	0.05127	0.02223	0.07006	0.01914	0.04057	0.07202	0.05161	0.06333	0.01416	0.02825	0.03954	0.00369	0.15821	0.0439	0.10045	0.04295	0.23644	0.06268	0.00119	0.00298	0.01735	0.0	0.0259	0.0	0.0988	0.11596	0.05684
k__Bacteria.p__Firmicutes.c__Clostridia.o__Clostridiales.f__Catabacteriaceae.g__Catabacter	0.0	0.0	0.0	0.0	0.0	0.0	0.0	0.00431	0.0	0.00701	0.0	0.0081	0.0	0.0	0.0	0.0	0.0	0.0	0.0	0.0	0.0	0.0	0.0	0.0	0.0	0.0	0.0	0.0	0.0	0.0	0.0	0.0	0.0	0.00129	0.01104	0.03665	0.0	0.0	0.0	0.0	0.0	0.0	0.0	0.0	0.0	0.0	0.0	0.0	0.0	0.0	0.0	0.0	0.0	0.0	0.0	0.0	0.0	0.0	0.0	0.0	0.00275	0.01279	0.0	0.0	0.0	0.0	0.0	0.0	0.0	0.0	0.0	0.0
k__Bacteria.p__Firmicutes.c__Clostridia.o__Clostridiales.f__Christensenellaceae.g__Christensenella	0.0	0.0	0.0	0.0	0.00024	0.01808	0.0	0.0	0.0	0.00257	0.0	0.0	0.0	0.00051	0.0	0.0	0.0	0.0	0.0	0.0	0.0	0.0	0.0	0.0	0.0	0.0	0.0	0.00984	0.01082	0.01004	0.0	0.0	0.0	0.0	0.0	0.0	0.00099	0.00078	0.00694	0.00183	0.004	0.00083	0.0	0.0	0.0057	0.00155	0.00241	0.00151	0.0	0.0	0.0	0.0	0.0	0.0	0.0	0.0	0.0	0.0	0.0	0.0	0.0	0.0	0.0	0.00264	0.0219	0.00247	0.0	0.0	0.00144	0.0	0.0	0.0
k__Bacteria.p__Firmicutes.c__Clostridia.o__Clostridiales.f__Clostridiaceae.g__Butyricicoccus	0.0	0.0	0.0	0.0	0.0	0.0	0.0	0.0	0.01423	0.0	0.0	0.0	0.0	0.0	0.0	0.0	0.0	0.0	0.0	0.0	0.0	0.0	0.0	0.0	0.0	0.0	0.0	0.0	0.0	0.0	0.0	0.0	0.0	0.0	0.0	0.0	0.0	0.0	0.0	0.0	0.0	0.0	0.0	0.0	0.0	0.0	0.0	0.0	0.0	0.0	0.0	0.0	0.0	0.0	0.0	0.0	0.0	0.0	0.0	0.0	0.0	0.0	0.0	0.0	0.0	0.0	0.0	0.0	0.0	0.0	0.0	0.0
k__Bacteria.p__Firmicutes.c__Clostridia.o__Clostridiales.f__Clostridiaceae.g__Clostridium	0.28589	0.04166	0.38668	0.29221	3.76421	0.08775	0.17769	0.01457	1.4943	0.0206	0.0	0.0	0.02487	0.12501	0.02226	0.01945	0.05697	0.25397	0.01883	0.0	0.03139	0.03952	0.1676	0.06125	4.39343	9.61937	3.61718	56.77464	56.0464	30.83624	0.12817	0.01148	0.02296	0.28324	0.11467	0.01348	0.18107	0.00334	0.10633	0.05361	0.08418	0.04621	0.03085	0.00933	0.02557	0.0	0.0	0.0	0.61832	1.29505	0.17714	0.0	0.0	0.0	0.00265	0.0	0.0608	0.05064	0.09303	0.00908	0.07592	0.06363	0.05731	0.35226	1.11331	0.26075	0.32542	0.17918	0.04029	0.09989	0.12727	0.26427
k__Bacteria.p__Firmicutes.c__Clostridia.o__Clostridiales.f__Clostridiaceae.g__Hungatella	0.0	0.00393	0.0	0.0	0.11596	0.02181	0.04964	2.98661	0.02654	0.0	0.00775	0.0	0.0	0.0	0.0	0.0	0.09983	8e-05	0.0	0.0	0.0	0.00134	0.09672	0.0	0.02355	0.0	0.0	0.0	0.0	0.0	0.00058	0.0	0.00741	0.01041	0.00289	0.05459	0.00053	0.0	0.0	0.0	0.00024	7e-05	0.0	0.0	0.00142	0.09187	0.21272	0.00494	0.0	0.00027	0.0	0.0	0.08883	0.0	0.0	0.00201	0.01313	0.01381	0.00423	5e-05	0.00766	0.00701	0.0	0.0	0.0	0.0	0.01813	0.02056	0.00928	0.0	0.0	0.0
k__Bacteria.p__Firmicutes.c__Clostridia.o__Clostridiales.f__Clostridiales_Family_XIII_Incertae_Sedis.g__Clostridiales_Family_XIII_Incertae_Sedis_unclassified	0.0	0.0	0.0	0.0	0.0	0.00274	0.0	0.0	0.0	0.0	0.0	0.0	0.0	0.0	0.0	0.0	0.0	0.0	0.0	0.0	0.0	0.0	0.0	0.0	0.0	0.0	0.0	0.0	0.0	0.0	0.0	0.0	0.0	0.0	0.0	0.0	0.0	0.0	0.0	0.00086	0.00168	0.00079	0.0	0.0	0.0	0.0	0.0	0.0	0.0	0.0	0.0	0.0	0.0	0.0	0.0	0.0	0.0	0.0	0.0	0.0	0.0	0.0	0.0	0.0	0.0	0.0	0.0	0.0	0.0	0.0	0.0	0.0
k__Bacteria.p__Firmicutes.c__Clostridia.o__Clostridiales.f__Clostridiales_Family_XIII_Incertae_Sedis.g__Mogibacterium	0.0	0.0	0.0	0.0	0.0	0.0	0.0	0.0	0.0	0.0	0.0	0.0	0.0	0.0	0.0	0.0	0.0	0.0	0.0	0.0	0.0	0.0	0.0	0.0	0.0	0.0	0.0	0.0	0.0	0.0	0.0	0.0	0.0	0.0	0.0	0.0	0.0	0.0	0.0	0.0	0.0	0.0	0.0	0.0	0.0	0.0	0.0	0.0	0.0	0.0	0.0	0.0	0.0	0.0	0.0	0.0	0.0	0.0	0.0	0.0	0.0	0.00083	0.0	0.0	0.0	0.0	0.0	0.0	0.0	0.0	0.0	0.0
k__Bacteria.p__Firmicutes.c__Clostridia.o__Clostridiales.f__Clostridiales_unclassified.g__Clostridiales_unclassified	0.00105	0.0	0.00338	0.0	0.00036	0.00352	0.0	0.0	0.0	0.0	0.0	0.0	0.0	0.00343	0.0	0.0	0.02817	0.0	0.0	0.0	0.0	0.0	0.0	0.0	0.0	0.0	0.0	0.02621	0.02425	0.0	0.01125	0.04037	0.00906	0.01529	0.01227	0.00501	0.00137	0.00273	0.00242	0.0	0.0	0.0	6.86247	2.3246	0.0	0.00067	0.00423	0.00263	0.0	0.0	0.0	0.0	0.0	0.0	0.0	0.0	0.0	0.0	0.0	0.0	0.00055	0.0	0.0	0.0	0.0	0.0	0.0	0.0	0.0	0.0	0.0	0.0
k__Bacteria.p__Firmicutes.c__Clostridia.o__Clostridiales.f__Clostridiales_unclassified.g__Intestinimonas	0.17801	0.91236	0.1504	0.02391	0.01083	0.0501	1.09083	0.0	0.20223	0.12174	0.04737	0.01793	0.00303	0.03312	0.0	0.00231	0.04876	0.02605	0.12015	0.00237	0.09631	0.03697	0.0	0.0	0.20872	1.84016	0.05703	0.25084	0.15973	0.0149	0.05294	0.0	1.61143	0.3428	0.80986	3.7828	0.16052	1.27556	0.14342	0.9637	2.14632	0.27881	0.02281	0.01849	0.00967	0.06099	0.04971	0.23928	0.05823	0.05315	0.01049	0.13052	3.10513	0.09024	0.0	0.0	0.0	0.0	0.0	0.0	0.13881	0.34005	0.03124	0.01518	0.04883	0.02623	0.0	0.0	0.0	0.08179	0.06795	0.42355
k__Bacteria.p__Firmicutes.c__Clostridia.o__Clostridiales.f__Clostridiales_unclassified.g__Lawsonibacter	0.05969	0.03466	0.14046	0.08766	0.11148	0.07075	0.65855	0.0	0.2868	0.0733	0.07473	0.03034	0.11998	0.17819	0.1071	0.06992	0.01716	0.11503	0.0505	0.13159	0.10327	0.10677	0.12691	0.12814	0.03459	0.07479	0.00858	1.60549	1.11674	0.34677	0.00094	0.0	0.0	0.13269	0.04707	0.12925	0.19676	0.01601	0.26354	0.11256	0.06628	0.02254	0.01156	0.01575	0.00434	0.01213	0.0088	0.058	0.14654	0.25857	0.0605	0.0683	0.17813	0.09058	0.0067	0.0	0.0	0.164	0.00233	0.0	0.38673	0.22076	0.13698	0.04833	0.03968	0.01865	0.01458	0.02311	0.02405	0.01155	0.00973	0.39877
k__Bacteria.p__Firmicutes.c__Clostridia.o__Clostridiales.f__Clostridiales_unclassified.g__Monoglobus	0.0	0.0	0.0	0.0	0.0	0.03105	0.0203	0.0	0.00818	0.05888	0.01318	0.04335	0.0	0.0	0.0	0.0	0.0	0.0	0.00331	0.0	0.00336	0.0	0.0	0.0	0.0	0.0	0.0	0.0	0.0	0.0	0.0	0.0	0.0	0.18116	0.0	0.6479	0.25256	0.00335	0.1921	0.0309	0.04351	0.01064	0.0	0.0	0.0	0.0	0.0	0.01489	0.0	0.0	0.0	0.0	0.0	0.0	0.0	0.0	0.0	2.04418	0.73025	0.0091	0.0	0.0	0.0	0.14489	0.2218	0.0361	0.0	0.0	0.0	0.04844	0.0	0.0
k__Bacteria.p__Firmicutes.c__Clostridia.o__Clostridiales.f__Eubacteriaceae.g__Eubacteriaceae_unclassified	0.0	0.0	0.0	0.0	0.0	0.0	0.0	0.0	0.0	0.0	0.00034	0.0	0.0	0.0	0.0	0.0	0.0	0.0	0.0	0.0	0.0	0.0	0.0	0.0	0.0	0.0	0.0	0.0	0.0	0.0	0.0	0.0	0.0	0.00416	0.0	0.00166	0.0	0.0	0.0	0.0	0.0	0.0	0.0	0.0	0.0	0.0	0.0	0.0	0.0	0.00191	0.0	0.0	0.0	0.0	0.0	0.0	0.0	0.0	0.0	0.0	0.00655	0.00575	0.00095	0.0	0.0	0.0	0.0	0.0	0.0	0.0	0.0	0.0
k__Bacteria.p__Firmicutes.c__Clostridia.o__Clostridiales.f__Eubacteriaceae.g__Eubacterium	0.53379	0.44339	7.81938	0.15119	0.0	0.36385	4.90082	0.0	14.34465	0.40293	0.3398	0.56563	0.33367	0.10571	1.26443	3.18918	0.14466	0.80902	0.30297	0.39674	2.80513	0.17776	0.00713	0.14591	2.34365	1.03067	1.02598	0.04653	0.11153	0.78423	0.05963	0.0	0.35018	0.1438	0.06696	0.17038	1.49095	0.0	1.75265	28.28287	35.02471	20.17141	1.65791	1.63474	2.73382	0.80124	0.67927	9.02049	1.67701	1.01956	7.13355	1.78397	0.72049	0.40944	0.0784	0.0	0.0042	0.13225	0.0088	0.03125	1.35182	0.63557	0.79207	2.08487	1.1251	0.99752	0.0243	0.05051	0.01233	0.00371	0.0	3.19968
k__Bacteria.p__Firmicutes.c__Clostridia.o__Clostridiales.f__Lachnospiraceae.g__Anaerostipes	0.02433	0.0	0.07096	0.00318	0.0	0.04341	0.05934	0.0	0.24581	0.03552	0.00435	0.0531	0.0	0.0	0.01352	0.01748	0.0	0.10159	0.01833	0.0	0.01545	0.04926	0.00018	0.03553	0.02224	0.0	0.00194	0.0	0.0	0.03288	0.21145	0.0	0.09978	0.00282	0.01139	0.01653	0.01208	0.0	0.04704	0.0792	0.1293	0.04055	0.16732	0.42752	0.0967	0.07847	0.03549	0.09446	0.05437	0.06256	0.07565	0.10202	0.0096	0.01872	0.00903	0.0	0.0279	0.09652	0.0	0.00322	0.05956	0.18282	0.08166	0.00472	0.00281	0.03369	0.10264	0.11109	0.01832	0.12924	0.0	0.07951
k__Bacteria.p__Firmicutes.c__Clostridia.o__Clostridiales.f__Lachnospiraceae.g__Anaerotignum	0.05822	0.0	0.0	0.0	0.0	0.0	0.55936	0.30454	0.19057	0.0	0.0	0.0	0.0	0.0	0.0	0.0	0.0	0.0	0.00011	0.0	0.0	0.0	0.0	0.0	0.0	0.0	0.0	0.0	0.0	0.0	0.0	0.0	0.0	0.0	0.0	0.0	0.0	0.00159	0.0401	0.0	0.0	0.00132	0.0	0.0	0.0	0.0	0.0	0.0	0.00248	0.00354	0.00123	0.0	0.0	0.0	0.0	0.0	0.0	0.0	0.0	0.0	0.0	0.0	0.0	0.0	0.0	0.0	0.02334	0.05604	0.00741	0.0	0.0	0.0
k__Bacteria.p__Firmicutes.c__Clostridia.o__Clostridiales.f__Lachnospiraceae.g__Blautia	0.45056	0.02074	0.10726	0.06301	0.18026	0.12013	0.38791	0.26088	0.21646	0.169	0.00863	0.07914	0.13512	0.02166	0.16813	0.30015	0.0025	0.12766	0.17515	0.08756	0.07324	0.25078	0.06761	0.13793	0.58311	0.01775	0.06326	0.0043	0.00841	0.2311	0.33109	0.45238	0.13672	0.54423	0.2009	0.44001	0.17565	0.03592	0.21875	0.2878	0.68835	0.32514	0.06421	0.22156	0.09341	0.08797	0.04978	0.15484	0.32524	0.54324	0.09327	0.05245	0.20191	0.0049	0.27193	0.01339	0.44482	0.2087	0.5892	0.53524	0.0709	0.32606	0.13993	0.01959	0.01647	0.04846	0.29119	1.9269	0.61639	0.06974	0.41534	0.59768
k__Bacteria.p__Firmicutes.c__Clostridia.o__Clostridiales.f__Lachnospiraceae.g__Butyrivibrio	0.0	0.0	0.0	0.0	0.0	0.0	0.0	0.0	0.0	1.18714	1.26234	0.11525	0.0	0.0	0.0	0.0	0.0	0.0	0.0	0.0	0.0	0.0	0.0	0.0	0.0	0.0	0.0	0.0	0.0	0.0	0.0	0.0	0.0	0.0	0.0	0.0	0.0	0.0	0.0	0.0	0.0	0.0	0.0	0.0	0.0	0.0	0.0	0.0	8.57497	9.45498	2.02176	0.0	0.0	0.0	0.0	0.0	0.0	0.0	0.0	0.0	0.0	0.0	0.0	0.0	0.0	0.0	0.0	0.0	0.0	0.0	0.0	0.0
k__Bacteria.p__Firmicutes.c__Clostridia.o__Clostridiales.f__Lachnospiraceae.g__Coprococcus	0.5127	0.13895	0.08938	0.05226	0.0	0.24356	0.07796	0.0	0.32706	0.085	0.00971	0.0532	0.63846	0.47455	0.55867	1.35592	0.01304	0.09329	0.01463	0.00398	0.03433	0.16791	0.00432	0.06104	0.22136	0.04863	0.11172	0.00564	0.01569	0.56212	0.11186	0.0	0.04135	0.14752	0.03532	0.02194	0.08945	0.0	0.07313	0.00186	0.01622	0.00049	5.99457	4.80309	2.16141	0.12417	0.07423	0.21074	0.02994	0.03937	0.04286	0.06568	0.05528	0.41065	0.7208	0.0	0.03882	0.03519	0.0216	0.01175	0.05387	0.1149	0.08234	0.37889	0.32576	2.19734	0.0	0.0	0.0	0.01324	0.0	0.0
k__Bacteria.p__Firmicutes.c__Clostridia.o__Clostridiales.f__Lachnospiraceae.g__Dorea	0.1328	0.0	0.04251	0.05645	0.0	0.05027	0.06691	0.0	0.06087	0.62245	0.01773	0.1045	0.39388	0.25719	0.61713	0.11329	0.0	0.05922	0.08005	0.0	0.07831	0.15049	0.00349	0.06857	0.36465	0.02262	0.10282	0.0	0.0	0.07227	0.04958	0.0	0.0	0.1158	0.0089	0.08668	0.04996	0.0	0.08899	0.11998	0.09216	0.08108	0.07415	0.12101	0.04165	0.0628	0.02616	0.21855	0.10217	0.13471	0.07005	0.12474	0.02151	0.39062	0.09115	0.0	0.08556	0.35442	0.07383	0.13676	0.28328	0.8946	0.36278	0.13786	0.07688	0.13136	0.12106	0.46768	0.21287	0.09337	0.0053	0.1162
k__Bacteria.p__Firmicutes.c__Clostridia.o__Clostridiales.f__Lachnospiraceae.g__Eisenbergiella	0.01123	0.07136	0.0041	0.0	0.0	0.1595	0.71998	0.11056	0.48983	0.02072	0.00256	0.00143	0.0	0.00186	0.0	0.0	0.01336	0.01405	0.00344	0.00107	0.005	0.02505	0.03332	0.00802	0.00564	0.03581	0.0	0.0	0.00278	0.00783	0.0	0.0	0.0	0.10184	0.21042	0.1306	0.00378	0.01415	0.00761	0.01082	0.30705	0.0033	0.0	0.0	0.0	0.00732	0.01409	0.00834	0.00328	0.0065	0.00212	0.0	0.05273	0.0	0.0	0.0	0.01627	0.05071	0.0	0.0	0.00338	0.02015	0.00353	0.0011	0.0	0.0	0.03085	0.03684	0.01117	0.0	0.03154	0.00766
k__Bacteria.p__Firmicutes.c__Clostridia.o__Clostridiales.f__Lachnospiraceae.g__Fusicatenibacter	0.09668	0.0	0.09953	0.05084	0.0	0.0	0.0	0.0	0.0	0.12979	0.0	0.17045	0.03004	0.0	0.13371	0.76795	0.0	0.19584	0.12173	0.0	0.09987	0.33103	0.0	0.35284	0.1272	0.0	0.09934	0.0	0.00355	0.13977	0.0196	0.0	0.09485	0.0	0.0	0.0	0.13012	0.0	0.02773	0.29439	0.59912	0.05192	0.41601	0.3	0.15823	0.05882	0.03245	0.05572	0.06664	0.05861	0.02601	0.09751	0.0	0.01605	0.01867	0.00556	0.02206	0.17577	0.0	0.00149	0.07462	0.06202	0.24857	0.18022	0.18822	0.16049	0.0	0.01179	0.04753	0.1959	0.0	0.0
k__Bacteria.p__Firmicutes.c__Clostridia.o__Clostridiales.f__Lachnospiraceae.g__Lachnoclostridium	0.15646	1.71514	0.05763	0.04311	3.94206	0.08327	0.52806	8.06181	0.57976	0.00635	0.11886	0.0	0.0	0.36337	0.00152	0.00458	1.1521	0.02468	0.05266	1.97219	0.03018	0.11806	2.33418	0.03461	0.06344	1.99419	0.00197	0.16452	0.1474	0.0	0.20086	9.13404	0.52112	0.27449	5.44501	0.21211	0.10079	2.01404	0.09142	0.08184	0.12694	0.03488	0.00088	0.00065	0.00316	0.15161	0.32994	0.01368	0.02004	0.02439	0.01002	0.0	0.25437	0.00251	0.00614	0.28941	0.07356	0.04433	0.22346	0.03509	0.04632	0.06216	0.03628	0.00688	0.00242	0.00274	0.03151	0.0638	0.0441	0.05817	1.21112	0.54371
k__Bacteria.p__Firmicutes.c__Clostridia.o__Clostridiales.f__Lachnospiraceae.g__Lachnospira	0.26208	0.12363	1.83436	0.71615	0.0	0.0	3.54048	0.0	4.76649	1.46107	0.33394	0.02659	1.27345	0.09882	1.17153	0.0	0.0	0.0	0.10088	0.0	1.42697	0.26741	0.08405	0.71058	1.02348	0.0	0.40147	0.0	0.0	0.0	0.56791	0.0	0.02007	0.4206	0.0525	0.00393	0.0	0.0	0.0	0.0	0.00935	0.08063	6.17939	10.74968	2.60223	0.0	0.0	0.0	1.00783	0.01902	0.24984	1.07323	0.0	0.0	1.62585	0.0	0.47449	0.95052	0.1545	0.69047	2.42155	0.61812	1.52784	0.0	0.0	0.0	1.51354	0.73493	1.13352	0.0	0.0	0.0
k__Bacteria.p__Firmicutes.c__Clostridia.o__Clostridiales.f__Lachnospiraceae.g__Lachnospiraceae_unclassified	3.72832	0.0	1.23528	0.14138	0.0	4.2291	0.0	0.0	0.14588	1.23203	0.0	2.46651	1.23571	0.0	1.05535	3.48496	0.0	0.34867	0.74754	0.40377	0.27981	2.00042	0.0	0.977	0.60539	0.0	0.26299	0.0	0.00145	0.46237	0.28739	0.0	0.0	0.00338	0.0	0.0	1.02135	0.0	2.16723	0.00115	0.00114	0.07515	2.30597	1.30458	0.95956	0.0009	0.00081	0.0	0.54776	0.3575	0.11835	0.12788	0.0	0.14671	0.17993	0.0	1.93532	1.20396	0.03966	0.44557	1.72975	2.73551	3.51021	2.80657	2.72149	1.69691	0.29216	1.33538	0.81728	0.28818	0.0	0.0
k__Bacteria.p__Firmicutes.c__Clostridia.o__Clostridiales.f__Lachnospiraceae.g__Marvinbryantia	0.0	0.0	0.0	0.0	0.0	0.0	0.0	0.0	0.0	0.0	0.0	0.0	0.0	0.0	0.0	0.0	0.0	0.0	0.0	0.0	0.0	0.0	0.0	0.0	0.0	0.0	0.0	0.0	0.0	0.0	0.0	0.0	0.0	0.01954	0.0	0.05767	0.0	0.0	0.0	0.0	0.0	0.0	0.0	0.0	0.0	0.0	0.0	0.0	0.0	0.0	0.0	0.0	0.0	0.0	0.0	0.0	0.0	0.0	0.0	0.0	0.0	0.0	0.0	0.0	0.0	0.0	0.0	0.0	0.0	0.0	0.0	0.0
k__Bacteria.p__Firmicutes.c__Clostridia.o__Clostridiales.f__Lachnospiraceae.g__Murimonas	0.0	0.0	0.0	0.0	0.0	0.0	0.0	0.0	0.0	0.0	0.0	0.0	0.0	0.0	0.0	0.0	0.0	0.0	0.0	0.0	0.0	0.0	0.0	0.0	0.0	0.0	0.0	0.0	0.0	0.0	0.0	0.0	0.0	0.0	0.0	0.0	0.0	0.00597	0.0	0.0	0.0	0.0	0.0	0.0	0.0	0.0	0.0	0.0	0.0	0.0	0.0	0.0	0.0	0.0	0.0	0.0	0.0	0.0	0.0	0.0	0.0	0.0	0.0	0.0	0.0	0.0	0.0	0.00029	0.0	0.0	0.0	0.0
k__Bacteria.p__Firmicutes.c__Clostridia.o__Clostridiales.f__Lachnospiraceae.g__Roseburia	1.73254	0.07264	0.86456	4.28952	0.0	7.37954	0.53208	0.0	2.59052	1.30066	0.23778	1.16445	0.74143	0.16642	0.9945	4.65524	0.0	3.59638	1.90638	1.61343	0.92434	1.01624	0.00672	1.47652	3.57341	0.55548	1.54548	0.01126	0.03127	0.35432	0.93548	0.0	0.54917	0.31867	0.0	0.01021	4.57922	0.04153	2.28471	0.05929	0.16764	0.14803	6.01368	5.3074	1.48578	2.99518	1.86453	0.20475	4.50921	2.92774	5.42871	2.85206	0.46131	0.35661	0.43864	0.0	0.11025	0.93832	0.0	0.1086	0.7379	0.58341	2.41389	4.68854	2.22875	2.29904	0.37036	1.47566	0.0	1.7942	0.0	0.18727
k__Bacteria.p__Firmicutes.c__Clostridia.o__Clostridiales.f__Lachnospiraceae.g__Sellimonas	0.0	0.00529	0.0004	0.0	0.01293	0.0	0.0	0.0	0.0001	0.0	0.0	0.0	0.0	0.0	0.0	0.0	0.00099	0.0	0.0	0.0	0.0	0.0	0.00437	0.0	0.0	0.0	0.0	0.0	0.0	0.0	0.0	0.02153	0.02381	0.0	0.0158	0.0	0.0	0.0	0.0	0.0	0.0	0.0	0.0	0.0	0.0	0.0	0.0	0.0	0.0	0.0	0.0	0.0	0.00758	0.0	0.0	0.0	0.0	0.0	0.00408	0.0	0.0	0.0	0.0	0.0	0.0	0.0	0.00421	0.01089	0.00663	0.0	0.0	0.01485
k__Bacteria.p__Firmicutes.c__Clostridia.o__Clostridiales.f__Oscillospiraceae.g__Oscillibacter	6.15871	0.01018	1.66844	1.68339	0.0	0.73207	0.83937	0.0	1.20102	1.61928	0.00349	0.7198	1.43266	1.83865	2.14793	1.16187	0.0	0.0	0.0	0.0	0.0	0.04487	0.0	0.24622	16.38298	5.45345	10.06283	0.00504	0.00762	0.04092	0.0	0.0	0.0	5.58347	0.05624	1.01205	1.4267	0.0	0.29861	8.56345	7.05833	1.68882	4.14328	2.08278	2.63132	2.91078	2.23711	0.63568	3.11666	5.97914	2.95467	1.34722	0.91009	2.2558	0.0	0.0	0.0	0.37402	0.0168	0.03308	0.54234	0.3305	1.21321	1.71086	1.43649	1.73343	0.0	0.0	0.0	0.0	0.0	0.0
k__Bacteria.p__Firmicutes.c__Clostridia.o__Clostridiales.f__Peptostreptococcaceae.g__Intestinibacter	0.0	0.0	0.0	0.0	0.0	0.0	0.0	0.0	0.00139	0.0	0.0	0.0	0.0004	0.0	0.0	0.0	0.0	0.0	0.0	0.0	0.00133	0.01708	0.0	0.00461	0.00885	0.0	0.0	0.0	0.0	0.0	0.0	0.0	0.0	0.0	0.0	0.0	0.00077	0.0	0.0	0.00028	0.00228	0.0	0.0	0.0	0.0	0.0	0.0	0.0	0.0	0.0	0.0	0.0	0.0	0.0	0.0	0.0	0.0	0.0	0.0	0.0	0.0	0.0	0.0	0.0	0.0	0.0	0.0	0.0	0.0	0.0	0.0	0.0
k__Bacteria.p__Firmicutes.c__Clostridia.o__Clostridiales.f__Peptostreptococcaceae.g__Romboutsia	0.0	0.0	0.0	0.0	0.0	0.0	0.0	0.0	0.0	0.0	0.0	0.0	0.0	0.0	0.0	0.00045	0.0	0.0	0.0	0.0	8e-05	0.00027	0.0	0.0	0.0	0.0	0.0	0.0	0.0	0.0	0.0	0.0	0.0	0.0	0.0	0.0	0.0	0.0	0.0	0.0	0.0	0.0	0.0	0.0	0.0	0.0	0.0	0.0	0.0	0.0	0.0	0.0	0.0	0.0	0.0	0.0	0.0	0.0	0.0	0.0	0.0	0.0	0.0	0.0	0.0	0.0	0.0	0.0	0.0	0.0	0.0	0.0
k__Bacteria.p__Firmicutes.c__Clostridia.o__Clostridiales.f__Ruminococcaceae.g__Agathobaculum	0.11929	0.0	0.0	0.01306	0.00598	0.02909	0.15262	0.0	0.0	0.05144	0.00178	0.02976	0.05943	0.0073	0.11511	0.0667	0.0	0.08936	0.03358	0.06128	0.02669	0.00862	0.0	0.00428	0.00097	0.0	0.00577	0.0	0.01235	0.0	0.09115	0.0	0.06024	0.0	0.0	0.0	0.05356	0.0	0.05642	0.01179	0.00185	0.01335	0.20659	0.3671	0.07275	0.17803	0.11063	0.11007	0.04078	0.05378	1.19274	0.15249	0.0	0.0	0.08101	0.0	0.02546	0.10544	0.08306	0.03566	0.46363	1.74169	0.18185	0.11307	0.06244	0.2048	0.105	0.12337	0.09347	0.12497	0.01672	0.13018
k__Bacteria.p__Firmicutes.c__Clostridia.o__Clostridiales.f__Ruminococcaceae.g__Anaerofilum	0.0	0.0	0.0	0.0	0.0	0.0	0.0	0.0	0.0	0.0	0.0	0.0	0.0	0.0	0.0	0.0	0.0	0.0	0.0	0.0	0.0	0.0	0.0	0.0	0.0	0.0	0.0	0.0	0.0	0.0	0.0	0.0	0.0	0.0	0.0	0.0	0.0	0.0	0.0	0.0	0.0	0.0	0.0	0.0	0.0	0.0	0.0	0.0	0.0	0.0	0.0	0.0	0.0	0.0	0.0	0.0	0.0	0.0	0.0	0.0	0.0	0.0	0.0	0.0	0.0	0.0	0.0	0.0	0.0	0.0	0.0	7e-05
k__Bacteria.p__Firmicutes.c__Clostridia.o__Clostridiales.f__Ruminococcaceae.g__Anaeromassilibacillus	0.00038	0.0	0.00741	0.0	0.0	0.02069	0.01639	0.0	0.00019	0.01088	0.00039	0.00011	0.00078	0.02057	0.00226	0.0	0.0	0.00213	0.00597	0.0	0.0052	0.00973	0.0	0.00412	0.01242	0.13682	7e-05	0.07644	0.08347	0.14554	0.00227	0.0	0.04866	0.0043	0.00083	0.00669	0.01812	0.0	0.01173	0.04616	0.12307	0.00044	0.0	0.0	0.0	0.0	0.0	0.0	0.00759	0.02268	0.0	0.0	0.0	0.0	0.0	0.0	0.0	0.0	0.0	0.0	0.00195	0.00238	0.0	0.00017	0.00855	0.00149	0.0	0.0	0.0	0.0	0.0	0.01084
k__Bacteria.p__Firmicutes.c__Clostridia.o__Clostridiales.f__Ruminococcaceae.g__Anaerotruncus	0.02824	0.00863	0.06319	0.0	0.0	0.00768	0.42386	0.0	0.15177	0.00459	0.0	0.0	0.0	0.0	0.0	0.0	0.0	0.01711	0.03578	0.00972	0.01887	0.22099	0.01162	0.05069	0.00061	0.0	0.0	0.0	0.0	0.0	0.00074	0.0	0.45014	0.12386	0.0302	0.014	0.01069	0.0	0.02556	0.05946	0.03417	0.02595	0.00046	0.0	0.0009	0.0055	0.00283	0.00313	0.00487	0.03469	0.0	4.54851	0.00174	0.0001	0.0	0.0	0.0	0.0	0.0	0.0	0.05979	0.06101	0.04389	0.0	0.0	0.00658	0.0771	0.03763	0.01301	0.00759	0.0	0.04414
k__Bacteria.p__Firmicutes.c__Clostridia.o__Clostridiales.f__Ruminococcaceae.g__Faecalibacterium	2.56431	2.34411	2.32742	1.09838	1.08824	1.10962	1.48766	0.23607	1.40018	2.12576	0.81851	1.9573	1.09741	1.62776	1.16171	2.16189	0.60981	2.8897	1.1191	5.0852	0.92439	0.87852	1.69807	1.2346	2.2568	3.61236	2.44131	0.92673	0.67023	1.52169	3.73123	0.0	0.55404	0.28087	1.78511	0.11102	3.10337	0.51575	1.77792	1.05006	0.54695	0.57066	3.60616	2.47198	2.07234	6.07143	5.8722	3.88448	1.81211	2.4295	1.8834	3.49035	2.97297	2.49337	1.45392	0.59021	0.14492	0.76845	0.38041	0.03377	4.33235	2.23442	3.20985	7.22364	3.20967	3.14466	1.24632	1.4491	1.5652	5.02816	1.85141	4.87558
k__Bacteria.p__Firmicutes.c__Clostridia.o__Clostridiales.f__Ruminococcaceae.g__Flavonifractor	0.21461	0.98909	0.10038	0.18144	6.13559	0.18556	0.90695	2.36687	0.34406	0.04229	0.1617	0.0511	0.07507	0.93511	0.00557	0.07061	0.6311	0.13319	0.0602	0.28191	0.11065	0.62515	2.30185	0.40784	0.08699	0.7033	0.02234	0.05944	0.03486	0.01084	3.31473	2.52017	1.16857	0.20601	0.61158	0.07653	0.27026	0.78052	0.18309	0.34526	0.35271	0.38042	0.05574	0.0561	0.05145	0.15914	0.25576	0.02277	0.1157	0.20363	0.16395	0.02539	1.54918	0.02766	0.05188	0.30655	0.8814	1.07935	6.80739	0.04818	0.34541	0.13285	0.15024	0.0	0.0022	0.02331	0.48555	1.9873	0.82863	0.30203	3.0562	0.53792
k__Bacteria.p__Firmicutes.c__Clostridia.o__Clostridiales.f__Ruminococcaceae.g__Gemmiger	0.0203	0.0057	0.02248	0.12255	0.00288	0.28479	0.0	0.0	0.0	0.01051	0.00545	0.04948	0.05967	0.02045	0.05298	0.26017	0.02548	0.23232	0.05825	0.02015	0.06245	0.44668	0.01499	0.18157	0.07813	0.03141	0.02238	0.00294	0.00624	0.14186	0.00229	0.0	0.0	0.0	0.0	0.0	0.06654	0.00326	0.08139	0.00916	0.03118	0.00176	0.04484	0.04586	0.02754	0.16883	0.1513	0.12734	0.01775	0.04414	0.12909	0.14445	0.0136	0.13891	0.0891	0.0	0.0	0.23596	0.0	0.0	0.0	0.0	0.0	0.01829	0.02089	0.02371	0.0	0.0	0.0	0.0348	0.0181	0.07064
k__Bacteria.p__Firmicutes.c__Clostridia.o__Clostridiales.f__Ruminococcaceae.g__Harryflintia	0.0507	0.05512	0.0154	0.0	0.0	0.02152	0.03715	0.0	0.00222	0.025	0.01843	0.00282	0.00425	0.00509	0.0024	0.00092	0.0	0.02076	0.0	0.0	0.00161	0.0	0.0	0.0	0.02551	0.18319	0.00746	0.0	0.0	0.0	0.0	0.0	0.0	0.03727	0.49076	0.04756	0.03295	0.01723	0.03023	0.03288	0.08477	0.01065	0.0	0.0	0.01379	0.00975	0.01091	0.04925	0.01014	0.02959	0.0	0.0	0.0	0.00372	0.0	0.0	0.0	0.0	0.0	0.0	0.03322	0.07407	0.00979	0.00278	0.04206	0.01199	0.0	0.0	0.0	0.0	0.0	0.0
k__Bacteria.p__Firmicutes.c__Clostridia.o__Clostridiales.f__Ruminococcaceae.g__Pseudoflavonifractor	0.02073	0.07642	0.0045	0.0	0.0006	0.00316	0.00085	0.0	0.0	0.00336	0.00929	0.00625	0.0	0.00174	0.00083	0.0	0.0	0.0	0.0013	0.0	0.01578	0.0	0.0	0.0	0.0	0.0	0.00035	0.00993	0.00611	0.00083	0.0	0.0	0.0	0.11929	0.09471	0.15072	0.00078	0.0	0.00116	0.00907	0.00681	0.00651	0.0	0.00051	0.00023	0.00175	0.0	0.0008	0.01195	0.0238	0.00357	0.0	0.0	0.0	0.0	0.0	0.0	0.0	0.0	0.0	0.02164	0.0216	0.03106	0.0	0.0	0.0	0.0	0.0	0.0	0.00806	0.0	0.02597
k__Bacteria.p__Firmicutes.c__Clostridia.o__Clostridiales.f__Ruminococcaceae.g__Ruminococcaceae_unclassified	0.2277	6.13116	1.04851	0.00153	1.41609	0.02197	1.71408	0.04199	0.06592	0.6433	0.18739	0.9487	0.26823	1.11958	1.05797	0.02491	0.00885	0.1616	0.06541	1.23009	0.03653	0.27686	0.12979	0.22472	0.13455	0.12431	0.03761	0.72464	0.64288	0.21282	0.07424	0.01151	0.22651	2.53443	5.00276	0.61445	0.00733	0.04465	0.2576	0.24656	0.38245	0.09929	0.02022	0.01261	0.06569	0.0	0.0	0.0	0.02651	0.06167	0.01724	0.11014	1.26423	2.23272	0.0	0.0	0.0	0.02731	0.06601	0.00354	2.50402	1.60605	1.12008	0.11425	0.14097	0.16763	0.00297	0.22797	0.08134	0.41965	0.68622	0.72403
k__Bacteria.p__Firmicutes.c__Clostridia.o__Clostridiales.f__Ruminococcaceae.g__Ruminococcus	0.65922	0.45435	0.44516	0.2964	0.0	0.36001	0.35879	0.0	0.10039	0.77495	1.22867	1.43961	0.26893	0.7037	1.62905	0.13154	0.0	0.25792	1.48518	3.60608	2.02956	5.56872	0.35182	2.54031	4.75505	0.99312	0.43231	1.54435	1.35963	2.04054	0.0239	0.0	0.0	0.61506	0.66427	2.50942	1.01548	0.0	1.48552	4.61619	7.80823	1.91683	3.16742	1.92204	2.25966	0.74592	1.07063	1.65817	2.64249	2.39123	3.63264	0.34231	0.11055	0.59928	0.33499	0.0	0.0	0.0	0.0	0.0	0.25598	1.06721	0.5605	1.86832	2.24253	0.53856	0.0777	0.08956	0.07634	0.02751	0.00178	0.07717
k__Bacteria.p__Firmicutes.c__Clostridia.o__Clostridiales.f__Ruminococcaceae.g__Ruthenibacterium	1.21624	0.94516	0.13784	0.3335	1.14666	0.3966	1.21778	0.67506	1.05373	0.11297	0.07959	0.0792	0.21904	0.29626	0.21409	0.08794	0.02066	0.27114	0.16091	0.15857	0.07451	0.88076	0.33192	0.43298	0.44036	0.48162	0.06899	0.50587	0.30739	0.16872	0.05777	0.0	0.18776	1.38661	1.25512	7.0033	0.159	0.08959	0.30749	1.134	3.31252	0.88956	0.25535	0.06769	0.56353	0.11013	0.17352	0.03984	0.1614	0.683	0.34243	0.09348	0.37001	0.16104	0.00886	0.0	0.11283	1.26758	0.12582	0.01238	1.81673	0.39238	0.08654	0.12957	0.14389	0.10487	0.65775	0.51191	0.53064	0.26275	0.14598	0.33914
k__Bacteria.p__Firmicutes.c__Erysipelotrichia.o__Erysipelotrichales.f__Erysipelotrichaceae.g__Absiella	0.0	0.0	0.0	0.0	0.0	0.0	0.0	0.0	0.0	0.0	0.0	0.0	0.0	0.0	0.0	0.0	0.0	0.0	0.0	0.0	0.0	0.00011	0.0	0.00357	0.0	0.0	0.0	0.0	0.0	0.0	0.00951	0.0	0.00171	0.00587	0.0	0.0	0.0	0.0	0.0	0.0	0.0	0.0	0.0	0.0	0.0	0.0	0.0	0.0	0.00191	0.0123	0.00259	0.0	0.0	0.0	0.01077	0.0	0.00378	0.0	0.0	0.0	0.0	0.0	0.0	0.0	0.0	0.0	0.00031	0.00737	0.00181	0.0	0.0	0.0
k__Bacteria.p__Firmicutes.c__Erysipelotrichia.o__Erysipelotrichales.f__Erysipelotrichaceae.g__Candidatus_Stoquefichus	0.0	0.0	0.0	0.0	0.0	0.0	0.0	0.0	0.0	0.0	0.0	0.0	0.0	0.0	0.0	0.0	0.0	0.00172	0.0	0.0	0.0	0.0	0.01704	0.0	0.0	0.00044	0.0	0.0	0.0	0.0	0.0	0.00737	0.0	0.0	0.0	0.0	0.0	0.0	0.0	0.0	0.0	0.0	0.0	0.0	0.0	0.0	0.0	0.0	0.0	0.0	0.0	0.0	0.0	0.0	0.0	0.0	0.00452	0.0	0.0	0.0	0.0	0.0	0.0	0.0	0.0	0.0	0.0	0.0	0.0	0.0	0.0	0.00276
k__Bacteria.p__Firmicutes.c__Erysipelotrichia.o__Erysipelotrichales.f__Erysipelotrichaceae.g__Catenibacterium	0.0	0.0	0.0	0.0	0.0	0.0	0.0	0.0	0.0	0.0	0.0	0.0	0.02705	0.07427	0.0166	0.0	0.0	0.0	0.01447	0.07237	0.00439	0.0	0.0	0.0	0.0	0.0	0.0	0.0	0.0	0.0	0.0	0.0	0.0	0.0	0.0	0.0	0.0	0.0	0.0	0.0	0.0	0.0	0.0	0.0	0.0	0.0	0.0	0.0	0.0	0.0	0.0	0.0	0.0	0.0	0.0	0.0	0.0	0.0	0.0	0.0	0.0	0.0	0.0	0.0	0.0	0.0	0.0	0.0	0.0	0.0	0.0	0.0
k__Bacteria.p__Firmicutes.c__Erysipelotrichia.o__Erysipelotrichales.f__Erysipelotrichaceae.g__Coprobacillus	0.0	0.0	0.0	0.0	0.0	0.0	0.0	0.0	0.0	0.0	0.0	0.04502	0.0	0.0	0.0	0.0	0.0	0.0	0.0	0.0	0.0	0.0	0.0	0.0	0.0	0.0	0.0	0.0	0.0	0.0	0.0	0.0	0.00269	0.0	0.0	0.02446	0.0	0.0	0.0	0.0	0.0	0.0	0.0	0.0	0.0	0.0	0.0	0.0	0.0	0.0	0.0	0.0	0.0	0.0	0.0	0.0	0.0	0.0	0.0	0.0	0.0024	0.00912	0.00154	0.0	0.0	0.0	0.0	0.0	0.0	0.0	0.0	0.0
k__Bacteria.p__Firmicutes.c__Erysipelotrichia.o__Erysipelotrichales.f__Erysipelotrichaceae.g__Dielma	0.16732	0.0	0.01056	0.01421	0.00164	6e-05	0.01788	0.00034	0.04244	0.0	0.0	0.00302	0.00603	0.00019	0.00025	0.0	0.0	0.01479	0.0	0.0	0.0	0.07704	0.01187	0.00491	0.00839	0.00316	0.0	0.0	0.0	0.0	0.0	0.0	0.01266	0.04156	0.02478	0.05619	0.00748	0.00093	0.00445	0.00896	0.01584	0.11623	0.0017	0.00432	0.00926	0.01875	0.01006	0.01963	0.00555	0.0086	0.00377	0.0	0.0	0.0	0.0	0.0	0.0	0.01371	0.0	0.0	0.0002	0.03337	0.00531	0.0	0.0	0.0	0.01363	0.03379	0.00825	0.0	0.0	0.0
k__Bacteria.p__Firmicutes.c__Erysipelotrichia.o__Erysipelotrichales.f__Erysipelotrichaceae.g__Erysipelatoclostridium	0.0	0.0	0.00049	0.0	0.00073	0.0	0.00288	0.02567	0.0	0.00466	0.00474	0.02399	0.0	0.0	0.0	0.00325	0.0	0.0	0.0	0.0	0.0	0.00518	0.02135	0.00013	0.0	0.0	0.0	0.0	0.0	0.0	0.0096	0.21425	0.00567	0.00275	0.03993	0.07685	0.0	0.02605	0.0022	0.05566	0.01228	0.01516	0.0	0.0127	0.00224	0.02638	0.05324	0.0	0.0	0.00287	0.0	0.00136	0.02629	0.00141	0.007	0.01497	0.00611	0.0	0.06402	0.0	0.00442	0.01194	0.00517	0.00125	0.00023	0.00409	0.05362	0.10057	0.02251	0.0	0.15369	0.00532
k__Bacteria.p__Firmicutes.c__Erysipelotrichia.o__Erysipelotrichales.f__Erysipelotrichaceae.g__Faecalicoccus	0.15692	0.0	0.0	0.0	0.0	0.0	0.0	0.0	0.0	0.0	0.0	0.0	0.0	0.0	0.0	0.0	0.0	0.0	0.0	0.0	0.0	0.0	0.0	0.0	0.0	0.0	0.0	0.0	0.0	0.0	0.0	0.0	0.0	0.0	0.0	0.0	0.0	0.0	0.0	0.0	0.0	0.0	0.0	0.0	0.0	0.0	0.0	0.0	0.0	0.0	0.0	0.0	0.0	0.0	0.0	0.0	0.0	0.0	0.0	0.0	0.0	0.0	0.0	0.0	0.0	0.0	0.0	0.0	0.0	0.0	0.0	0.0
k__Bacteria.p__Firmicutes.c__Erysipelotrichia.o__Erysipelotrichales.f__Erysipelotrichaceae.g__Faecalitalea	0.0	0.0	0.0	0.0	0.0	0.0	0.0	0.0	0.0	0.0	0.0	0.0	0.0	0.0	0.0	0.0	0.0	0.0	0.0	0.0	0.0	0.0	0.0	0.0	0.0	0.0	0.0	0.0	0.0	0.00801	0.0	0.0	0.0	0.0	0.0	0.0	0.0	0.0	0.0	0.0	0.0	0.0	0.0042	0.00928	0.00669	0.0	0.0	0.0	0.0	0.0	0.00263	0.0	0.0	0.0	0.0	0.0	0.0	0.0	0.0	0.0	0.0	0.0	0.0	0.0	0.0	0.0	0.0	0.0	0.0	0.0	0.0	0.0
k__Bacteria.p__Firmicutes.c__Erysipelotrichia.o__Erysipelotrichales.f__Erysipelotrichaceae.g__Holdemanella	0.0	0.0	0.0	0.0	0.0	0.0	0.0	0.0	0.0	0.0	0.0	0.0	0.02206	0.0	0.03504	0.0	0.0	0.0	0.0	0.0	0.0	0.0	0.0	0.0	0.00938	0.0	0.00056	0.0	0.0	0.0	0.0	0.0	0.0	0.0	0.0	0.0	0.0	0.0	0.0	0.01376	0.01908	0.00896	0.0	0.0	0.0	0.0	0.0	0.0	0.0	0.0	0.0	0.0	0.0	0.0	0.0	0.0	0.0	0.0	0.0	0.0	0.0	0.0	0.0	0.0	0.0	0.0	0.0	0.0	0.0	0.0	0.0	0.0
k__Bacteria.p__Firmicutes.c__Erysipelotrichia.o__Erysipelotrichales.f__Erysipelotrichaceae.g__Holdemania	0.06943	0.00709	0.02112	0.04197	0.0	0.05417	0.2874	0.0	0.5141	0.00428	0.00557	0.00367	0.02184	0.01595	0.02761	0.0	0.0	0.0	0.0	0.0	0.0	0.1958	0.06059	0.11987	0.07162	0.07618	0.03701	0.0	0.0	0.00575	0.07638	0.0	0.02676	0.32353	0.02971	0.0687	0.0	0.0	0.0	0.27774	0.38935	0.18313	0.0464	0.02935	0.05413	0.0	0.0	0.0	0.0684	0.07192	0.03767	0.01197	0.02092	0.02027	0.0	0.0	0.0	0.0	0.0	0.0	0.0	0.0	0.0	0.01561	0.01229	0.01714	0.0	8e-05	0.0	0.00992	0.00767	0.02504
k__Bacteria.p__Firmicutes.c__Erysipelotrichia.o__Erysipelotrichales.f__Erysipelotrichaceae.g__Massiliomicrobiota	0.0	0.0	0.0	0.0	0.0	0.0	0.0	0.0	0.0	0.0	0.0	0.0	0.0	0.0	0.0	0.0	0.0	0.0	0.0	0.0	0.0	0.0	0.0	0.0	0.0	0.00345	0.0	0.0	0.0	0.0	0.0	0.0	0.0	0.0	0.0	0.0	0.0	0.0	0.0	0.0	0.0	0.0	0.0	0.0	0.0	0.0	0.0	0.0	0.0	0.0	0.0	0.0	0.0	0.0	0.0	0.0	0.0	0.0	0.0	0.0	0.0	0.0	0.0	0.0	0.0	0.0	0.0	0.0	0.0	0.0	0.0	0.0
k__Bacteria.p__Firmicutes.c__Erysipelotrichia.o__Erysipelotrichales.f__Erysipelotrichaceae.g__Turicibacter	0.0	0.0	0.00203	0.0	0.0	0.01531	0.0	0.0	0.0	0.0	0.00387	0.00661	0.0	0.0	0.0	0.00266	0.0	0.00057	0.00588	0.0	0.0307	0.031	0.0	0.00133	0.00033	0.0	0.0	0.0	0.0	0.0	0.0	0.0	0.0	0.0	0.0	0.0	0.0	0.0	0.00599	0.00441	0.0059	0.00516	0.0	0.00844	0.0	0.0	0.0	0.0	0.0	0.0	0.0	0.0	0.0	0.0	0.0	0.0	0.0	0.0	0.0	0.0	0.0	0.0	0.0	0.0	0.0	0.0	0.0	0.0	0.0	0.0	0.0	0.0
k__Bacteria.p__Firmicutes.c__Firmicutes_unclassified.o__Firmicutes_unclassified.f__Firmicutes_unclassified.g__Firmicutes_unclassified	0.02008	0.00626	0.01635	0.28713	0.12083	0.58719	0.96829	0.0	0.20411	0.29688	0.20637	0.03162	0.54152	0.8391	1.37177	0.57454	0.0	0.52294	0.22221	0.51344	0.31988	1.29933	0.01991	0.28843	2.24911	3.12824	0.69297	0.93069	0.54232	0.27322	0.00372	0.0	0.0	0.26174	0.0001	0.75753	0.17056	0.00133	0.12583	3.64399	5.00974	0.75975	0.19077	0.12573	0.13266	0.27665	0.32966	0.034	0.12419	0.39481	0.41816	0.59091	0.2258	0.23861	7e-05	0.0	0.05175	0.0	0.0	0.0	0.28352	0.82163	0.21563	0.23121	0.69916	0.40207	0.01119	0.0533	0.01277	0.593	0.00861	0.33007
k__Bacteria.p__Firmicutes.c__Negativicutes.o__Acidaminococcales.f__Acidaminococcaceae.g__Acidaminococcus	0.0	0.0	0.0	2.31706	0.0	8.2756	0.0	0.0	0.0	0.0	0.0	0.0	0.0	0.0	0.0	0.0	0.0	0.00968	0.0	0.0	0.0	0.0	0.0	0.0	0.0	0.0	0.0	0.0	0.06082	0.35247	0.0	0.0	0.0	0.0	0.0	0.0	0.0	0.0	0.0	0.0	0.0	0.0	0.0	0.0	0.0	0.0	0.0	0.0	0.0	0.0	0.0	0.0	0.0	0.0	0.0	0.0	0.0	0.0	0.0	0.0	0.0	0.0	0.0	0.0	0.0	0.0	0.0	0.0	0.0	0.0	0.0	0.0
k__Bacteria.p__Firmicutes.c__Negativicutes.o__Acidaminococcales.f__Acidaminococcaceae.g__Phascolarctobacterium	0.0	0.0	0.0	0.1808	0.00287	0.69247	0.0	0.0	0.0	0.0	0.0	0.0	0.07497	0.0	0.01754	0.0	0.0	0.0	0.24584	0.28146	0.00243	0.0	0.0	0.0	1.82798	0.97249	0.55212	0.4238	0.74285	2.49466	0.0	0.0	0.0	0.0	0.0	0.0	0.0	0.0	0.0	0.33714	0.92968	0.97329	0.61231	1.81912	0.18819	0.1391	0.12023	0.2795	0.14407	0.24006	0.2178	0.44389	0.93648	0.4012	0.0	0.0	0.0	0.0	0.0	0.0	0.39423	0.37462	0.3107	0.98755	0.8179	0.73394	0.0	0.0	0.0	0.536	0.10148	1.27019
k__Bacteria.p__Firmicutes.c__Negativicutes.o__Selenomonadales.f__Selenomonadaceae.g__Megamonas	0.0	0.0	0.0	0.01268	0.0	0.02285	0.0	0.0	0.0	0.0	0.0	0.0	0.0	0.0	0.0	0.0	0	0.0	0.0	0.0	0.0	0.0	0.0	0.0	0.0	0.0	0.0	0.0	0.0	0.0	0.0	0.0	0.0	0.0	0.0	0.0	0.0	0.0	0.0	0.0	0.0	0.0	0.0	0.0	0.0	0.0	0.0	0.0	0.0	0.0	0.0	0.0	0.0	0.0	0.0	0.0	0.0	0.0	0.0	0.0	0.0	0.0	0.0	0.0	0.0	0.0	0.0	0.0	0.0	0.0	0.0	0.0
k__Bacteria.p__Firmicutes.c__Negativicutes.o__Selenomonadales.f__Selenomonadaceae.g__Mitsuokella	0.0	0.0	0.0	0.0	0.0	0.0	0.0	0.0	0.0	0.0	0.0	0.0	0.01849	0.00835	0.00954	0.0	0	0.0	0.0	0.0	0.0	0.0	0.0	0.0	0.0	0.0	0.0	0.0	0.0	0.0	0.0	0.0	0.0	0.0	0.0	0.0	0.0	0.0	0.0	0.0	0.0	0.0	0.0	0.0	0.0	0.0	0.0	0.0	0.0	0.0	0.0	0.0	0.0	0.0	0.0	0.0	0.0	0.0	0.0	0.0	0.0	0.0	0.0	0.0	0.0	0.0	0.0	0.0	0.0	0.0	0.0	0.0
k__Bacteria.p__Firmicutes.c__Negativicutes.o__Veillonellales.f__Veillonellaceae.g__Allisonella	0.0	0.0	0.0	0.0008	0.0	0.0	0.0	0.0	0.0	0.0	0.0	0.0	0.00383	0.0	0.00358	0.0	0	0.0	0.0	0.0	0.0	0.0	0.0	0.0	0.0	0.0	0.0	0.0	0.0	0.0	0.0	0.0	0.0	0.0	0.0	0.0	0.0	0.0	0.0	0.0	0.0	0.0	0.0	0.0	0.0	0.0	0.0	0.0	0.0	0.0	0.0	0.0	0.0	0.0	0.0	0.0	0.0	0.0	0.0	0.0	0.0	0.0	0.0	0.0	0.0	0.0	0.0	0.0	0.0	0.0	0.0	0.0
k__Bacteria.p__Firmicutes.c__Negativicutes.o__Veillonellales.f__Veillonellaceae.g__Dialister	0.89323	0.0	0.02983	2.0979	0.0	0.00503	0.25642	0.0	0.0	1.02966	0.00193	0.53512	0.0	0.0	0.0	0.33446	0	0.39616	2.07065	0.0	4.34158	2.62656	0.0	0.77765	0.0	0.0	0.0	0.0	0.0	0.0	0.70704	0.0	0.29508	1.70344	0.00014	0.67843	0.01429	0.0	0.09846	0.04448	0.01089	0.00339	0.0	0.0	0.0	0.0317	0.02486	0.11859	0.0	0.0	0.0	0.0	0.0	0.0	1.33217	0.0	0.73415	1.432	0.0	0.75239	0.0	0.0	0.0	0.0	0.0	0.0	0.2138	0.41649	0.46884	0.0	0.0	0.0
k__Bacteria.p__Firmicutes.c__Negativicutes.o__Veillonellales.f__Veillonellaceae.g__Megasphaera	0.0	0.0	0.0	0.12815	0.0	0.0	0.0	0.0	0.0	0.0	0.0	0.0	0.04477	0.0145	0.03321	0.0	0	0.0	0.0	0.0	0.0	0.0	0.0	0.0	0.0	0.0	0.0	0.0	0.0	0.0	0.0	0.0	0.0	0.0	0.0	0.0	0.0	0.0	0.0	0.26181	0.10473	0.17321	0.0	0.0	0.0	0.0	0.0	0.0	0.0	0.0	0.0	0.0	0.0	0.0	0.0	0.0	0.0	0.0	0.0	0.0	0.0	0.0	0.0	0.0	0.0	0.0	0.0	0.0	0.0	0.0	0.0	0.0
k__Bacteria.p__Firmicutes.c__Negativicutes.o__Veillonellales.f__Veillonellaceae.g__Veillonella	0.09047	0.0	0.0232	0.0	0.0	0.00135	0.00525	0.0	0.01441	0.05002	0.0	0.0239	0.0	0.0	0.0	0.25195	0	0.00743	0.00644	0.0	0.0004	0.03531	0.0	0.15234	0.0	0.0	0.00234	0.0	0.0	0.01522	1.07424	0.0	0.04955	0.0	0.0	0.0	0.00776	0.0	0.02049	0.00225	0.00142	0.00157	0.08078	1.38567	0.11664	0.03097	0.01678	0.12643	0.00124	0.0	0.02782	0.12199	0.0	0.05723	0.11726	0.0	0.89813	0.00328	0.0	0.70113	0.01111	0.01064	0.03937	0.01377	0.14027	0.48605	0.0	0.00059	0.01422	0.18511	0.0	0.00209
k__Bacteria.p__Firmicutes.c__Tissierellia.o__Tissierellales.f__Peptoniphilaceae.g__Parvimonas	0.0	0.0	0.00124	0.0	0.0	0.0	0.0	0.0	0.0	0.0	0.0	0.0	0.0	0.0	0.0	0.0	0	0.0	0.0	0.0	0.0	0.0	0.0	0.0	0.0	0.0	0.0	0.0	0.0	0.0	0.0	0.0	0.0	0.0	0.0	0.0	0.0	0.0	0.0	0.0	0.0	0.0	0.0	0.0	0.0	0.0	0.0	0.0	0.0	0.0	0.0	0.0	0.0	0.0	0.0	0.0	0.0	0.0	0.0	0.0	0.0	0.0	0.0	0.0	0.0	0.0	0.0	0.0	0.0	0.0	0.0	0.0
k__Bacteria.p__Fusobacteria.c__Fusobacteriia.o__Fusobacteriales.f__Fusobacteriaceae.g__Fusobacterium	0.0	0.0	0.0	0.0	0.0	0.0	0.0	0.0	0.0	0.0	0.0	0.0	0.0	0.0	0.0	0.0	0	0.0	0.0	0.0	0.0	0.0	0.0	0.0	0.0	0.0	0.0	0.0	0.0	0.0	0.0	0.0	0.0	0.0	0.02381	0.0	0.0	0.0	0.0	0.00015	0.0	0.0	0.0	0.0	0.0	0.0	0.0	0.0	0.0	0.0	0.0	0.0	0.0	0.0	0.0	0.0	0.0	0.00771	0.01289	0.18787	0.0	0.0	0.0	0.0	0.0	0.0	0.0	0.0	0.0	0.0	0.0	0.0
k__Bacteria.p__Lentisphaerae.c__Lentisphaeria.o__Victivallales.f__Victivallaceae.g__Victivallis	0.0	0.0	0.0	0.0	0.0	0.0	0.0	0.0	0	0.0	0.0	0.0	0.00126	0.02096	0.24618	0.0	0.0	0.0	0.0	0.0	0.0	0.0	0.0	0.0	0.0	0.0	0.00148	0.0003	0.0	0.0	0.0	0.0	0.0	0.0	0.0	0.0	0.0	0.0	0.0	0.0	0.0	0.0	0.0	0.0	0.0	0.0	0.0	0.0	0.0	0.0	0.0	0.0	0.0	0.0	0.0	0.0	0.0	0.0	0.0	0.0	0.0	0.0	0.0	0.03505	0.03174	0.0108	0.0	0.0	0.0	0.0	0.0	0.0
k__Bacteria.p__Proteobacteria.c__Betaproteobacteria.o__Burkholderiales.f__Comamonadaceae.g__Comamonas	0.0	0.0	0.0	0.0	0.0	0.0	0.0	0.0	0	0.0	0.0	0.0	0.0	0.0	0.0	0.0	0.0	0.0	0.0	0.0	0.0	0.0	0.0	0.0	0.0	0.0	0.0	0.0	0.0	0.0	0.0	0.0	0.0	0.0	0.0	0.0	0.01705	0.0	0.0	0.0	0.0	0.0	0.14538	0.00678	0.0075	0.0	0.0	0.0	0.0	0.0	0.0	0.0	0.0	0.0	0.0	0.0	0.0	0.0	0.0	0.0	0.0	0.0	0.0	0.0	0.0	0.0	0.0	0.0	0.0	0.0	0.0	0.0
k__Bacteria.p__Proteobacteria.c__Betaproteobacteria.o__Burkholderiales.f__Oxalobacteraceae.g__Oxalobacter	0.0	0.0	0.0	0.0	0.0	0.0	0.0	0.0	0	0.0	0.0	0.0	0.0	0.0	0.0	0.0	0.0	0.0	0.0	0.0	0.0	0.0	0.0	0.0	0.0	0.0	0.0	0.0	0.0	0.0	0.0	0.0	0.0	0.02568	0.00811	0.03816	0.0	0.0	0.0	0.0	0.0	0.0	0.0	0.0	0.0	0.0	0.0	0.0	0.0	0.0	0.0	0.0	0.0	0.0	0.0	0.0	0.0	0.0	0.0	0.0	0.0	0.0	0.0	0.65762	0.89597	0.62361	0.0	0.0	0.0	0.0	0.0	0.0
k__Bacteria.p__Proteobacteria.c__Betaproteobacteria.o__Burkholderiales.f__Sutterellaceae.g__Parasutterella	0.99967	0.31914	0.24115	0.24955	0.64257	0.02705	0.0	0.0	0	1.2845	0.66224	2.25065	0.04579	0.3797	0.05174	1.84247	0.81417	0.2369	0.07843	2.03106	0.14419	0.27168	0.07815	0.1988	0.02963	0.24165	0.02205	0.17834	0.16651	0.36172	0.48616	0.979	1.1623	0.19897	0.52175	0.05597	1.13676	3.58468	1.25718	0.08269	0.02666	0.07936	0.0	0.0	0.0	0.28824	0.23276	0.15298	1.23858	0.54061	0.69442	0.0	0.0	0.0	0.0	0.0	0.0	0.0	0.0	0.0	0.07731	0.05186	0.1778	0.20668	0.32483	0.17545	3.14067	2.3561	2.20985	0.11444	1.34977	0.11443
k__Bacteria.p__Proteobacteria.c__Betaproteobacteria.o__Burkholderiales.f__Sutterellaceae.g__Sutterella	0.0	0.0	0.00072	0.0	0.0	0.0	0.0	0.0	0	0.0	0.0	0.0	0.03776	0.01565	0.16572	0.0	0.0	0.00264	0.01427	0.0	0.00706	0.0	0.0	0.0	0.00492	0.0	0.09018	0.0	0.00044	0.00374	0.0	0.0	0.0	0.0	0.0	0.0	0.0	0.0	0.0	0.02099	0.00125	0.04419	0.00098	0.00146	0.00034	0.00198	0.00296	0.01076	0.00069	0.00031	0.00128	0.00514	0.0016	0.00882	0.0	0.0	0.0	0.0	0.0	0.0	0.0	0.0	0.0	0.03896	0.04789	0.05498	0.0	0.0	0.0	0.03068	0.0	0.00154
k__Bacteria.p__Proteobacteria.c__Betaproteobacteria.o__Burkholderiales.f__Sutterellaceae.g__Turicimonas	0.00871	0.00445	0.00421	0.00597	0.02945	0.00025	0.0	0.0	0	0.02831	0.01287	0.04952	0.0	0.01712	0.00151	0.11451	0.05454	0.00768	0.0	0.03555	0.00347	0.19888	0.06211	0.13226	0.0	0.0071	0.0	0.00343	0.00123	0.02021	0.00442	0.02053	0.02143	0.00632	0.01666	0.00366	0.10695	0.11085	0.08853	0.00552	0.0	0.00193	0.0	0.0	0.0	0.02182	0.01628	0.01207	0.06091	0.02416	0.04913	0.0	0.0	0.0	0.0	0.0	0.0	0.0	0.0	0.0	0.18046	0.10118	0.32109	0.04686	0.08296	0.02594	0.14142	0.09672	0.09135	0.00557	0.05739	0.00703
k__Bacteria.p__Proteobacteria.c__Deltaproteobacteria.o__Desulfovibrionales.f__Desulfovibrionaceae.g__Bilophila	0.06006	0.07086	0.01637	0.30362	0.44812	0.15734	0.0	0.0	0	0.05958	0.05624	0.07614	1.21801	1.45587	1.25301	0.05364	0.02394	0.0358	0.12792	0.1324	0.05601	0.23015	0.20055	0.16538	0.05946	0.13927	0.00482	0.09266	0.07033	0.1244	0.1804	0.30819	0.08123	0.15815	0.11794	0.31293	0.08649	0.06244	0.08701	0.0057	0.0166	0.01646	0.00367	0.0032	0.00389	0.18338	0.15513	0.11778	0.01897	0.03533	0.00854	0.0	0.0	0.0	0.00678	0.00509	0.0	0.08426	0.0957	0.06043	0.39466	0.45345	0.36638	0.04002	0.13967	0.02238	0.0	0.0	0.0	0.00755	0.22807	0.0436
k__Bacteria.p__Proteobacteria.c__Deltaproteobacteria.o__Desulfovibrionales.f__Desulfovibrionaceae.g__Desulfovibrio	0.04759	0.26043	0.07277	0.0	0.0	0.0	0.0	0.0	0	0.40369	0.45341	0.12451	0.0	0.0	0.0	0.0	0.0	0.0	0.0	0.0	0.0	0.0	0.0	0.0	1.42554	1.49132	0.59226	1.17911	0.71799	0.99157	0.0	0.0	0.0	0.0	0.0	0.0	0.0	0.0	0.0	1.01914	1.0909	0.73745	0.0	0.0	0.0	0.0	0.0	0.0	0.57136	0.66203	0.30787	0.0	0.0	0.0	0.0	0.0	0.0	0.0	0.0	0.0	0.0	0.0	0.0	0.66934	1.41749	1.09756	0.0	0.0	0.0	0.0	0.0	0.0
k__Bacteria.p__Proteobacteria.c__Deltaproteobacteria.o__Desulfovibrionales.f__Desulfovibrionaceae.g__Desulfovibrionaceae_unclassified	0.0	0.0	0.0	0.0	0.0	0.0	0.0	0.0	0	0.0	0.0	0.0	0.31152	0.18186	0.36331	0.0	0.0	0.0	0.0	0.0	0.0	0.0	0.0	0.0	0.08125	0.13173	0.13173	0.0	0.0	0.0	0.0	0.0	0.0	0.0	0.0	0.0	0.0	0.0	0.0	0.0	0.0	0.0	0.03702	0.03031	0.10102	0.0	0.0	0.0	0.0	0.0	0.0	0.0	0.0	0.0	0.0	0.0	0.0	0.0	0.0	0.0	0.0	0.0	0.0	0.80827	1.28744	0.74469	0.0	0.0	0.0	0.0	0.0	0.0
k__Bacteria.p__Proteobacteria.c__Epsilonproteobacteria.o__Campylobacterales.f__Campylobacteraceae.g__Campylobacter	0.0	0.0	0.0	0.0	0.0	0.0	0.0	0.0	0	0.0	0.0	0.0	0.0	0.0	0.0	0.0	0.0	0.0	0.0	0.0	0.0	0.0	0.0	0.0	0.0	0.0	0.0	0.0	0.0	0.0	0.0	0.0	0.0	0.0	0.0	0.0	0.0	0.0	0.0	0.0	0.0	0.0	0.0	0.00256	0.0	0.0	0.0	0.0	0.0	0.0	0.0	0.0	0.0	0.0	0.0	0.0	0.0	0.0	0.0	0.0	0.0	0.0	0.0	0.0	0.0	0.0	0.0	0.0	0.0	0.0	0.0	0.0
k__Bacteria.p__Proteobacteria.c__Gammaproteobacteria.o__Enterobacterales.f__Enterobacteriaceae.g__Citrobacter	0.0	0.0	0.0	0.0	0.0	0.0	0.0	0.0	0	0.0	0.0	0.0	0.0	0.0	0.0	0.0	0.0	0.0	0.0	0.0	0.00314	0.0	0.0	0.0	0.0	0.0	0.0	0.0	0.0	0.0	0.0	0.0	0.0	0.0	0.0	0.0	0.0	0.0	0.0	0.0	0.0	0.0	0.0	0.0	0.0	0.0	0.0	0.0	0	0.0	0.0	0.0	0.0	0.0	0.0	0.0	0.0	0.0	0	0.0	0.0	0.0	0.0	0.0	0.0	0.0	0.0	0.0	0.01236	0.0	0.0	0.0
k__Bacteria.p__Proteobacteria.c__Gammaproteobacteria.o__Enterobacterales.f__Enterobacteriaceae.g__Enterobacter	0.0	0.0	0.0	0.0	0.63732	0.0	0.0	1.05528	0	0.0	0.0	0.0	0.0	0.0	0.0	0.0	0.0	0.0	0.06937	0.0	0.00337	0.0	1.17677	0.0	0.00292	0.07637	0.0	0.0	0.0	0.0	0.0	0.0082	0.0	0.0	0.0	0.0	0.0	0.0	0.0	0.0	0.0	0.0	0.0	0.0	0.0	0.0	0.0	0.0	0	0.0	0.0	0.0	0.0	0.0	0.0	0.0	0.0	0.0	0	0.0	0.0	0.0	0.0	0.0	0.0	0.0	0.0	0.0	0.0	0.0	0.0	0.0
k__Bacteria.p__Proteobacteria.c__Gammaproteobacteria.o__Enterobacterales.f__Enterobacteriaceae.g__Escherichia	0.90897	0.02246	0.06843	0.01758	0.01144	0.00155	0.06177	0.40561	0	0.09685	0.00941	0.07615	0.02612	0.0805	0.01423	0.005	0.10792	0.0	0.05159	0.00169	0.0018	0.00828	0.24624	0.03259	0.0	5.79349	0.0	0.03842	0.03857	0.03193	0.24723	1.61976	0.23308	1.17061	0.04227	9.91273	0.08328	1.50483	0.1364	0.32531	0.08911	0.37171	0.0	0.01351	0.0	0.00624	0.00164	0.24072	0	0.00045	0.0	0.0	0.0	0.0	0.01052	2.25032	1.06846	0.0	0	6.45687	0.02353	0.14331	0.0739	0.0369	0.0	0.01525	0.0136	0.00716	0.08201	0.5812	0.07113	0.0731
k__Bacteria.p__Proteobacteria.c__Gammaproteobacteria.o__Enterobacterales.f__Enterobacteriaceae.g__Klebsiella	0.0	0.02747	0.0	0.0	0.0	0.01393	0.0	0.10578	0	0.0	0.0	0.0	0.0	0.0	0.0	0.0	0.0	0.0	0.40372	0.0	0.0	0.0	0.0	0.0	0.0	0.0	0.0	0.0	0.0	0.0	0.0	0.00926	0.0	0.0	0.0	0.0	0.0	0.0	0.0	0.0	0.0	0.0	0.00106	0.0	0.0	0.0	0.0	0.0	0	0.0	0.0	0.0	0.0	0.0	0.0	0.0	0.0	0.21713	0	0.0	0.0	0.0	0.0	0.0	0.0	0.0	0.0	0.0	0.0	0.0	0.0	0.0
k__Bacteria.p__Proteobacteria.c__Gammaproteobacteria.o__Enterobacterales.f__Hafniaceae.g__Hafnia	0.0	0.0	0.0	0.0	0.0	0.0	0.0	0.0	0	0.0	0.0	0.0	0.0	0.0	0.0	0.0	0.0	0.00169	0.0	0.0	0.0	0.0	0.0	0.0	0.0	0.0	0.0	0.0	0.0	0.0	0.0	0.0	0.0	0.0	0.0	0.0	0.0	0.0	0.0	0.0	0.0	0.0	0.0	0.0	0.0	0.0	0.0	0.0	0	0.0	0.0	0.0	0.0	0.0	0.0	0.0	0.0	0.0	0	0.0	0.0	0.0	0.0	0.0	0.0	0.0	0.0	0.0	0.0	0.0	0.0	0.0
k__Bacteria.p__Proteobacteria.c__Gammaproteobacteria.o__Pasteurellales.f__Pasteurellaceae.g__Aggregatibacter	0.0	0.0	0.0	0.0	0.0	0.0	0	0.0	0	0.0	0.0	0.0	0.0	0.0	0.0	0.0	0.0	0.0	0.0	0.0	0.0	0.0	0.0	0.0	0.0	0.0	0.0	0.0	0.0	0.0	0.0	0.0	0.0	0.0	0.0	0.0	0.0	0.0	0.0	0.0	0.0	0.0	0.0	0.00132	0.0	0.0	0.0	0.0	0.0	0.0	0.0	0.0	0.0	0.0	0.0	0.0	0	0	0	0.0	0.0	0.0	0.0	0.0	0.0	0.0	0.0	0.0	0.0	0.0	0.0	0.0
k__Bacteria.p__Proteobacteria.c__Gammaproteobacteria.o__Pasteurellales.f__Pasteurellaceae.g__Haemophilus	0.00932	0.0	0.01293	0.00952	0.0	0.0	0	0.0	0	0.00174	0.0	0.00221	0.0	0.0	0.00286	0.40422	0.0	0.0009	0.00647	0.0	0.01169	0.0	0.0	0.04073	0.00305	0.0	0.00154	0.0	0.0	0.00673	0.0	0.0	0.0	0.0	0.0	0.0	0.00177	0.0	0.04001	0.0	0.0	0.0	0.36056	0.33336	0.15022	0.04005	0.01944	0.1157	0.0	0.0	0.03317	0.01367	0.02599	0.00881	0.03124	0.0	0	0	0	0.00126	0.0	0.0	0.00173	0.00387	0.02496	0.00078	0.0	0.00081	0.0	0.0844	0.0	0.00246
k__Bacteria.p__Proteobacteria.c__Gammaproteobacteria.o__Pseudomonadales.f__Pseudomonadaceae.g__Pseudomonas	0.0	0.0	0.0	0.0	0.0	0.0	0	0.0	0	0.0	0.0	0.0	0.0	0.0	0.0	0.0	0.0	0.0	0.0	0.0	0.0	0.0	0.0	0.0	0.0	0.0	0.0	0.0	0.0	0.0	0.0	0.0	0.0	0.0	0.0	0.0	0.0	0.0	0.0	0.0	0.0	0.0	0.04065	0.0	0.0	0.04271	0.02442	0.0	0.0	0.0	0.0	0.0	0.0	0.0	0.0	0.0	0	0	0	0.0	0.0	0.0	0.0	0.0	0.0	0.0	0.0	0.0	0.0	0.0	0.0	0.0
k__Bacteria.p__Proteobacteria.c__Proteobacteria_unclassified.o__Proteobacteria_unclassified.f__Proteobacteria_unclassified.g__Proteobacteria_unclassified	0.08006	0.02892	0.0192	0.01295	0.03143	0.00075	0	0.0	0	0.08704	0.04035	0.15352	0.00244	0.02428	0.00278	4.00102	2.83666	0.12655	0.00416	0.12986	0.00796	3.83644	1.16547	2.9423	0.0017	0.01627	0.00078	0.01861	0.01902	0.04296	0.0324	0.0661	0.0894	0.03208	0.07748	0.01753	1.35597	0.64574	1.35384	0.00829	0.00239	0.0084	0.0	0.0	0.0	0.011	0.00673	0.00664	0.07502	0.03691	0.04591	0.0	0.0	0.0	0.0	0.0	0	0	0	0.0	1.22944	0.82159	2.31247	0.00671	0.01603	0.01137	1.18593	0.87603	0.7999	0.00638	0.06389	0.004
k__Bacteria.p__Spirochaetes.c__Spirochaetia.o__Brachyspirales.f__Brachyspiraceae.g__Brachyspira	0.0	0.0	0.0	0.0	0.0	0.0	0	0.0	0	0.0	0.0	0.0	0.0	0.0	0.0	0.0	0.0	0.0	0.0	0.0	0.0	0.0	0.0	0.0	0.0	0.0	0.0	0.0	0.0	0.0	0.0	0.0	0.0	0.0	0.0	0.0	0.0	0.0	0.0	0.0	0.0	0.0	0.0	0.0	0.0	0.0	0.0	0.0	0.0	0.0	0.0	0.0	0.0	0.0	0.0	0.0	0	0	0	0.0	0.0	0.0	0.0	0.16039	0.68303	0.31659	0.0	0.0	0.0	0.0	0.0	0.0
k__Bacteria.p__Synergistetes.c__Synergistia.o__Synergistales.f__Synergistaceae.g__Cloacibacillus	0	0.0	0	0	0.0	0	0	0.0	0	0.0	0.0	0.0	0.0	0.0	0.0	0	0.0	0.0	0	0	0.0	0.0	0.0	0.0	0.0	0.0	0.0	0.0	0.0	0.0	0	0	0.0	0.0	0.0	0.0	0.0	0	0.0	0.0	0.0	0.0	0.0	0.0	0.0	0.0	0.0	0.0	0	0.0	0.0	0.00359	0.0	0	0	0.0	0	0	0	0	0	0	0.0	0.00844	0.08183	0.02085	0	0.0	0	0	0.0	0.0
k__Bacteria.p__Synergistetes.c__Synergistia.o__Synergistales.f__Synergistaceae.g__Fretibacterium	0	0.00082	0	0	0.0	0	0	0.0	0	0.00127	0.0	0.00027	0.00221	0.00287	0.00922	0	0.0	0.0	0	0	0.00101	0.0	0.00056	0.0	0.00222	0.00209	0.00231	0.0	0.0	0.00306	0	0	0.00069	0.0	0.0	0.0	0.0	0	0.0	0.0	0.0	0.0	0.0	0.0	0.0	0.0006	0.0	0.0005	0	0.00106	0.00027	0.0	0.00034	0	0	0.0	0	0	0	0	0	0	0.00032	0.0	0.00101	0.00047	0	0.00068	0	0	0.0	0.00026
k__Bacteria.p__Verrucomicrobia.c__Verrucomicrobiae.o__Verrucomicrobiales.f__Akkermansiaceae.g__Akkermansia	0	0.0	0	0	0.0	0	0	0.0	0	0.06994	0.00524	0.01599	0.0	0.0	0.0	0	0.17567	0.0012	0	0	2.25182	5.96777	0.0	0.00411	15.70261	15.81237	6.00915	4.93216	4.77764	3.33766	0	0	0.0	6.02555	4.26837	44.1695	0.00905	0	0.00374	0.01616	0.0435	0.0016	0.51123	0.0184	3.54171	0.50278	0.79324	0.0	0	0.0	0.0	0.0	0.0	0	0	0.04432	0	0	0	0	0	0	0.37332	4.79209	8.64889	6.90338	0	0.0	0	0	0.0	0.0
