dataset_name	ThomasAM_2018b	ThomasAM_2018b	ThomasAM_2018b	ThomasAM_2018b	ThomasAM_2018b	ThomasAM_2018b	ThomasAM_2018b	ThomasAM_2018b	ThomasAM_2018b	ThomasAM_2018b	ThomasAM_2018b	ThomasAM_2018b	ThomasAM_2018b	ThomasAM_2018b	ThomasAM_2018b	ThomasAM_2018b	ThomasAM_2018b	ThomasAM_2018b	ThomasAM_2018b	ThomasAM_2018b	ThomasAM_2018b	ThomasAM_2018b	ThomasAM_2018b	ThomasAM_2018b	ThomasAM_2018b	ThomasAM_2018b	ThomasAM_2018b	ThomasAM_2018b	ThomasAM_2018b	ThomasAM_2018b	ThomasAM_2018b	ThomasAM_2018b	ThomasAM_2018b	ThomasAM_2018b	ThomasAM_2018b	ThomasAM_2018b	ThomasAM_2018b	ThomasAM_2018b	ThomasAM_2018b	ThomasAM_2018b	ThomasAM_2018b	ThomasAM_2018b	ThomasAM_2018b	ThomasAM_2018b	ThomasAM_2018b	ThomasAM_2018b	ThomasAM_2018b	ThomasAM_2018b	ThomasAM_2018b	ThomasAM_2018b	ThomasAM_2018b	ThomasAM_2018b	ThomasAM_2018b	ThomasAM_2018b	ThomasAM_2018b	ThomasAM_2018b	ThomasAM_2018b	ThomasAM_2018b	ThomasAM_2018b	ThomasAM_2018b
study_condition	CRC	CRC	control	CRC	CRC	CRC	CRC	CRC	CRC	CRC	control	control	control	CRC	control	CRC	control	CRC	CRC	CRC	CRC	CRC	CRC	CRC	control	CRC	CRC	control	CRC	CRC	CRC	control	control	CRC	CRC	CRC	CRC	CRC	CRC	CRC	control	control	CRC	control	CRC	control	control	control	control	control	control	control	control	control	control	control	control	control	control	control
k__Archaea.p__Euryarchaeota.c__Methanobacteria.o__Methanobacteriales.f__Methanobacteriaceae.g__Methanobrevibacter	0	3.62723	0.17269	0.10067	0	0.24287	7.03473	2.90302	0	1.35646	0	0	0	0.95707	0.17658	0.0121	0	1.45033	0	3.42073	0	0	2.18173	0.00755	0	0	0	0	0	0.71279	6.26791	0.31428	0	0.97207	0.67338	1.26395	0.81047	1.49031	0.29258	3.54576	2.65331	0	0	0	0.20632	0.07567	1.75904	0	0	0.01263	0	0	0	0	0	0.13739	0	0	0.05425	0
k__Archaea.p__Euryarchaeota.c__Methanobacteria.o__Methanobacteriales.f__Methanobacteriaceae.g__Methanosphaera	0	0	0	0	0	0	0	0	0	0	0	0	0	0	0	0	0	0.73721	0	0.21938	0	0	0	0.02277	0	0	0	0	0	0	0	0	0	0	0	0	0	0	0.14065	0	0	0	0	0	0	0.08495	0	0	0	0	0	0	0	0	0	0	0	0	0	0
k__Archaea.p__Euryarchaeota.c__Thermoplasmata.o__Methanomassiliicoccales.f__Methanomassiliicoccaceae.g__Methanomassiliicoccus	0	0	0	0	0	0	0	0	0	0	0	0	0	0	0	0	0	0	0	0	0	0	0	0	0	0	0	0	0	0	0	0	0	0	0	0.11418	0	0	0	0	0	0	0	0	0	0	0	0	0	0	0	0	0	0	0	0	0	0	0	0
k__Bacteria.p__Actinobacteria.c__Actinobacteria.o__Actinomycetales.f__Actinomycetaceae.g__Actinobaculum	0	0	0	0	0	0	0	0	0	0	0	0	0	0	0.06066	0	0	0	0	0	0	0	0	0	0	0	0	0	0	0	0	0	0	0	0	0	0	0	0	0	0	0	0	0.00841	0	0.0045	0	0	0	0	0	0	0	0	0	0	0	0	0	0
k__Bacteria.p__Actinobacteria.c__Actinobacteria.o__Actinomycetales.f__Actinomycetaceae.g__Actinomyces	0.45042	0.36247	0.13688	0.09778	0.07527	0.06273	0.02881	0.00505	0.99122	0.00613	0.01442	0.06779	0	0.0425	0.01749	0.04639	0.07113	0.07425	0.13736	0.06125	0.15289	0.022	0.01838	0.02491	0.01976	0.2497	0.2396	0.12604	0.06412	0.07476	0.04892	0.02917	0.03541	0	0.03617	0.0665	0.00664	0.07335	0.01133	0.15179	0.08268	0.0819	0.07625	0.09263	0.34174	0.1135	0.00722	0.09318	0.10845	0.07722	0.02591	0.02418	0.02487	0.06557	0.04427	0.04957	0.02852	0.02683	0.02671	0.02183
k__Bacteria.p__Actinobacteria.c__Actinobacteria.o__Bifidobacteriales.f__Bifidobacteriaceae.g__Aeriscardovia	0.0	0.0	0.0	0.0	0.0	0.00338	0.00315	0.0	0.0	0.0	0.0	0.0	0.0	0.0	0.0	0.0	0.00387	0.0	0.0	0.0	0.0	0.0	0.0	0.0	0.0	0.0	0.0	0.0	0.0	0.0	0.0	0.00626	0.00205	0.0	0.0	0.0	0.0	0.0	0.0	0.0	0.0	0.0	0.0	0.0093	0.0	0.0	0.0	0.00839	0.0	0.0	0.0	0.00508	0.0	0.0	0.0	0.0	0.00491	0.0	0.0	0.0
k__Bacteria.p__Actinobacteria.c__Actinobacteria.o__Bifidobacteriales.f__Bifidobacteriaceae.g__Alloscardovia	0.12891	0.00127	0.0	0.0	0.03809	0.00372	0.0	0.0	0.0	0.0	0.0	0.0	0.0	0.0	0.0	0.0	0.0	0.0	0.0	0.0	0.0	0.0	0.0	0.00639	0.0	0.0	0.0	0.0	0.0	0.0	0.0	0.05648	0.0	0.0	0.0	0.0	0.0	0.0	0.18173	0.01613	0.0	0.00186	0.0	0.0	0.0	0.0	0.0	0.0	0.0	0.0	0.0	0.0	0.0	0.0	0.0	0.0	0.0	0.0	0.0	0.0
k__Bacteria.p__Actinobacteria.c__Actinobacteria.o__Bifidobacteriales.f__Bifidobacteriaceae.g__Bifidobacterium	0.11381	5.39144	12.55324	4.43617	4.79645	13.03224	6.6383	4.19047	10.84017	0.16869	13.90721	17.25803	6.015	17.59326	1.94851	0.63192	9.64816	2.43749	4.43642	22.81127	0.27619	4.83362	2.22243	1.59264	0.64874	13.82013	4.2958	3.00378	5.97808	3.95213	1.49866	13.97414	2.17526	37.51478	0.96631	20.96535	1.89288	5.19429	0.13626	1.9163	14.94743	0.20492	0.0	7.63315	8.20335	9.59703	8.95047	16.90713	1.3764	0.10405	8.0631	21.30099	1.39164	4.23811	13.46787	9.37454	37.62283	5.05345	0.46513	1.63698
k__Bacteria.p__Actinobacteria.c__Actinobacteria.o__Bifidobacteriales.f__Bifidobacteriaceae.g__Parascardovia	0.0	0.0	0.0	0.0	0.0	0.0	0.0	0.0	0.0	0.0	0.0	0.0	0.0	0.0	0.0	0.0	0.0	0.0	0.0	0.0	0.0	0.0	0.0	0.0	0.0	0.0	0.0	0.0	0.0	0.0	0.0	0.0	0.0	0.0	0.0	0.0	0.0	0.00345	0.0	0.0	0.0	0.0	0.0	0.00957	0.0	0.0	0.0	0.0	0.0	0.0	0.0	0.0	0.0	0.0	0.0	0.0	0.0	0.0	0.0	0.0
k__Bacteria.p__Actinobacteria.c__Actinobacteria.o__Bifidobacteriales.f__Bifidobacteriaceae.g__Scardovia	0.0	0.0	0.0	0.0	0.00118	0.0	0.0	0.0	0.03309	0.0	0.0	0.00488	0.0	0.0	0.01347	0.0	0.00129	0.0	0.0	0.0	0.0	0.0	0.0	0.0	0.0	0.0	0.0	0.0	0.0	0.0	0.0	0.0	0.0	0.0	0.0	0.0	0.0	0.0	0.01301	0.0	0.0	0.0	0.0	0.00874	0.0	0.0	0.0	0.0	0.0	0.0	0.0	0.0	0.0	0.0	0.0	0.0	0.0	0.0	0.0	0.0
k__Bacteria.p__Actinobacteria.c__Actinobacteria.o__Corynebacteriales.f__Corynebacteriaceae.g__Corynebacterium	0	0	0	0	0	0	0	0	0.00545	0	0	0.00098	0	0	0.00058	0	0	0	0.0154	0	0.07351	0	0	0	0	0.00108	0	0	0.00479	0	0.01679	0	0.00182	0	0	0	0	0	0	0	0	0	0.00176	0	0	0	0	0	0	0	0	0	0	0	0	0	0	0	0	0
k__Bacteria.p__Actinobacteria.c__Actinobacteria.o__Micrococcales.f__Micrococcaceae.g__Rothia	0.12845	0.00102	0.01555	0	0.00659	0	0	0	0.03085	0	0	0.0	0	0	0.00259	0	0.01642	0	0.03334	0	0.04395	0.02737	0	0.00744	0.00797	0.0	0	0.02362	0.0	0	0.0	0.01421	0.12273	0	0.01848	0	0	0	0	0.01115	0	0.02205	0.00199	0.03871	0	0.0073	0	0	0.00823	0.02425	0	0	0	0	0.00142	0	0.0005	0	0	0
k__Bacteria.p__Actinobacteria.c__Actinobacteria.o__Propionibacteriales.f__Propionibacteriaceae.g__Propionibacterium	0.0	0.0	0.0	0.0	0.0	0.0	0.0	0.0	0.0	0.0	0.0	0.0	0.0	0.0	0.0	0.0	0.0	0.0	0.0	0.0	0.0	0.0	0.0	0.0	0.0	0.0	0.0	0.0	0.0	0.0	0.0	0.0	0.0	0.0	0.0	0.0	0.0	0.0	0.0	0.0	0.0	0.0	0.0	0.0	0.0	0.0	0.0	0.0	0.0	0.0	0.0	0.0	0.0	0.0	0.0	0.0	0.00031	0.0	0.0	0.0
k__Bacteria.p__Actinobacteria.c__Coriobacteriia.o__Coriobacteriales.f__Atopobiaceae.g__Atopobium	0.00321	0.00721	0.00469	0.0	0.0	0.00165	0.0	0.00604	0.00351	0.0	0.0	0.0	0.0	0.0	0.0	0.0	0.00183	0.00683	0.0	0.0	0.01721	0.0	0.0	0.00177	0.0	0.0	0.0	0.0	0.0	0.00166	0.0	0.0	0.0	0.0	0.0	0.0	0.0	0.0	0.00271	0.0	0.0	0.00889	0.0	0.0	0.03019	0.0	0.0	0.0	0.0	0.0	0.0	0.0	0.0	0.0	0.0	0.0	0.0	0.0	0.0	0.0
k__Bacteria.p__Actinobacteria.c__Coriobacteriia.o__Coriobacteriales.f__Atopobiaceae.g__Olsenella	0.00648	0.00445	0.00073	0.0	0.0	0.11519	0.0	0.0	0.0	0.00469	0.0	0.0	0.0	0.0	0.00039	0.00656	0.00704	0.0	0.00306	3.32741	0.0	0.0	0.0	0.00115	0.0	0.00225	0.05486	0.07565	0.0	0.00465	0.00145	0.0	0.00044	0.00853	0.04328	0.00073	0.0	0.00959	0.0	0.0	0.00598	0.0	0.0	0.00014	0.08472	0.36827	0.03953	0.0	0.0	0.02661	0.0	0.0	0.0	0.0	0.00315	0.0	0.0	0.0	0.0	0.00042
k__Bacteria.p__Actinobacteria.c__Coriobacteriia.o__Coriobacteriales.f__Coriobacteriaceae.g__Collinsella	1.4366	2.81055	13.76137	0.0	5.11968	3.41775	0.48621	2.4453	6.38736	0.39101	3.68951	0.00704	4.57659	6.15436	1.96288	3.70168	0.9387	1.24033	1.26991	6.87709	2.20307	2.56237	3.46163	2.50989	0.57527	1.45197	2.14985	3.16639	2.77564	7.70819	4.55672	3.19249	2.64491	3.90308	2.48132	6.29729	3.35339	4.14696	0.53535	1.88656	2.52329	1.49347	0.0	2.12211	4.22402	2.78372	6.74313	6.63855	0.0	3.27931	1.52463	4.97311	3.49449	2.57945	4.66343	1.06668	3.43573	0.0	1.90873	1.89785
k__Bacteria.p__Actinobacteria.c__Coriobacteriia.o__Coriobacteriales.f__Coriobacteriaceae.g__Enorma	0.44403	0.02487	0.04955	0.0	0.76129	0.02431	0.05688	0.02298	0.11116	0.00413	0.01323	0.00383	0.01384	0.02344	0.01722	0.2247	0.00584	0.00326	0.00442	0.43321	0.01615	0.0031	0.04999	0.01089	0.0	0.75816	0.01104	0.00619	0.01119	0.00924	0.0193	0.01147	0.01756	0.02435	0.03908	0.41239	0.01883	0.10098	0.00054	0.09744	0.02621	0.01562	0.0	0.00829	0.07213	0.02124	0.1358	0.02681	0.0	0.02281	0.01395	0.0092	0.01995	0.00287	0.02083	0.00426	0.01508	0.0	0.00182	0.01015
k__Bacteria.p__Actinobacteria.c__Coriobacteriia.o__Eggerthellales.f__Eggerthellaceae.g__Adlercreutzia	0.41238	0.06994	0.06564	0.21246	0.02728	0.0071	0.02442	0.0	0.47682	0.02642	0.05916	0.00092	0.01041	0.05136	0.05509	0.00449	0.0	0.0208	0.0	0.0	0.02785	0.00063	0.06747	0.0	0.11048	0.058	0.13165	0.06931	0.0	0.02208	0.0	0.02338	0.0	0.0	0.0	0.00281	0.0	0.42978	0.00652	0.00231	0.17923	0.09777	0.00265	0.02393	0.00571	0.0	0.00092	0.0	0.24098	0.03872	0.04434	0.0	0.06773	0.04281	0.40126	0.07211	0.00129	0.38008	0.0	0.0
k__Bacteria.p__Actinobacteria.c__Coriobacteriia.o__Eggerthellales.f__Eggerthellaceae.g__Asaccharobacter	0.3675	0.08051	0.18748	0.53881	0.03012	0.01444	0.03	0.0	0.55605	0.02019	0.05446	0.00015	0.05413	0.0515	0.0459	0.00149	0.0	0.06577	0.0	0.0	0.05503	0.01471	0.13445	0.0	0.11758	0.19913	0.15721	0.08192	0.0	0.06333	0.0	0.04137	0.00071	0.0	0.0	0.0083	0.0	0.49764	0.01255	0.00125	0.21961	0.13662	0.00122	0.054	0.02297	0.00211	0.00495	0.0	0.31972	0.14749	0.08874	0.0	0.30511	0.14779	1.29759	0.13365	0.00079	0.62527	0.00132	0.0
k__Bacteria.p__Actinobacteria.c__Coriobacteriia.o__Eggerthellales.f__Eggerthellaceae.g__Denitrobacterium	0.00894	0.0	0.0	0.0	0.00069	0.0	0.0	0.0	0.0	0.0	0.0	0.0	0.0	0.0	0.0	0.0	0.0	0.0	0.0	0.0	0.0	0.0	0.0	0.0	0.0	0.0	0.0	0.0	0.0	0.0	0.0	0.0	0.0	0.0	0.0	0.0	0.0	0.0	0.0	0.0	0.0	0.00191	0.00058	0.0	0.0	0.0	0.0	0.0	0.0	0.0	0.0	0.0	0.0	0.0	0.0	0.0	0.00056	0.0	0.0	0.0
k__Bacteria.p__Actinobacteria.c__Coriobacteriia.o__Eggerthellales.f__Eggerthellaceae.g__Eggerthella	0.58716	0.0	0.33351	0.11854	0.0	0.0	0.02582	0.06659	0.3161	0.0	0.01012	0.21371	0.0	0.15038	0.0	0.03623	0.0	0.0	0.01563	0.0	0.0135	0.0	0.00381	0.0	0.03123	0.0408	0.01597	0.0	0.0	0.02683	0.0	0.02678	0.0	0.01448	0.0	0.0067	0.0	0.00343	0.00543	0.0	0.01363	0.1544	0.96685	0.25143	0.00608	0.0	0.0	0.05603	0.32604	0.0005	0.04368	0.08659	0.14364	0.00661	0.08658	0.01995	0.7623	0.0	0.0	0.0
k__Bacteria.p__Actinobacteria.c__Coriobacteriia.o__Eggerthellales.f__Eggerthellaceae.g__Enterorhabdus	0.02286	0.00082	0.0123	0.02307	0.00431	0.00121	0.00113	0.0	0.0166	0.00045	0.00181	0.0	0.0	0.0045	0.00062	0.0	0.0	0.00066	0.0	0.0	0.0	0.0	0.00116	0.0	0.00762	0.00731	0.00577	0.0	0.0	0.0	0.0	0.00246	0.0	0.0	0.0	0.00161	0.0	0.02199	0.0	0.0	0.01682	0.0083	0.00517	0.00487	0.00044	0.0	0.0	0.0	0.01876	0.00511	0.00568	0.0	0.00673	0.00285	0.03319	0.00214	0.00244	0.02389	0.0	0.0
k__Bacteria.p__Actinobacteria.c__Coriobacteriia.o__Eggerthellales.f__Eggerthellaceae.g__Gordonibacter	0.26293	0.00904	0.28247	0.3784	0.12357	0.00443	0.0131	0.02315	0.19162	0.01244	0.04021	0.08001	0.0185	0.19385	0.0	0.1155	0.0	0.0149	0.12378	0.00983	0.04297	0.0	0.00445	0.00024	0.21887	0.03916	0.11654	0.16203	0.27076	0.03085	0.00257	0.01457	0.05169	0.02084	0.00408	0.13893	0.00251	0.08957	0.00714	0.00374	0.37591	0.16631	0.74475	0.09702	0.01096	0.0	0.00327	0.34032	0.3564	0.03886	0.16115	0.08477	0.33141	0.06009	0.03686	0.0323	0.29084	0.08325	0.0	0.0
k__Bacteria.p__Actinobacteria.c__Coriobacteriia.o__Eggerthellales.f__Eggerthellaceae.g__Slackia	0.00164	0.0	1.57515	0.0	0.2916	0.3761	0.00386	0.00381	0.0	0.01886	0.0007	0.0	0.0	0.31004	0.17514	0.0	0.15944	0.17514	0.0	0.00287	0.0	0.02843	0.12645	0.16892	0.0	1.54688	0.0	0.0	0.0	0.00537	0.1779	0.00076	0.0	0.22658	0.16858	0.00102	0.29696	0.0	0.16895	0.54156	0.0	0.00097	0.0	0.00047	0.00846	0.00076	0.35585	0.0	0.0	0.18864	0.0	0.0	0.0	0.0	0.0	0.38841	0.0	0.0	0.00146	0.36426
k__Bacteria.p__Bacteroidetes.c__Bacteroidia.o__Bacteroidales.f__Bacteroidaceae.g__Bacteroides	14.58079	7.79765	10.84708	2.76263	36.5818	5.98451	23.77687	8.66578	34.5353	5.70745	11.40668	43.85789	37.00962	9.81068	21.53039	15.25052	0.57837	4.80143	25.93641	6.50957	17.24153	13.05506	21.32627	3.127	21.55281	13.43642	3.45699	7.37741	20.11389	2.88758	13.28064	26.65043	4.70786	9.19228	1.15763	8.35591	13.40275	12.31395	2.06349	10.5857	12.75824	9.79518	21.34742	43.21839	17.24169	11.50224	5.89008	10.08904	38.11575	14.04432	17.26816	9.3364	16.60825	33.24177	9.837	15.83614	31.39426	31.23022	3.46769	30.71393
k__Bacteria.p__Bacteroidetes.c__Bacteroidia.o__Bacteroidales.f__Barnesiellaceae.g__Barnesiella	0.77047	0.31153	0.0	0.18279	0.78197	0.47446	0.14773	0.11379	0.0	0.83654	0.78484	1.53601	0.0	2.75037	0.69582	0.56012	0.0	0.2063	1.65743	0.56528	0.17973	0.70915	2.49514	0.0	0.0	0.0	0.55581	0.37156	0.0	0.35145	1.23633	0.22497	0.22834	1.79479	0.01613	0.37708	0.00096	0.25969	0.0	0.2646	0.62342	0.64059	0.0	1.03366	0.06222	0.06246	0.44354	0.52488	0.0	0.10203	0.28235	1.3213	1.56346	0.00596	1.02083	0.0	0.0	0.0	0.11078	0.37329
k__Bacteria.p__Bacteroidetes.c__Bacteroidia.o__Bacteroidales.f__Barnesiellaceae.g__Coprobacter	0.11856	0.0	0.05254	0.07527	0.0	0.05543	0.00319	0.0	0.0	0.0	0.03355	0.0	0.0	0.0	0.0	0.14314	0.0	0.0	0.11581	0.0	0.0	0.04932	0.02994	0.00693	0.10297	0.08233	0.0	0.0	0.0	0.0	0.0	0.00586	0.02277	0.0	0.0	0.07208	0.0	0.0	0.0	0.04283	0.23185	0.00231	0.02592	0.02183	0.01461	0.00685	0.03017	0.00083	0.32047	0.0	0.02317	0.01376	0.14442	0.46673	0.05631	0.06059	0.08218	0.0	0.0	0.10888
k__Bacteria.p__Bacteroidetes.c__Bacteroidia.o__Bacteroidales.f__Muribaculaceae.g__Muribaculaceae_unclassified	0.0	0.0	0.0	0.0	0.0	0.0	0.0	0.0	0.0	0.00272	0.0	0.0	0.0	0.0	0.0	0.0	0.0	0.0	0.0	0.0	0.0	0.0	0.0	0.0	0.0	0.0	0.0	0.0	0.0	0.0	0.0	0.0	0.0	0.0	0.0	0.0	0.0	0.0	0.0	0.0	0.0	0.0	0.0	0.0	0.0	0.0	0.0	0.0	0.0	0.0	0.0	0.0	0.0	0.0	0.0	0.0	0.0	0.0	0.0	0.0
k__Bacteria.p__Bacteroidetes.c__Bacteroidia.o__Bacteroidales.f__Muribaculaceae.g__Muribaculum	0.0	0.0	0.0	0.0	0.0	0.0	0.0	0.0	0.0	0.00321	0.0	0.0	0.0	0.0	0.0	0.0	0.0	0.0	0.0	0.0	0.0	0.0	0.0	0.0	0.0	0.0	0.0	0.0	0.0	0.0	0.0	0.0	0.0	0.0	0.0	0.0	0.0	0.0	0.0	0.0	0.0	0.0	0.0	0.0	0.0	0.0	0.0	0.0	0.0	0.0	0.0	0.0	0.0	0.0	0.0	0.0	0.0	0.0	0.0	0.0
k__Bacteria.p__Bacteroidetes.c__Bacteroidia.o__Bacteroidales.f__Odoribacteraceae.g__Butyricimonas	0.12907	0.15225	0.0	0.0	0.15844	0.18972	0.10933	0.08795	0.0	0.0	0.0	0.0	0.13355	0.0	0.0	0.04792	0.0097	0.01728	0.09533	0.24986	0.0143	0.05853	0.0783	0.02772	0.02163	0.01059	0.0	0.0	0.0	0.16932	0.34867	0.11671	0.18109	0.0	0.13613	0.25458	0.16246	0.2619	0.00841	0.08781	0.08939	0.0506	0.0	0.37518	0.08622	0.0	0.44673	0.03821	0.02257	0.0	0.00573	0.00211	0.29145	0.38581	0.11504	0.01625	0.0	0.0	0.11795	0.15104
k__Bacteria.p__Bacteroidetes.c__Bacteroidia.o__Bacteroidales.f__Odoribacteraceae.g__Odoribacter	1.52459	0.29046	0.04944	0.20128	0.17478	0.09544	0.64747	0.21079	0.15163	0.1992	0.47643	0.47954	0.0	0.50455	0.37335	0.32821	0.03529	0.27575	0.47053	0.24034	0.78552	0.40563	1.33467	0.08702	0.20732	0.275	0.06286	0.0	0.39241	0.39839	0.95482	0.17639	0.16452	0.6138	0.43341	0.25758	0.5773	0.40635	0.17601	0.24285	0.13092	0.23067	0.45659	0.25788	0.51503	0.026	0.92731	0.19748	0.08066	0.14102	0.28681	0.21946	0.55278	0.3685	0.07954	0.22238	0.34704	0.0	0.28476	0.41474
k__Bacteria.p__Bacteroidetes.c__Bacteroidia.o__Bacteroidales.f__Porphyromonadaceae.g__Porphyromonas	0.0	0.0	0.0	0.0	0.0	0.0	0.0	4.43255	0.0	0.0	0.0	0.0	0.0	0.0	0.0	0.0	0.0	0.00723	0.0	0.0	0.0	0.0	0.0	0.0	0.0	0.0	0.0	0.0	0.0	0.0	0.05992	0.0	0.0	0.0	0.0	0.00359	0.0	0.0	0.00506	0.0	0.0	0.0	0.0	0.0	0.0	0.0	0.0	0.0	0.0	0.0	0.0	0.0	0.0	0.0	0.0	0.0	0.0	0.0	0.0	0.0
k__Bacteria.p__Bacteroidetes.c__Bacteroidia.o__Bacteroidales.f__Porphyromonadaceae.g__Sanguibacteroides	0.0	0.01633	0.0	0.0	0.0	0.0	0.02282	0.0	0.0	0.00682	0.0	0.0	0.0	0.0	0.0	0.0	0.0	0.01971	0.0	0.0	0.0671	0.0	0.34832	0.0	0.0	0.0	0.0	0.0	0.0	0.0431	0.0	0.0	0.0	0.06773	0.01114	0.0	0.0	0.0	0.0	0.0	0.0	0.0	0.0	0.0	0.0	0.0	0.0	0.0	0.0	0.0	0.0	0.0	0.0	0.0	0.0	0.0	0.0	0.0	0.0	0.0
k__Bacteria.p__Bacteroidetes.c__Bacteroidia.o__Bacteroidales.f__Prevotellaceae.g__Alloprevotella	0.0	0.0	0.0	0.0	0.0	0.0	0.0	0.0	0.0	0.0	0.0	0.0	0.0	0.0	0.0	0.0	0.0	0.0	0.0	0.0	0.0	0.0	0.0	0.0	0.0	0.0	0.0	0.0	0.0	0.0	0.35859	0.0	0.0	0.0	0.0	0.0	0.0	0.0	0.0	0.0	0.0	0.0	0.0	0.0	0.0	0.0	0.0	0.0	0.0	0.0	0.0	0.0	0.0	0.0	0.0	0.0	0.0	0.0	0.0	0.0
k__Bacteria.p__Bacteroidetes.c__Bacteroidia.o__Bacteroidales.f__Prevotellaceae.g__Paraprevotella	0.96279	0.0	0.38309	0.0	0.35196	0.11664	0.0	0.37507	0.1083	0.09178	0.16595	0.0	0.0	0.0	0.0	0.0	0.00523	0.07084	0.0	0.0	0.05736	0.909	0.08571	0.40709	0.0	0.0	0.15733	0.32251	0.0	0.0	0.0	0.0	0.10355	0.0	0.00769	0.15732	0.48284	0.44421	0.18646	0.0	0.0	0.0	0.0	0.06507	0.38829	0.0	0.08092	0.11358	0.0	0.27759	0.0	0.0	0.0	0.0	0.0	0.31663	0.0	0.59898	0.0	0.87963
k__Bacteria.p__Bacteroidetes.c__Bacteroidia.o__Bacteroidales.f__Prevotellaceae.g__Prevotella	0.0	0.0	31.33639	0.0	0.05368	1.35546	16.9788	18.40428	0.0	0.77313	0.0	0.03189	0.0	0.0	0.0	0.0	19.27577	0.44107	0.0	26.99837	1.01838	17.03657	0.1809	1.51602	0.0	0.0	21.04758	21.67067	0.04132	5.72018	4.75575	0.00248	33.81244	4.43439	42.14077	0.91191	11.5346	0.06068	22.75978	0.56039	0.0	33.10666	0.0665	0.0021	0.3047	0.0	22.28251	0.05533	0.0	0.0	0.8345	0.79975	0.0	0.0	0.0	1.01158	0.0	0.0	41.7072	1.20363
k__Bacteria.p__Bacteroidetes.c__Bacteroidia.o__Bacteroidales.f__Rikenellaceae.g__Alistipes	9.11661	4.57575	0.10166	4.1072	2.32343	1.44426	2.04274	4.04494	4.52221	1.02137	3.53293	6.56327	6.02107	7.56323	1.61789	4.01255	0.00948	2.12176	0.05682	1.44033	4.03859	7.29513	6.63339	0.48464	3.15931	4.59501	1.2625	3.36571	0.0	1.7703	6.5571	2.91559	1.66264	5.98269	0.07616	7.72753	0.50188	2.22988	0.85364	1.46765	2.83483	2.62165	6.42625	2.90771	3.28491	0.26746	0.46224	2.71346	1.4777	1.48697	1.85962	4.86302	8.40356	4.82194	4.20339	1.0299	4.22546	0.03415	0.42463	2.32211
k__Bacteria.p__Bacteroidetes.c__Bacteroidia.o__Bacteroidales.f__Rikenellaceae.g__Rikenella	0.0	0.0	0.0	0.20452	0.0	0.0	0.0	0.0	0.0	0.0	0.0	0.0	0.0	0.0	0.0	0.0	0.0	0.0	0.0	0.0	0.0	0.0	0.0	0.0	0.0	0.0	0.0	0.0	0.0	0.0	0.0	0.0	0.0	0.0	0.0	0.0	0.0	0.0	0.0	0.0	0.0	0.0	0.0	0.0	0.0	0.0	0.0	0.0	0.0	0.0	0.0	0.0	0.18195	0.0	0.0	0.0	0.0	0.0	0.0	0.0
k__Bacteria.p__Bacteroidetes.c__Bacteroidia.o__Bacteroidales.f__Tannerellaceae.g__Parabacteroides	0.32209	1.23115	3.17381	2.43024	2.79605	0.86704	3.92453	1.15302	0.83944	1.07084	0.93182	10.77795	2.67689	7.56416	0.55402	1.27899	0.39831	1.49055	2.53619	2.2389	1.9162	1.51724	6.60498	0.38955	0.913	2.39311	0.5303	0.73491	2.12695	0.74012	0.44999	2.09781	0.97815	1.22033	0.54349	0.95644	2.47006	0.66351	0.26465	2.0826	0.58601	1.6282	0.43511	1.74697	1.24251	0.34241	1.33224	0.89344	1.8929	2.27069	0.83497	1.06242	13.82881	0.0	1.035	1.21737	1.35289	1.87142	0.66101	1.19947
k__Bacteria.p__Bacteroidetes.c__Bacteroidia.o__Bacteroidales.f__Tannerellaceae.g__Tannerella	0.0	0.0	0.0	0.0	0.0	0.0	0.0	0.0	0.0	0.0	0.0	0.0	0.0	0.0	0.0	0.0	0.0	0.0	0.0	0.0	0.0	0.0	0.0	0.0	0.0	0.0	0.0	0.0	0.0	0.0	0.02285	0.0	0.0	0.0	0.0	0.0	0.0	0.0	0.0	0.0	0.0	0.0	0.0	0.0	0.0	0.0	0.0	0.0	0.0	0.0	0.0	0.0	0.0	0.0	0.0	0.0	0.0	0.0	0.0	0.0
k__Bacteria.p__Candidatus_Melainabacteria.c__Candidatus_Melainabacteria_unclassified.o__Candidatus_Gastranaerophilales.f__Candidatus_Gastranaerophilales_unclassified.g__Candidatus_Gastranaerophilales_unclassified	0.0	0.0	0.0	0.00788	0.0	0.0	0.0	0.0	0.0	0.0	0.0	0.0	0.0	0.0	0.0	0.0	0.0	0.0	0.0	0.0	0.0	0.0	0.0	0.0	0.0	0.0	0.0	0.0	0.0	0.0	0.0	0.0	0.0	0.01703	0.0	0.0	0.0	0.0	0.0	0.0	0.0	0.0	0.0	0.0	0.0	0.0	0.0	0.0	0.0	0.0	0.0	0.0	0.14962	0.0	0.0	0.0	0.0	0.0	0.0	0.0
k__Bacteria.p__Firmicutes.c__Bacilli.o__Bacillales.f__Bacillales_unclassified.g__Gemella	0.05808	0.16104	0.02166	0.00925	0.00747	0.00477	0.56395	0.03501	0.03101	0.02199	0.01757	0.01323	0.00319	0.09043	0.0	0.00939	0.04043	0.01273	0.17301	0.00725	0.01368	0.06904	0.00193	0.0	0.0	0.19522	0.00295	0.01043	0.0081	0.12817	0.83775	0.00227	0.06971	0.00227	0.00808	0.03354	0.0	0.0	0.0	0.0	0.0	0.06741	0.07777	0.02342	0.101	0.02757	0.0	0.0	0.0	0.01327	0.00943	0.09676	0.0	0.01473	0.0087	0.00517	0.02228	0.0	0.01636	0.02278
k__Bacteria.p__Firmicutes.c__Bacilli.o__Bacillales.f__Staphylococcaceae.g__Macrococcus	0.0	0.0	0.0	0.0	0.0	0.0	0.0	0.0	0.0	0.0	0.0	0.00736	0.0	0.0	0.0	0.0	0.0	0.0	0.0	0.0	0.0	0.0	0.0	0.0	0.0	0.0	0.0	0.0	0.0	0.0	0.0	0.0	0.0	0.0	0.0	0.0	0.0	0.0	0.0	0.0	0.0	0.0	0.0	0.0	0.0	0.0	0.0	0.0	0.0	0.0	0.0	0.0	0.0	0.0	0.0	0.0	0.0	0.0	0.0	0.0
k__Bacteria.p__Firmicutes.c__Bacilli.o__Bacillales.f__Staphylococcaceae.g__Staphylococcus	0.0	0.0	0.0	0.0	0.0	0.0	0.0	0.0	0.0	0.00968	0.0	0.0	0.0	0.0	0.0	0.0	0.0	0.0	0.0	0.0	0.0	0.0	0.0	0.0	0.0	0.0	0.0	0.0	0.0	0.0	0.0	0.0	0.0	0.0	0.0	0.0	0.0	0.0	0.0	0.0	0.0	0.0	0.0	0.0	0.0	0.01135	0.0	0.0	0.0	0.0	0.0	0.0	0.0	0.0	0.0	0.0	0.0	0.0	0.0	0.0
k__Bacteria.p__Firmicutes.c__Bacilli.o__Lactobacillales.f__Carnobacteriaceae.g__Carnobacterium	0.0	0.0	0.00143	0.0	0.0	0.0	0.0	0.0	0.00614	0.0	0.0	0.0	0.0	0.0	0.0	0.0	0.0	0.0	0.0	0.0	0.0	0.0	0.0	0.0	0.0	0.0	0.0	0.0	0.0	0.0	0.0	0.0	0.0	0.0	0.0	0.0	0.0	0.0	0.0	0.0	0.0	0.00188	0.0	0.0	0.0	0.0	0.0	0.0	0.0	0.0	0.0	0.0	0.0	0.0	0.0	0.0	0.0	0.0	0.0	0.0
k__Bacteria.p__Firmicutes.c__Bacilli.o__Lactobacillales.f__Carnobacteriaceae.g__Granulicatella	0.0	0.0	0.0	0.0	0.0	0.0	0.0	0.0	0.0	0.0	0.0	0.0	0.0	0.0	0.0	0.0	0.0	0.0	0.00141	0.0	0.0	0.0	0.0	0.0	0.0	0.0	0.0	0.0	0.0	0.0	0.0	0.0	0.0	0.0	0.0	0.0	0.0	0.0	0.0	0.0	0.0	0.0	0.0018	0.0	0.0	0.0	0.0	0.0	0.0	0.0	0.0	0.0	0.0	0.0	0.0	0.0	0.0	0.0	0.0	0.0
k__Bacteria.p__Firmicutes.c__Bacilli.o__Lactobacillales.f__Enterococcaceae.g__Enterococcus	0.0	0.0	0.0	0.0	0.0	0.0	0.07278	0.0	1.12221	0.96629	0.0	0.03638	0.0	0.0	1.50863	0.0	0.0	0.0	0.0	0.00338	2.05177	2.39099	0.03872	0.16697	0.0	0.0	0.0	0.0	0.0	0.0	0.0	0.00726	0.66133	0.0	0.00979	0.04969	0.0	0.0	0.0	0.00546	0.0	0.1391	0.0	0.0	0.02406	0.0	0.0	0.0	0.0	0.00673	0.0	0.0	0.0	0.0	0.0	0.0	0.0	0.0	0.0	0.0
k__Bacteria.p__Firmicutes.c__Bacilli.o__Lactobacillales.f__Enterococcaceae.g__Vagococcus	0.0	0.0	0.0	0.0	0.0	0.0	0.0	0.0	0.0	0.0	0.0	0.0	0.0	0.0	0.0	0.0	0.0	0.0	0.0	0.0	0.00669	0.0	0.0	0.0	0.0	0.0	0.0	0.0	0.0	0.0	0.0	0.0	0.0	0.0	0.0	0.0	0.0	0.0	0.0	0.0	0.0	0.0	0.0	0.0	0.0	0.0	0.0	0.0	0.0	0.0	0.0	0.0	0.0	0.0	0.0	0.0	0.0	0.0	0.0	0.0
k__Bacteria.p__Firmicutes.c__Bacilli.o__Lactobacillales.f__Lactobacillaceae.g__Lactobacillus	0.0	0.32507	0.0045	0.03109	0.0	0.0	0.0	0.01982	0.27561	0.32826	0.03802	0.0	0.0	0.08972	0.00249	0.0023	0.02627	0.03671	0.27872	0.00486	0.79364	1.74187	0.00255	1.24099	0.0	0.0	0.22204	0.71022	0.01627	0.00084	0.04297	0.20873	3.85201	0.0	0.89913	0.02283	0.06578	0.31052	8.87663	0.10672	0.03632	0.04244	0.06545	0.28746	0.18724	0.34614	0.14085	0.01673	0.0	0.13911	0.04544	0.05869	0.02065	0.0	0.0	0.0	0.00211	0.0	0.0974	0.0
k__Bacteria.p__Firmicutes.c__Bacilli.o__Lactobacillales.f__Lactobacillaceae.g__Pediococcus	0.0	0.0	0.0	0.0	0.0	0.0	0.0	0.0	0.0	0.0	0.0	0.0	0.0	0.0	0.0	0.0	0.0	0.0	0.0	0.0	0.00274	0.0	0.0	0.0	0.0	0.0	0.0	0.0	0.0	0.0	0.0	0.0	0.0	0.0	0.0	0.0	0.0	0.0	0.0	0.0	0.0	0.0	0.0	0.0	0.0	0.0	0.00417	0.0	0.0	0.0	0.0	0.0	0.0	0.0143	0.0	0.0	0.0	0.0	0.0	0.0
k__Bacteria.p__Firmicutes.c__Bacilli.o__Lactobacillales.f__Lactobacillaceae.g__Sharpea	0.0	0.0	0.0	0.0	0.0	0.0	0.0	0.0	0.0	0.0	0.0	0.0	0.0	0.0	0.0	0.0	0.0	0.0	0.0	0.0	0.00276	0.0	0.0	0.0	0.0	0.0	0.0	0.0	0.0	0.0	0.0	0.0	0.0	0.0	0.01846	0.0	0.0	0.0	0.0	0.0	0.0	0.0	0.0	0.0	0.0	0.0	0.01404	0.0	0.0	0.0	0.0	0.0	0.0	0.0	0.0	0.0	0.0	0.0	0.0	0.0
k__Bacteria.p__Firmicutes.c__Bacilli.o__Lactobacillales.f__Leuconostocaceae.g__Leuconostoc	0.0	0.0	0.0	0.0	0.0	0.0	0.0	0.0	0.00623	0.0315	0.0	0.0	0.0	0.0	0.00112	0.0	0.01055	0.0	0.00775	0.0	0.04637	0.28848	0.0	0.0	0.0	0.0	0.0	0.0	0.0	0.0	0.01792	0.00334	0.0	0.0	0.03574	0.0	0.0	0.0	0.0	0.0	0.0	0.0	0.0148	0.0	0.00181	0.0	0.0	0.0	0.0	0.0	0.0	0.0	0.0	0.0	0.01414	0.0	0.0026	0.0	0.03502	0.0
k__Bacteria.p__Firmicutes.c__Bacilli.o__Lactobacillales.f__Leuconostocaceae.g__Weissella	0.0	0.0	0.0	0.0	0.0	0.0	0.0	0.0	0.0	0.0	0.0	0.0	0.0	0.0	0.0	0.0	0.0	0.0	0.0	0.0	0.0	0.0	0.0	0.0	0.0	0.0	0.0	0.0	0.0	0.0	0.0	0.0	0.0	0.0	0.0	0.0	0.0	0.0	0.00843	0.0	0.0	0.0	0.0	0.0	0.0	0.0	0.0	0.0	0.0	0.0	0.0	0.0	0.0	0.0	0.0	0.0	0.0	0.0	0.0	0.0
k__Bacteria.p__Firmicutes.c__Bacilli.o__Lactobacillales.f__Streptococcaceae.g__Lactococcus	0.0	0.00596	0.0	0.0	0.0	0.0	0.0	0.0	0.02081	0.08749	0.0	0.0	0.0	0.0	0.0	0.0	0.0	0.0	0.0	0.0029	0.0257	0.0	0.0048	0.0	0.0	0.0	0.0	0.0	0.0	0.0	0.0	0.0	0.0	0.0	0.0	0.0	0.0	0.0	0.0	0.0	0.0	0.00068	0.01468	0.01069	0.01575	0.0	0.28655	0.01555	0.0098	0.04747	0.0	0.0	0.0	0.0	0.00672	0.0	0.00353	0.0	0.0	0.01993
k__Bacteria.p__Firmicutes.c__Bacilli.o__Lactobacillales.f__Streptococcaceae.g__Streptococcus	2.84423	14.49881	0.28425	0.17835	4.95377	0.28392	0.23689	0.1157	8.89464	0.89896	0.55302	2.08248	0.58196	0.50214	0.24668	0.4735	7.7589	0.02989	4.51337	0.65269	1.47989	2.57082	0.43596	0.69606	0.45153	1.23728	0.43701	0.33785	1.68631	1.21033	0.96202	0.61075	10.80836	0.27477	1.63826	0.23036	0.99586	0.59885	6.84812	3.81298	0.04605	1.13452	1.44023	14.14344	1.98671	1.35751	0.59707	7.98817	0.34823	3.33599	0.30827	1.0083	0.25168	6.79374	0.21676	0.66345	0.65394	0.30015	3.15341	0.08556
k__Bacteria.p__Firmicutes.c__Clostridia.o__Clostridiales.f__Catabacteriaceae.g__Catabacter	0.0	0.0	0.0	0.0	0.0	0.0	0.0	0.02847	0.0	0.0	0.0	0.0	0.0	0.0	0.0	0.0	0.0	0.0	0.0	0.0	0.0	0.0	0.0	0.0	0.0	0.0	0.0	0.0	0.01438	0.0	0.0	0.00358	0.0	0.0	0.0	0.0	0.0	0.0	0.0	0.00369	0.0	0.0	0.02264	0.00967	0.00347	0.0	0.0	0.02779	0.0	0.0	0.0	0.00126	0.0	0.0	0.0	0.0	0.0	0.0	0.0	0.00714
k__Bacteria.p__Firmicutes.c__Clostridia.o__Clostridiales.f__Christensenellaceae.g__Christensenella	0.0093	0.0	0.0	0.0	0.0	0.0	0.0	0.0	0.0081	0.00247	0.0	0.0	0.0	0.0	0.0	0.0	0.0	0.0	0.0	0.01134	0.0	0.0	0.00248	0.0	0.0	0.0	0.0	0.0	0.0	0.0	0.0	0.0	0.0	0.0	0.0	0.0	0.0	0.0	0.0	0.00072	0.0	0.0	0.28275	0.0	0.0	0.0	0.0	0.0	0.00074	0.0	0.0	0.0	0.0	0.0	0.0	0.00156	0.0	0.0	0.0	0.0
k__Bacteria.p__Firmicutes.c__Clostridia.o__Clostridiales.f__Clostridiaceae.g__Butyricicoccus	0.0	0.0	0.0	0.0	0.0	0.0	0.0	0.0	0.0	0.0	0.0	0.0	0.0	0.0	0.0	0.0	0.0	0.0	0.0	0.0	0.0	0.0	0.0	0.0	0.0	0.0	0.0	0.0	0.0	0.0	0.0	0.0	0.0	0.0	0.0	0.0	0.0	0.0	0.0	0.0	0.0	0.0	0.0	0.0	0.0	0.0	0.0	0.0	0.00712	0.0	0.0	0.0	0.0	0.0	0.0	0.0	0.0	0.0	0.0	0.0
k__Bacteria.p__Firmicutes.c__Clostridia.o__Clostridiales.f__Clostridiaceae.g__Clostridium	0.36451	0.29697	0.13179	0.0	0.19824	0.08574	0.07037	0.01628	1.29081	0.13617	0.35235	0.01728	0.37533	0.05094	0.03768	0.12805	0.0	0.31276	0.34957	0.10248	0.43747	0.05934	1.19907	0.06546	1.47483	10.12182	0.04477	0.0	0.19066	3.0882	0.09251	3.79605	0.0666	0.05892	0.20899	0.33637	0.21878	0.10794	0.91559	5.29238	0.0	0.36063	0.0	0.0	0.0	0.7035	0.92668	0.09396	0.16118	0.73146	0.40587	0.0	15.67591	0.17986	1.53299	0.0	0.0	0.16206	0.08377	3.00124
k__Bacteria.p__Firmicutes.c__Clostridia.o__Clostridiales.f__Clostridiaceae.g__Hungatella	0.0	0.0	0.0	0.0	0.00019	0.0	0.11565	0.01452	0.00568	0.0	0.0	0.0	0.0	0.02001	0.0	0.01021	0.0	0.0	0.00583	0.0	0.0	0.0	0.0	0.0	0.0	0.0	0.0	0.0	0.00428	0.0	0.12021	0.00709	0.0	0.0	0.0	0.0	0.0	0.0	0.0	0.00751	0.0	0.0	0.09661	0.08755	0.00539	0.0	0.0	0.3795	0.00209	0.0	0.0	0.00543	0.09942	0.0	0.00099	0.0	0.05952	0.03006	0.0	0.0
k__Bacteria.p__Firmicutes.c__Clostridia.o__Clostridiales.f__Clostridiaceae.g__Lactonifactor	0.0	0.0	0.0	0.0	0.00059	0.0	0.0	0.0	0.0	0.0	0.0	0.0	0.0	0.00792	0.0	0.0	0.0	0.0	0.0	0.0	0.0	0.0	0.0	0.0	0.0	0.0	0.0	0.0	0.01694	0.0	0.0	0.0	0.0	0.0	0.0	0.0	0.0	0.0	0.0	0.0653	0.0	0.0	0.0919	0.00151	0.00665	0.0	0.0	0.0	0.0	0.0	0.0	0.0	0.0	0.0	0.0	0.0	0.04115	0.0	0.0	0.0
k__Bacteria.p__Firmicutes.c__Clostridia.o__Clostridiales.f__Clostridiales_Family_XIII_Incertae_Sedis.g__Clostridiales_Family_XIII_Incertae_Sedis_unclassified	0.0	0.01623	0.0	0.00194	0.0	0.00156	0.0089	0.0	0.01943	0.0	0.0	0.0	0.0	0.0	0.0	0.0	0.0	0.05574	0.08001	0.00445	0.00055	0.0	0.0	0.0	0.0	0.02584	0.0	0.0	0.00081	0.01787	0.0846	0.0	0.01164	0.0	0.0	0.0	0.0	0.0	0.0	0.004	0.01388	0.01292	0.01259	0.00574	0.02006	0.01446	0.00057	0.0	0.00735	0.0	0.00041	0.0	0.0	0.0052	0.00165	0.0	0.00055	0.0	0.0	0.0
k__Bacteria.p__Firmicutes.c__Clostridia.o__Clostridiales.f__Clostridiales_Family_XIII_Incertae_Sedis.g__Mogibacterium	0.03517	0.12208	0.0	0.00743	0.0	0.00689	0.01309	0.0	0.02648	0.00988	0.00201	0.00151	0.0	0.00204	0.0	0.02048	0.0	0.13212	0.01464	0.04662	0.01407	0.00363	0.01585	0.00207	0.0	0.08709	0.0	0.02219	0.00569	0.02178	0.4746	0.0	0.00144	0.0	0.04654	0.00119	0.0	0.07587	0.0	0.06839	0.05	0.00784	0.00979	0.0026	0.05091	0.03194	0.01602	0.00093	0.00575	0.00767	0.0	0.02157	0.0	0.01571	0.00606	0.0	0.0098	0.0	0.02752	0.00381
k__Bacteria.p__Firmicutes.c__Clostridia.o__Clostridiales.f__Clostridiales_unclassified.g__Clostridiales_unclassified	0.04301	0.0	0.0	0.0	0.0	0.0	0.0	0.0	0.0	0.44361	0.0	0.0	0.01059	0.0072	0.0	0.0	0.0	3.8145	0.0	0.0	0.0	0.0	0.0	0.0	0.0	0.0	0.0	0.0	0.0	0.0	0.0	0.00201	0.0	0.0	0.20546	0.02254	0.0	0.0	0.0	0.0	0.0	0.00549	0.0	0.03521	0.02368	0.0	0.0	0.0	0.0	0.0	0.0	0.0	0.0	0.0	0.01447	0.0	0.0	0.0	0.0	0.0
k__Bacteria.p__Firmicutes.c__Clostridia.o__Clostridiales.f__Clostridiales_unclassified.g__Intestinimonas	0.05137	0.0	0.0	0.01553	0.05503	0.00278	0.02172	0.02257	0.0	0.01352	0.0	0.0	0.02823	0.10288	0.01542	0.0354	0.0	0.11173	0.04224	0.0	0.00207	0.04621	0.0	0.0	0.10331	0.02129	0.00227	0.0	0.01705	0.0	0.02271	0.01241	0.0	0.0	0.0	0.25893	0.11791	0.0	0.0	0.02575	0.0	0.00233	0.18518	0.20171	0.01282	0.0	0.01195	0.0	0.05741	0.0	0.00181	0.00483	0.07241	0.00532	0.0	0.0	0.01565	0.03471	0.0	0.03024
k__Bacteria.p__Firmicutes.c__Clostridia.o__Clostridiales.f__Clostridiales_unclassified.g__Lawsonibacter	0.07236	0.11191	0.13244	0.04324	0.1317	0.12676	0.05876	0.04658	0.05235	0.02469	0.05012	0.0	0.22445	0.05684	0.04748	0.21105	0.0	0.0	0.0309	0.01319	0.07679	0.10951	0.03735	0.01815	0.10535	0.04134	0.03428	0.01584	0.10221	0.06229	0.11281	0.09551	0.01731	0.05067	0.03036	0.14681	0.11926	0.12659	0.00495	0.07893	0.06366	0.03468	0.35388	0.02809	0.41112	0.0	0.09322	0.00924	0.24384	0.01262	0.0	0.04902	0.01204	0.0108	0.0172	0.11245	0.18979	0.12523	0.0	0.15993
k__Bacteria.p__Firmicutes.c__Clostridia.o__Clostridiales.f__Clostridiales_unclassified.g__Monoglobus	0.0	0.0	0.0	0.0	0.01383	0.0	0.0	0.0	0.508	0.0	0.0	0.0	0.0	0.056	0.0	0.0	0.0	0.0	0.0	0.0	0.0	0.0	0.0	0.0	0.0	0.0	0.0	0.0	0.1885	0.0	0.0	0.0	0.0	0.0	0.0	0.19312	0.0	0.0	0.0	0.0	0.0	0.0	0.0	0.0	0.0	0.0	0.0	0.0	0.0	0.0	0.0	0.0	0.0	0.0	0.0	0.0	0.0	0.04763	0.0	0.0
k__Bacteria.p__Firmicutes.c__Clostridia.o__Clostridiales.f__Eubacteriaceae.g__Anaerofustis	0.0	0.0	0.0	0.0	0.0	0.0	0.0	0.0	0.0	0.0	0.0	0.0	0.0	0.0	0.0	0.00256	0.0	0.0	0.0	0.0	0.0	0.0	0.0	0.0	0.0	0.0	0.0	0.0	0.00076	0.0	0.0	0.0	0.0	0.0	0.0	0.0	0.0	0.0	0.0	0.0	0.0	0.0	0.0	0.0	0.0	0.0	0.0	0.0	0.0	0.0	0.0	0.00162	0.0	0.0	0.0	0.0	0.0	0.0	0.0	0.0
k__Bacteria.p__Firmicutes.c__Clostridia.o__Clostridiales.f__Eubacteriaceae.g__Eubacteriaceae_unclassified	0.0	0.0	0.0	0.0	0.00168	0.0	0.00217	0.0	0.0	0.0	0.0	0.0	0.0	0.0	0.0	0.0104	0.0	0.0	0.0	0.0	0.0	0.0	0.0	0.0	0.0	0.0	0.0	0.0	0.0	0.0	0.0	0.0	0.0	0.0	0.0	0.01265	0.0	0.0	0.0	0.0	0.0	0.0015	0.00337	0.0	0.0047	0.0	0.0	0.0	0.0	0.0	0.0	0.0	0.0	0.0	0.0196	0.0	0.0	0.0	0.0	0.0
k__Bacteria.p__Firmicutes.c__Clostridia.o__Clostridiales.f__Eubacteriaceae.g__Eubacterium	4.92242	5.27767	0.32704	10.69715	1.99232	2.17991	2.2689	9.48744	0.61578	15.92084	9.3463	0.00423	1.7308	5.80471	7.72425	13.60671	6.76788	7.23986	4.11584	3.04311	19.9207	11.66345	6.75451	11.09021	19.76916	3.12905	5.62255	7.53789	5.78896	9.31524	16.52562	6.17076	1.70179	5.31075	3.95501	4.23333	4.92545	2.68938	13.87751	4.11493	6.97866	7.32711	1.67897	2.10355	3.63938	5.49275	1.81348	11.32405	6.18176	3.57294	8.97082	9.14109	2.08532	2.64359	17.21709	8.86587	0.60144	7.20882	4.01976	6.45876
k__Bacteria.p__Firmicutes.c__Clostridia.o__Clostridiales.f__Lachnospiraceae.g__Anaerostipes	0.84255	0.12808	1.7539	7.1741	1.08753	0.51491	0.15553	4.96104	0.6552	3.0016	0.71691	0.0	1.86825	1.11359	1.34838	2.41913	0.09721	0.21671	5.74449	0.31915	2.03592	0.00809	6.14953	0.93663	8.10366	4.6253	0.25422	0.23703	2.67331	0.13476	1.27222	7.84072	0.21089	0.79025	0.08153	2.10211	0.82641	2.18235	1.57849	0.90245	1.65967	1.05823	3.4177	0.98554	0.75855	1.12728	0.57779	10.42825	4.03201	0.68544	0.96162	0.02425	7.15094	0.299	4.57958	3.03819	0.15168	2.68905	0.25763	3.23687
k__Bacteria.p__Firmicutes.c__Clostridia.o__Clostridiales.f__Lachnospiraceae.g__Anaerotignum	0.0	0.0	0.04278	0.0	0.0	0.0	0.0	0.0	0.0	0.0	0.0	0.0	0.0	0.0	0.0	0.0	0.0	0.0	0.0	0.0	0.0	0.0	0.0	0.0	0.0	0.0	0.0	0.0	0.0	0.0	0.0	0.0	0.0	0.0	0.0	0.10009	0.0	0.0	0.0	0.0	0.0	0.0	0.0	0.0	0.0	0.0	0.0	0.0	0.27406	0.0	0.0	0.32946	0.07637	0.0	0.26711	0.0	0.0	0.0	0.0	0.0
k__Bacteria.p__Firmicutes.c__Clostridia.o__Clostridiales.f__Lachnospiraceae.g__Blautia	7.61117	6.26153	8.10401	8.02304	7.59288	5.63695	2.41325	2.09565	0.9947	1.29677	7.40406	10.01417	7.23763	1.18884	4.13117	3.34857	1.10585	2.59693	5.19594	0.90057	3.93786	2.69865	4.03532	1.946	1.05637	6.37248	3.34776	0.93044	5.54814	3.07442	1.41202	3.95495	1.956	1.11826	1.44128	1.18038	3.00673	7.92526	0.88063	5.8273	7.01386	2.80185	15.19982	1.59526	3.67799	3.00594	1.10096	2.59323	12.64535	2.22268	4.27519	7.15651	5.91131	1.75123	1.25939	5.84337	2.63021	2.13094	2.22706	6.27357
k__Bacteria.p__Firmicutes.c__Clostridia.o__Clostridiales.f__Lachnospiraceae.g__Butyrivibrio	0.0	0.0	0.0	0.0	0.0	0.0	0.0	0.0	0.0	12.09348	0.0	0.0	0.0	0.0	0.0	0.0	0.0	0.00051	0.0	0.0	0.0	0.0	0.0	0.0	0.0	0.0	0.0	0.0	0.0	17.02779	0.0	0.0	0.0	0.0	1.85931	0.0	0.0	0.0	0.0	0.0	0.96253	0.0	0.0	0.0	0.0	0.0	0.0	0.0	0.0	0.0	0.0	0.0	0.0	0.0	0.0	0.0	0.0	0.0	0.0	0.0
k__Bacteria.p__Firmicutes.c__Clostridia.o__Clostridiales.f__Lachnospiraceae.g__Catonella	0.0	0.0	0.0	0.0	0.0	0.0	0.0	0.0	0.0	0.0	0.0	0.0	0.0	0.0	0.0	0.0	0.0	0.0	0.0	0.0	0.0	0.0	0.0	0.0	0.0	0.0	0.0	0.0	0.0	0.0	0.05222	0.0	0.0	0.0	0.0	0.0	0.0	0.0	0.0	0.0	0.0	0.0	0.0	0.0	0.0	0.0	0.0	0.0	0.0	0.0	0.0	0.0	0.0	0.0	0.0	0.0	0.0	0.0	0.0	0.0
k__Bacteria.p__Firmicutes.c__Clostridia.o__Clostridiales.f__Lachnospiraceae.g__Coprococcus	2.23023	2.99566	0.0	1.81216	2.17767	2.25496	0.2977	1.38781	2.03885	20.75751	5.68648	0.0	2.38018	0.63059	12.53159	7.81776	8.69356	1.47498	3.71757	3.04081	0.51897	1.51451	3.38522	25.74057	1.77563	3.81923	2.31801	3.13606	0.0	2.0754	1.45698	1.07962	0.80771	1.95632	2.68132	0.0	2.06695	0.74655	11.99257	2.94883	1.39126	1.27871	3.37186	0.77847	2.73366	1.26958	1.95676	1.75905	2.909	4.51747	0.04271	0.44773	0.0	1.8179	0.15892	2.44162	0.0	1.9447	1.78945	2.50669
k__Bacteria.p__Firmicutes.c__Clostridia.o__Clostridiales.f__Lachnospiraceae.g__Dorea	8.98942	1.06686	4.33961	2.10645	3.81972	4.11099	0.87776	1.33379	2.46067	1.59661	2.85611	1.27243	3.52035	0.21793	3.05001	0.0	1.02545	1.79838	3.72901	1.51533	3.63179	1.18424	3.93705	5.48386	1.63532	2.36072	2.94468	3.26145	2.90012	3.12186	4.39764	2.29681	2.6036	3.73057	4.96968	0.88283	2.02227	3.47722	1.38072	1.43138	1.83993	5.08746	3.14184	0.8479	3.32187	2.57301	2.95038	0.90106	2.44546	2.86328	2.01639	1.03885	1.02606	2.16171	0.31757	4.16647	2.02474	2.04735	2.73358	6.32106
k__Bacteria.p__Firmicutes.c__Clostridia.o__Clostridiales.f__Lachnospiraceae.g__Eisenbergiella	0.12646	0.0	0.00128	0.0	0.00442	0.0	0.00973	0.00136	0.03345	0.00426	0.0	0.03858	0.0	0.02199	0.0	0.00529	0.0	0.0	0.00824	0.0	0.00898	0.0	0.0	0.0	0.0	0.0	0.0	0.0	0.0	0.0	0.0	0.0005	0.0	0.0	0.0	0.00192	0.0	0.0	0.0	0.01936	0.00623	0.00111	0.92508	0.40135	0.00205	0.0	0.01072	0.03286	0.4758	0.0	0.0	0.1472	0.02217	0.0	0.14273	0.0	0.11852	0.00871	0.0	0.01337
k__Bacteria.p__Firmicutes.c__Clostridia.o__Clostridiales.f__Lachnospiraceae.g__Faecalicatena	0.0	0.0	0.0	0.0	0.0	0.0	0.0	0.0	0.00759	0.0	0.0	0.0	0.0	0.0	0.0	0.0	0.0	0.0	0.0	0.0	0.0	0.0	0.0	0.0	0.0	0.0	0.0	0.0	0.0	0.0	0.0	0.0	0.0	0.0	0.0	0.0	0.0	0.0	0.0	0.0	0.0	0.0	0.0	0.05482	0.0	0.0	0.0	0.0	0.0	0.0	0.0	0.0	0.0	0.0	0.0	0.0	0.0	0.0	0.0	0.0
k__Bacteria.p__Firmicutes.c__Clostridia.o__Clostridiales.f__Lachnospiraceae.g__Fusicatenibacter	2.81527	1.74954	0.50211	6.19813	6.16525	2.27231	0.18862	0.1565	2.98092	0.52873	4.90014	2.20804	0.90619	4.34847	1.74805	2.89344	0.27102	2.47385	6.53636	0.48831	2.13336	1.1823	2.05455	1.05275	0.85715	2.48656	1.02031	1.93527	1.95004	1.49938	0.93564	1.80153	1.21568	1.24754	0.79461	0.69187	0.29974	0.05665	0.74529	2.85811	2.83305	1.92086	5.21398	0.1014	0.88469	2.48114	0.05697	1.11603	0.42161	1.93249	2.33634	0.44254	0.8625	2.35033	7.4742	4.11281	0.0	5.00563	1.14628	2.11349
k__Bacteria.p__Firmicutes.c__Clostridia.o__Clostridiales.f__Lachnospiraceae.g__Lachnoclostridium	0.05611	0.0	0.28047	0.01008	0.13879	0.0005	0.2671	0.00834	0.1448	0.0	0.0	1.58599	0.15395	0.12823	0.0	0.20845	0.0	0.0	0.20509	0.0	0.01154	0.02634	0.05368	0.0	0.00277	0.00824	0.01965	0.0	0.26692	0.0	0.26055	0.02758	0.0004	0.0	0.0038	0.13877	0.04912	0.03818	0.0	0.08369	0.0084	0.03363	0.54136	0.30368	0.06059	0.0	0.00084	0.03575	0.07855	0.0	0.00869	0.10043	2.55452	0.0043	0.1105	0.11373	0.91612	0.1131	0.00307	0.14171
k__Bacteria.p__Firmicutes.c__Clostridia.o__Clostridiales.f__Lachnospiraceae.g__Lachnospira	0.0	0.0	0.58689	1.41598	2.35117	2.03887	0.01504	1.59271	0.0	10.17734	4.5134	0.07565	0.0	1.07027	0.0	0.0	0.0	2.40923	0.0	0.0	2.97522	0.0	0.0	13.85442	0.0	0.0	6.22052	3.11426	7.13505	0.00464	0.05098	2.03688	2.21101	0.00146	3.89268	0.36968	5.77476	7.69624	0.18124	0.00227	5.21549	2.72852	10.48746	0.15373	0.0	6.62316	0.61925	0.0	0.0	6.10354	6.61352	1.82262	0.0	0.0	0.3834	0.56046	0.0	0.0	1.9437	0.0
k__Bacteria.p__Firmicutes.c__Clostridia.o__Clostridiales.f__Lachnospiraceae.g__Lachnospiraceae_unclassified	0.663	0.0	0.00184	3.0771	1.02129	2.0586	0.62704	0.10557	0.0	1.70539	1.17211	0.0104	0.7638	0.00069	14.00685	25.57901	7.58165	1.17947	0.06059	0.0	0.20418	0.66408	2.1472	5.49035	0.13575	14.95227	14.07455	0.46284	5.53524	6.39304	0.17599	3.66212	0.32023	0.45809	0.71399	1.24962	0.0	1.93809	0.57053	8.84107	1.7803	1.73527	0.02638	8.68326	0.00595	4.10489	10.50367	0.0	0.0	10.96957	3.34792	0.24013	0.47838	0.09294	2.55296	14.55277	0.0	2.76334	6.48412	4.97861
k__Bacteria.p__Firmicutes.c__Clostridia.o__Clostridiales.f__Lachnospiraceae.g__Marvinbryantia	0.0	0.0	0.0	0.0	0.0	0.0	0.0	0.0	0.0	0.0	0.0	0.0	0.0	0.0	0.0	0.0	0.0	0.0	0.0	0.0	0.0	0.0	0.0	0.0	0.0	0.0	0.0	0.0	0.0	0.0	0.0	0.0	0.0	0.0	0.0	0.0	0.0	0.0	0.0	0.0	0.0	0.0	0.0	0.00372	0.0	0.0	0.0	0.0	0.0	0.0	0.0	0.0	0.0	0.0	0.0	0.0	0.0	0.0	0.0	0.0
k__Bacteria.p__Firmicutes.c__Clostridia.o__Clostridiales.f__Lachnospiraceae.g__Oribacterium	0.0	0.0	0.0	0.0	0.0	0.0	0.0	0.0	0.0	0.0	0.0	0.0	0.0	0.0	0.0	0.0	0.0	0.0	0.0	0.0	0.0	0.0	0.0	0.0	0.0	0.0	0.0	0.0	0.0	0.0	0.0	0.0	0.0	0.0	0.00306	0.0	0.0	0.0	0.0	0.0	0.0	0.0004	0.0	0.0	0.0	0.0	0.0	0.0	0.0	0.0	0.0	0.0	0.0	0.0	0.0	0.0	0.0	0.0	0.0	0.0
k__Bacteria.p__Firmicutes.c__Clostridia.o__Clostridiales.f__Lachnospiraceae.g__Robinsoniella	0.0	0.0	0.0	0.0	0.0	0.0	0.0	0.0	0.00554	0.0	0.0	0.0	0.0	0.0	0.0	0.0	0.0	0.0	0.0	0.0	0.0	0.0	0.0	0.0	0.0	0.0	0.0	0.0	0.0	0.0	0.0	0.0	0.0	0.0	0.0	0.0	0.0	0.0	0.0	0.0	0.0	0.0	0.0	0.0	0.0	0.0	0.0	0.0	0.0	0.0	0.0	0.0	0.0	0.0	0.0	0.0	0.0	0.0	0.0	0.0
k__Bacteria.p__Firmicutes.c__Clostridia.o__Clostridiales.f__Lachnospiraceae.g__Roseburia	2.38388	2.03232	2.46447	7.80111	1.77882	6.79111	0.89003	1.42207	1.24384	0.12859	11.35367	0.00224	8.18264	1.51407	4.94772	2.42843	1.1559	10.69456	13.68345	0.21765	2.39365	3.23738	0.314	6.35079	6.95616	3.61138	4.94365	11.42427	1.48827	5.5518	0.81257	1.72939	7.29435	3.25661	5.64463	0.33306	3.47691	4.57166	10.466	0.08289	3.91381	1.99487	0.10756	0.48584	12.5253	17.38683	8.03547	0.19299	4.88951	8.37994	10.80251	6.94305	0.03572	13.31419	0.03006	0.34293	0.12351	12.1808	7.59958	3.52312
k__Bacteria.p__Firmicutes.c__Clostridia.o__Clostridiales.f__Lachnospiraceae.g__Sellimonas	0.0	0.0	0.04003	0.01513	0.01685	0.0	0.21571	0.0	0.0	0.0	0.0	0.00969	0.0	0.41028	0.0	0.0	0.0	0.0	0.19156	0.0	0.0	0.0	0.0	0.0	0.0	0.0	0.0	0.0	0.22848	0.0	0.0	0.00712	0.0	0.0	0.0	0.18592	0.0	0.0	0.0	0.0	0.0	0.0	0.0	0.01151	0.05889	0.0	0.0	0.0	0.02896	0.0	0.00289	0.22885	0.066	0.25779	0.00951	0.0	0.01157	0.12905	0.0	0.0
k__Bacteria.p__Firmicutes.c__Clostridia.o__Clostridiales.f__Lachnospiraceae.g__Tyzzerella	0.0	0.0	0.0	0.0	0.0	0.0	0.0	0.01637	0.0	0.0	0.0	0.0	0.0	0.0	0.0	0.0	0.0	0.0	0.0	0.0	0.0	0.0	0.0	0.0	0.0	0.0	0.0	0.0	0.0	0.0	0.005	0.0	0.0	0.0	0.0	0.0	0.0	0.0	0.0	0.0	0.0	0.0	0.0	0.0	0.0	0.0	0.0	0.02119	0.0	0.0	0.0	0.0	0.0	0.0	0.25845	0.0	0.0	0.0	0.0	0.0
k__Bacteria.p__Firmicutes.c__Clostridia.o__Clostridiales.f__Oscillospiraceae.g__Oscillibacter	0.67089	1.23797	0.0	0.0	0.0	0.01866	0.47005	0.05932	1.76359	1.06043	0.15506	0.0	1.60251	0.0	0.71177	0.68153	0.68798	0.43414	0.37752	1.6089	1.33264	0.06173	1.41478	0.52396	0.32993	0.0	0.38281	0.15191	0.07591	0.86568	2.23404	0.10511	0.32674	0.30068	0.5312	0.02655	0.56945	0.2886	0.80511	0.76233	1.02499	0.91087	0.0	0.28204	0.60155	0.0856	0.56745	0.35683	0.0	0.84833	0.46232	0.16381	0.11043	0.42829	0.0	0.0	0.0	0.0	0.35209	0.00205
k__Bacteria.p__Firmicutes.c__Clostridia.o__Clostridiales.f__Peptostreptococcaceae.g__Filifactor	0.0	0.0	0.0	0.0	0.0	0.0	0.0	0.0	0.0	0.0	0.0	0.0	0.0	0.0	0.0	0.0	0.0	0.0	0.0	0.0	0.0	0.0	0.0	0.0	0.0	0.0	0.0	0.0	0.0	0.0	0.90185	0.0	0.0	0.0	0.0	0.0	0.0	0.0	0.0	0.0	0.0	0.0	0.0	0.0	0.0	0.0	0.0	0.0	0.0	0.0	0.0	0.0	0.0	0.0	0.0	0.0	0.0	0.0	0.0	0.0
k__Bacteria.p__Firmicutes.c__Clostridia.o__Clostridiales.f__Peptostreptococcaceae.g__Intestinibacter	0.38009	0.0	0.00404	0.0	0.00446	0.01522	0.00198	0.0	0.00771	0.18064	0.63522	0.00468	0.0	0.07773	0.00363	0.0	0.0	0.00538	0.0	0.0041	0.0	0.0	0.02524	0.0	0.03145	0.0	0.0	0.0	0.22401	0.01894	1.07094	0.10778	0.07494	0.0	0.09013	0.10129	0.0	0.01764	0.0	0.0	0.0	0.01383	0.0	0.01689	0.0	0.11694	0.2466	0.0	0.0	0.02191	0.0212	0.0	0.43534	0.15477	0.01159	0.07583	0.01673	0.03011	0.01821	0.0
k__Bacteria.p__Firmicutes.c__Clostridia.o__Clostridiales.f__Peptostreptococcaceae.g__Peptoanaerobacter	0.0	0.0	0.0	0.0	0.0	0.0	0.0	0.0	0.0	0.0	0.0	0.0	0.0	0.0	0.0	0.0	0.0	0.0	0.0	0.0	0.0	0.0	0.0	0.0	0.0	0.0	0.0	0.0	0.0	0.0	0.18764	0.0	0.0	0.0	0.0	0.0	0.0	0.0	0.0	0.0	0.0	0.0	0.0	0.0	0.0	0.0	0.0	0.0	0.0	0.0	0.0	0.0	0.0	0.0	0.0	0.0	0.0	0.0	0.0	0.0
k__Bacteria.p__Firmicutes.c__Clostridia.o__Clostridiales.f__Peptostreptococcaceae.g__Peptostreptococcus	0.0	0.0102	0.0	0.0	0.0	0.0	2.43636	0.22573	0.0	0.0	0.0	0.0	0.0	0.26754	0.0	0.04916	0.0	0.01703	0.01722	0.0	0.0	0.11377	0.01833	0.0	0.0	0.10252	0.0	0.0	0.0802	0.23719	4.39021	0.0	0.0	0.01849	0.0	0.39096	0.06985	0.0	0.00842	0.0	0.0	0.0	0.0	0.0	0.01049	0.0	0.0	0.0	0.0	0.0	0.0	0.0	0.0	0.0	0.0	0.0	0.0	0.0	0.0	0.0
k__Bacteria.p__Firmicutes.c__Clostridia.o__Clostridiales.f__Peptostreptococcaceae.g__Romboutsia	0.0045	0.0	0.0	0.0	0.00048	0.0008	0.00193	0.0	0.01435	0.01684	0.00266	0.00535	0.0	0.00065	0.0	0.0	0.0	0.0	0.0	0.0137	0.0	0.0	0.0	0.0	0.00099	0.0	0.0	0.0	0.0	0.00383	0.01169	0.00642	0.00132	0.0	0.0	0.00429	0.0	0.0	0.0	0.0	0.0	0.00529	0.0	0.0	0.0	0.0	0.00241	0.00125	0.0	0.0	0.0	0.0	0.0	0.0	0.0	0.0	0.0	0.0	0.0	0.0
k__Bacteria.p__Firmicutes.c__Clostridia.o__Clostridiales.f__Ruminococcaceae.g__Acetivibrio	0.0	0.0	0.0	0.0	0.0	0.0	0.00946	0.0	0.0	0.0	0.0	0.0	0.0	0.0	0.0	0.0	0.0	0.0	0.0	0.0	0.0	0.0	0.0	0.0	0.0	0.0	0.0	0.0	0.0	0.0	0.0	0.0	0.0	0.0	0.0	0.0	0.0	0.0	0.0	0.0	0.0	0.0	0.0	0.0	0.0	0.0	0.0	0.0	0.0	0.0	0.0	0.0	0.0	0.0	0.0	0.0	0.0	0.0	0.0	0.0
k__Bacteria.p__Firmicutes.c__Clostridia.o__Clostridiales.f__Ruminococcaceae.g__Agathobaculum	0.91139	0.14117	0.21393	0.43348	0.35306	0.19462	0.05956	0.17391	0.32269	0.02129	0.29341	0.0	0.48908	0.79419	0.34122	0.33172	0.09916	0.02144	0.18373	0.0539	0.22692	0.80316	0.33001	0.20535	0.61419	0.14376	1.11797	1.59225	0.00576	0.20669	0.08276	0.34623	0.18997	0.04386	0.30852	0.03254	0.38103	0.98969	0.51188	0.08378	0.76274	0.28284	0.39203	0.155	1.05698	0.44095	0.28261	0.019	1.20395	0.25769	0.23187	0.61053	0.06229	0.50592	0.0	0.38094	0.27789	0.58344	0.10556	0.6905
k__Bacteria.p__Firmicutes.c__Clostridia.o__Clostridiales.f__Ruminococcaceae.g__Anaerofilum	0.0	0.0	0.0	0.0	0.0	0.0	0.0	0.0	0.0	0.0	0.0	0.0	0.0	0.0	0.0	0.0	0.0	0.0	0.0	0.0	0.0	0.0	0.0	0.0	0.0	0.0	0.0	0.0	0.0	0.0	0.0	0.0	0.0	0.0	0.0	0.00097	0.0	0.0	0.0	0.0	0.0	0.0	0.0	0.0	0.0	0.0	0.0	0.0	0.00194	0.0	0.0	0.0	0.01792	0.0	0.0	0.0	0.0	0.0	0.0	0.0
k__Bacteria.p__Firmicutes.c__Clostridia.o__Clostridiales.f__Ruminococcaceae.g__Anaeromassilibacillus	0.0	0.0	0.0	0.0	0.0	0.0	0.0	0.02081	0.01808	0.00337	0.0	0.0	0.0	0.05784	0.0	0.0	0.0	0.0043	0.0	0.0195	0.0	0.00081	0.0	0.01721	0.0	0.0	0.0	0.0	0.0	0.0	0.01831	0.0	0.00443	0.00846	0.0	0.1909	0.0	0.0	0.0	0.0	0.0	0.0	0.01855	0.0	0.0	0.0	0.01009	0.03405	0.0	0.0082	0.00577	0.01668	0.16004	0.0	0.0	0.04203	0.0654	0.02005	0.0	0.0
k__Bacteria.p__Firmicutes.c__Clostridia.o__Clostridiales.f__Ruminococcaceae.g__Anaerotruncus	0.02579	0.0	0.11157	0.0	0.0026	0.00259	0.0	0.0	0.0	0.0	0.0	0.0	0.0	0.20945	0.0	0.04493	0.0	0.0	0.03241	0.00633	0.00582	0.0	0.19658	0.0	0.0	0.02468	0.0	0.0	0.0	0.0	0.0	0.02846	0.0	0.0	0.0	0.00567	0.0	0.0	0.0	0.04276	0.0	0.00413	0.0	0.2004	0.0	0.0	0.0	0.01299	0.00884	0.0	0.0	0.02481	3.24316	1.76728	0.45327	0.0	0.0	0.04711	0.0	0.01332
k__Bacteria.p__Firmicutes.c__Clostridia.o__Clostridiales.f__Ruminococcaceae.g__Faecalibacterium	19.15677	7.52676	0.00888	14.83605	3.49281	13.3942	0.68394	5.58034	2.36146	6.24589	12.07911	0.40134	5.03865	7.63714	10.56379	1.84535	4.05882	4.34159	8.8039	4.36074	12.36294	10.90286	9.95169	8.80638	8.06119	2.70209	7.8648	18.70223	2.70739	13.16559	5.37653	7.02817	6.97175	8.3953	11.14901	1.14758	7.90762	15.5022	6.44739	0.60776	3.00651	9.28407	2.29295	1.70956	8.53438	11.49021	8.9392	1.65867	8.4562	14.74386	14.33795	10.16369	2.7159	7.55745	2.2799	5.33588	6.71809	10.75468	13.30765	10.45649
k__Bacteria.p__Firmicutes.c__Clostridia.o__Clostridiales.f__Ruminococcaceae.g__Flavonifractor	0.13762	0.00889	0.43956	0.0524	0.64529	0.0252	0.17413	0.03549	0.74806	0.0	0.04177	0.25214	0.19017	0.70375	0.0402	0.7603	0.00238	0.0	0.41301	0.00284	0.01194	0.05762	0.02187	0.0	0.01334	0.2235	0.01333	0.0	0.37131	0.0	0.00685	0.01702	0.01074	0.0	0.00643	0.34917	0.08737	0.26642	0.0	0.14054	0.03408	0.01378	2.1386	0.21935	0.02399	0.0	0.05475	0.02043	0.64114	0.01763	0.06417	0.23029	0.31447	0.12018	0.74859	0.16175	0.95644	0.74679	0.01296	0.15317
k__Bacteria.p__Firmicutes.c__Clostridia.o__Clostridiales.f__Ruminococcaceae.g__Gemmiger	1.20907	0.63784	0.0	0.29384	0.17557	0.17578	0.13809	0.18321	0.38667	0.14205	0.49389	0.03726	0.97594	0.00526	0.27838	0.02229	0.14092	0.43518	0.2998	0.20443	0.36312	0.32827	0.90447	0.38788	1.12375	0.26928	0.40694	0.55933	0.00058	0.12822	0.08508	0.20738	0.28621	0.11048	0.13765	0.4053	0.2793	0.89365	0.13207	0.08189	0.31742	0.23894	0.0	0.0	0.64307	0.57705	0.58793	0.11582	0.00059	0.12393	0.28533	0.0	0.09832	0.28397	0.30667	0.14436	0.04966	0.78767	0.49892	0.16505
k__Bacteria.p__Firmicutes.c__Clostridia.o__Clostridiales.f__Ruminococcaceae.g__Harryflintia	0.0	0.0	0.0	0.0	0.0	0.0	0.00346	0.0	0.0	0.0	0.0	0.0	0.0	0.0	0.0	0.0	0.0	0.0	0.0	0.00348	0.0	0.0	0.0	0.0	0.0	0.0	0.0	0.0	0.0	0.0	0.0	0.0	0.0	0.0	0.0	0.01322	0.00473	0.0	0.0	0.0	0.0	0.0	0.0	0.0	0.0	0.0	0.0	0.0	0.0	0.0	0.0	0.0	0.0	0.0	0.0	0.0	0.0	0.0	0.0	0.0
k__Bacteria.p__Firmicutes.c__Clostridia.o__Clostridiales.f__Ruminococcaceae.g__Pseudoflavonifractor	0.0	0.0	0.00433	0.0133	0.0	0.00285	0.0	0.0	0.0	0.0	0.0	0.0	0.0	0.16991	0.0	0.0	0.0	0.0	0.0	0.0	0.0	0.0	0.0	0.0	0.0	0.0	0.0	0.0	0.01565	0.0	0.0	0.00752	0.0	0.0	0.0	0.10413	0.09542	0.06002	0.0	0.0	0.0	0.0	0.0	0.0	0.03521	0.0	0.0	0.0	0.0	0.00074	0.0	0.00643	0.9018	0.0	0.0	0.00653	0.0009	0.0	0.0	0.0
k__Bacteria.p__Firmicutes.c__Clostridia.o__Clostridiales.f__Ruminococcaceae.g__Ruminococcaceae_unclassified	0.98073	1.32289	0.01787	0.00464	0.199	0.00818	0.02449	6.01197	0.02913	0.00655	0.07601	0.0	0.0155	0.26891	1.08523	0.1645	0.09066	0.30283	0.02081	0.14849	0.20506	0.0	0.83205	0.00248	0.50293	0.7092	0.00181	0.00991	0.0686	0.75438	0.5134	0.03391	0.03781	0.33358	0.01089	1.96612	15.65641	0.13763	2.63528	3.03519	1.54377	0.63424	2.97793	0.01747	0.3608	0.00756	6.4868	0.07774	0.00397	0.0318	0.0	0.01918	6.1664	0.24839	0.12414	0.00036	0.0	0.01338	0.0	0.0011
k__Bacteria.p__Firmicutes.c__Clostridia.o__Clostridiales.f__Ruminococcaceae.g__Ruminococcus	3.10166	18.35979	0.0	19.3753	1.98314	16.25391	4.8092	13.16048	6.76721	7.64274	0.83391	0.00675	0.95169	13.81656	5.09556	9.05127	1.12494	36.54102	1.10096	1.24445	9.03874	2.92139	0.82814	2.95004	15.64766	0.23184	8.19996	2.27664	24.09506	0.99897	1.78357	4.45371	6.81803	0.39786	2.1365	31.96886	0.69062	17.58059	1.15751	31.89242	18.13672	9.52451	0.0	0.0	19.33294	14.31797	1.03559	17.09942	7.28492	13.87521	11.88451	8.50779	0.11223	6.44444	12.49663	16.36013	0.0	8.42492	2.29475	1.45035
k__Bacteria.p__Firmicutes.c__Clostridia.o__Clostridiales.f__Ruminococcaceae.g__Ruthenibacterium	0.08519	0.04798	0.03937	0.04357	0.12164	0.04534	0.12118	0.09128	0.66768	0.08221	0.01067	0.01358	0.03661	0.46118	0.01347	0.20568	0.00587	0.02525	0.06965	0.2206	0.06689	0.02838	0.35746	0.00484	0.07992	0.59677	0.01182	0.02028	0.08346	0.03472	0.25552	0.11718	0.0061	0.0	0.01543	0.26385	0.09383	0.47011	0.01393	0.12129	0.04788	0.03425	0.51094	0.177	0.15062	0.0	0.08144	0.24599	0.16181	0.01569	0.00578	0.01893	0.11132	0.08589	0.29746	0.02308	0.25283	0.07779	0.0	0.05408
k__Bacteria.p__Firmicutes.c__Erysipelotrichia.o__Erysipelotrichales.f__Erysipelotrichaceae.g__Absiella	0.0	0.0	0.00248	0.0	0.01158	0.0	0.0	0.0	0.0	0.0	0.0	0.0	0.0	0.0	0.0	0.0	0.0	0.0	0.0	0.0	0.0	0.0	0.0	0.0	0.0	0.0	0.0	0.0	0.0	0.0	0.0	0.0	0.0	0.0	0.0	0.0	0.0	0.0	0.0	0.0	0.0	0.0	0.0	0.0	0.0	0.0	0.0	0.0	0.0555	0.0	0.0	0.0	0.0	0.0	0.0	0.0	0.0	0.0	0.0	0.0
k__Bacteria.p__Firmicutes.c__Erysipelotrichia.o__Erysipelotrichales.f__Erysipelotrichaceae.g__Bulleidia	0.0	0.0	0.0	0.0	0.0	0.0	0.00381	0.0	0.0	0.0	0.0	0.0	0.0	0.0	0.0	0.0	0.0	0.0074	0.0	0.0	0.0	0.0	0.00999	0.0	0.0	0.00225	0.0	0.0	0.0	0.0	0.13514	0.0	0.0	0.0	0.0	0.0009	0.0	0.0	0.0	0.0	0.0	0.0	0.0	0.0	0.00339	0.0	0.0	0.0	0.0	0.0	0.0	0.0	0.0	0.0	0.0	0.0	0.0	0.0	0.0	0.0
k__Bacteria.p__Firmicutes.c__Erysipelotrichia.o__Erysipelotrichales.f__Erysipelotrichaceae.g__Catenibacterium	0.0	0.0	0.0	0.0	0.0	0.0	0.0	0.0	0.0	0.0	0.0	0.0	0.0	0.0	0.0	0.0	1.77167	0.27095	0.0	0.0	2.09945	0.35729	0.0	0.16301	0.0	0.0	0.0	0.0	0.0	0.0	0.06326	0.0	0.0	0.0	0.34089	0.0	0.0	0.0	0.10857	0.0	0.0	0.0	0.0	0.0	0.0	0.0	0.3699	0.0	0.0	0.0	0.0	0.0	0.0	0.0	0.0	0.0	0.0	0.0	0.0	2.86083
k__Bacteria.p__Firmicutes.c__Erysipelotrichia.o__Erysipelotrichales.f__Erysipelotrichaceae.g__Coprobacillus	0.00563	0.0	0.0	0.0	0.0	0.0	0.0	0.0	0.02643	0.0	0.00028	0.0	0.0	0.0	0.0	0.03606	0.05202	0.0	0.09558	0.0	0.0	0.0	0.0	0.0	0.06009	0.20639	0.0	0.0	0.06533	0.0	0.37653	0.0	0.0	0.0	0.0	0.0	0.0	0.0	0.0	0.0	0.0	0.0	0.05183	0.28633	0.0	0.0	0.02423	0.01665	0.0	0.0	0.0	0.05156	0.0	0.0	0.0	0.0	0.0	0.0	0.0	0.0
k__Bacteria.p__Firmicutes.c__Erysipelotrichia.o__Erysipelotrichales.f__Erysipelotrichaceae.g__Dielma	0.0	0.0	0.0	0.0	0.0	0.0	0.0	0.0	0.00534	0.0	0.0	0.0	0.0	0.0	0.0	0.00722	0.0	0.0	0.02201	0.0	0.01715	0.0	0.0	0.0	0.0	0.0	0.0	0.0	0.0	0.0	0.0	0.0	0.0	0.0	0.0	0.0	0.0	0.0	0.0	0.0	0.0	0.00599	0.02405	0.04318	0.0	0.0	0.0	0.0	0.05338	0.0	0.0	0.0	0.0	0.0	0.00587	0.00112	0.0	0.00907	0.0	0.0
k__Bacteria.p__Firmicutes.c__Erysipelotrichia.o__Erysipelotrichales.f__Erysipelotrichaceae.g__Erysipelatoclostridium	0.03184	0.0	0.03696	0.0	0.0361	0.01075	0.0163	0.01322	0.10511	0.0	0.0	0.3046	0.01999	0.084	0.0435	0.05764	0.0	0.0	0.00764	0.0	0.01424	0.0	0.00398	0.0	0.01556	0.04247	0.0	0.0	0.01384	0.0	0.05174	0.00132	0.0	0.0	0.0	0.00302	0.0	0.0	0.0	0.03879	0.0	0.00052	0.59513	0.70141	0.0038	0.0	0.0	0.14201	0.5493	0.0	0.04567	0.15535	0.27509	0.0	1.90625	0.00255	0.07962	0.05746	0.0	0.00099
k__Bacteria.p__Firmicutes.c__Erysipelotrichia.o__Erysipelotrichales.f__Erysipelotrichaceae.g__Faecalicoccus	0.0	0.0	0.0	0.0	0.0	0.0	0.0	0.0	0.0	0.0	0.0	0.0	0.0	0.0	0.0	0.0	0.0	0.0	0.11375	1.51907	0.0	0.04236	0.0	0.0	0.0	0.0	0.0	0.0	0.0	0.0	0.0413	0.0	0.0	0.0	0.0	0.0	0.0	0.0	0.0	0.0	0.0	0.0	0.0	0.0	0.0	0.0	0.07452	0.0	0.0	0.07739	0.0	0.0	0.0	0.0	0.0	0.0	0.0	0.0	0.0	0.0
k__Bacteria.p__Firmicutes.c__Erysipelotrichia.o__Erysipelotrichales.f__Erysipelotrichaceae.g__Faecalitalea	0.0	0.0	0.0	0.0	0.04578	0.0	0.0	0.0	0.0	0.0	0.01948	0.0	0.0	0.0	0.0	0.0	0.00616	0.0	0.0	0.02746	0.0	0.0	0.02084	0.0	0.0	0.0	0.0	0.0	0.0	0.0	0.0	0.0	0.0	0.07632	0.0	0.0	0.0274	0.0	0.0	0.0	0.0	0.0	0.0	0.0841	0.0	0.0	0.1234	0.0	0.0	0.0	0.0058	0.0	0.0	0.0	0.0	0.0	0.0	0.0	0.0	0.0
k__Bacteria.p__Firmicutes.c__Erysipelotrichia.o__Erysipelotrichales.f__Erysipelotrichaceae.g__Holdemanella	0.0	1.99009	0.0	0.0	0.0	0.30647	0.0	0.0	0.0	1.01508	0.0	0.0	0.0	0.0	0.0	0.0	0.23268	0.0	0.0	0.47414	0.0	0.06161	0.0	0.07258	0.0	0.0	0.0	0.0	0.0	0.0	0.0	0.0	0.2391	0.13046	0.2479	0.0	1.54876	0.0	0.2298	0.75407	0.0	0.0	0.0	0.0	0.0	0.21475	0.0	0.0	0.0	0.0	0.0	0.0	0.0	2.81106	0.0	0.00562	0.0	0.0	0.05139	0.50901
k__Bacteria.p__Firmicutes.c__Erysipelotrichia.o__Erysipelotrichales.f__Erysipelotrichaceae.g__Holdemania	0.01787	0.01958	0.00209	0.0	0.01332	0.00064	0.01239	0.00849	0.0	0.0	0.0	0.0	0.0	0.01658	0.0	0.0397	0.0	0.0	0.0	0.0	0.0	0.0	0.0	0.0	0.0	0.0	0.0	0.0	0.0	0.01153	0.0	0.00833	0.0	0.0	0.0	0.0	0.0	0.0	0.0	0.01235	0.0	0.00961	0.0	0.0	0.0	0.0	0.0	0.00887	0.0	0.0	0.0	0.0	0.0	0.0	0.0	0.0	0.0	0.01547	0.0	0.0
k__Bacteria.p__Firmicutes.c__Erysipelotrichia.o__Erysipelotrichales.f__Erysipelotrichaceae.g__Massiliomicrobiota	0.0073	0.0	0.0092	0.0	0.0	0.0	0.0	0.0	0.0	0.0	0.0	0.0	0.0	0.02605	0.0	0.0	0.0	0.0	0.0	0.0	0.0	0.0	0.0	0.0	0.0	0.0	0.0	0.0	0.0	0.0	0.0	0.0	0.0	0.0	0.0	0.0077	0.0	0.0	0.0	0.0	0.0	0.0	0.07086	0.0	0.0	0.0	0.0	0.0	0.00377	0.0	0.0	0.00194	0.0	0.0	0.0	0.01279	0.00054	0.00152	0.0	0.0
k__Bacteria.p__Firmicutes.c__Erysipelotrichia.o__Erysipelotrichales.f__Erysipelotrichaceae.g__Solobacterium	0.0189	0.00586	0.0	0.0	0.0	0.0	0.79447	0.0	0.0	0.0	0.0	0.0	0.0	0.56806	0.0	0.0	0.0	0.00814	0.00843	0.0	0.0	0.03224	0.0	0.0	0.0049	0.0	0.0	0.0	0.0	0.0	0.35688	0.0	0.0	0.0	0.0	0.05596	0.0	0.0	0.00612	0.0	0.00247	0.00131	0.00065	0.0	0.00895	0.0	0.0	0.0	0.0	0.0	0.0	0.0	0.0	0.0	0.0	0.00243	0.0	0.0	0.0	0.0
k__Bacteria.p__Firmicutes.c__Erysipelotrichia.o__Erysipelotrichales.f__Erysipelotrichaceae.g__Turicibacter	0.0	0.00035	0.01066	0.0	0.0547	0.0	0.01241	0.0	0.0	0.02903	0.16239	0.00112	0.0	0.02229	0.00324	0.0	0.0	0.0	0.0	0.00678	0.0	0.0	0.0	0.0	0.00925	0.0	0.0	0.0	0.0	0.0	0.0	0.00966	0.0	0.00966	0.0	0.01507	0.0	0.03366	0.0	0.0	0.00064	0.02903	0.02151	0.0	0.0	0.07761	0.00031	0.0	0.0	0.05361	0.0	0.0	0.0	0.00474	0.0	0.00039	0.01335	0.0	0.01374	0.0
k__Bacteria.p__Firmicutes.c__Firmicutes_unclassified.o__Firmicutes_unclassified.f__Firmicutes_unclassified.g__Firmicutes_unclassified	1.63414	1.34895	0.0503	0.1691	0.72329	0.20733	0.65324	0.35447	1.02287	0.39821	0.16906	0.0	0.17323	0.30408	0.09367	0.54331	0.56746	1.04293	1.52919	0.1368	0.21976	0.46262	2.32092	0.57993	1.53585	0.14533	1.10979	0.49415	2.13007	0.61472	0.50949	0.25808	0.53105	2.30998	0.59248	1.26688	2.29686	0.78463	0.30858	1.49961	0.61149	0.1693	0.02782	2.78414	0.02472	0.06295	0.72936	1.06497	0.51776	0.139	0.12415	3.01866	0.90319	0.89911	5.96929	0.41513	1.27836	0.0	0.00679	0.32851
k__Bacteria.p__Firmicutes.c__Negativicutes.o__Acidaminococcales.f__Acidaminococcaceae.g__Acidaminococcus	0.0	3.43107	1.74762	0.0	0.67381	0.39105	3.57634	0.0	0.0	0.0	0.0	0.0	0.0	1.31622	0.0	0.0	0.0	0.0	0.0	0.18282	0.00058	2.56018	0.0	0.0	0.0	1.02948	0.0	0.0	0.0	1.13134	0.0	0.0	0.0	0.0	3.56903	0.0	0.0	0.0	0.0	0.0	0.0	0.0	0.0	0.61631	0.2307	0.12918	0.16045	0.0	0.0	0.0	0.0	0.0	0.0	0.0	0.0	0.31351	2.6621	0.0	0.08873	0.0
k__Bacteria.p__Firmicutes.c__Negativicutes.o__Acidaminococcales.f__Acidaminococcaceae.g__Phascolarctobacterium	1.60749	0.25245	1.90781	0.0	0.19189	2.86285	0.0	1.37136	0.67733	0.63983	0.46283	0.0	1.57734	0.0	0.43813	0.0	3.52317	1.74532	0.45916	0.06963	0.0	0.20252	3.40465	0.0	0.13409	0.0041	0.0124	0.27514	0.0	1.65346	0.31763	0.07552	0.0	1.18983	0.14762	0.0	1.52506	0.0	1.13529	0.81262	0.0	0.0968	0.06729	0.2891	0.02968	0.46207	0.0	0.29509	0.19834	0.0	0.05961	0.0	0.32074	0.0	0.94794	0.88285	0.0	0.0	2.03965	2.17849
k__Bacteria.p__Firmicutes.c__Negativicutes.o__Selenomonadales.f__Selenomonadaceae.g__Megamonas	0.0	0.79531	0.0	0.0	0.07024	0.0	0.0	0.0	0.0	0.0	0.0	0.0	3.31758	0.0	0.0	0.0	0.0	0.0	0.10386	0.0	0.0	0.99949	0.0	0.0	0.0	0.0	0.0	0.0	0.0	0.0	0.0	0.0	0.0	0.0	0.0	0.0	0.0	0.0	0.0	0.0	0.0	0.0	0.0	0.00299	0.0	0.0	0.0	0.0	0.0	0.0	0.0	0.0	0.0	0.0	0.0	0.0	0.0	0.0	0.0	0.0
k__Bacteria.p__Firmicutes.c__Negativicutes.o__Selenomonadales.f__Selenomonadaceae.g__Mitsuokella	0.0	0.0	0.0	0.0	0.0	0.0	11.04584	0.0	0.0	0.00907	0.1105	0.0	0.0	0.0	0.0	0.0	0.0	0.0	0.0	0.0	0.19575	0.0	0.0	0.46371	0.0	1.01361	1.32789	1.34822	0.0	0.0	0.00835	0.0	0.0	0.78437	0.31776	0.0	0.77446	0.0	0.0	0.0	0.0	0.0	0.0	0.0	0.0	0.09946	0.20803	0.0	0.0	0.0	0.0	0.0	0.0	0.0	0.0	0.0	0.0	0.0	0.0	0.0
k__Bacteria.p__Firmicutes.c__Negativicutes.o__Selenomonadales.f__Selenomonadaceae.g__Selenomonas	0.0	0.0	0.0	0.0	0.0	0.0	0.0	0.0	0.0	0.0	0.0	0.0	0.0	0.0	0.0	0.0	0.0	0.0	0.0	0.0	0.0	0.0	0.0	0.0	0.0	0.0	0.0	0.0	0.0	0.0	0.00161	0.0	0.0	0.0	0.0	0.0	0.0	0.0	0.0	0.0	0.0	0.0	0.0	0.0	0.0	0.0	0.0	0.0	0.0	0.0	0.0	0.0	0.0	0.0	0.0	0.0	0.0	0.0	0.0	0.0
k__Bacteria.p__Firmicutes.c__Negativicutes.o__Veillonellales.f__Veillonellaceae.g__Allisonella	0.02968	0.0	0.0	0.0	0.0	0.05356	0.04697	0.0	0.0	0.0	0.0	0.0	0.10793	0.0	0.0	0.0	0.0	0.0	0.0	0.0195	0.0	0.1016	0.0	0.00474	0.0	0.00959	0.0	0.0	0.0	0.01009	0.0	0.0	0.0	0.0	0.01189	0.0	0.0	0.0	0.00553	0.0	0.0	0.0	0.0	0.0	0.0	0.00672	0.05952	0.0	0.0	0.0	0.0	0.0	0.0	0.0	0.0	0.0	0.0	0.0	0.0	0.0
k__Bacteria.p__Firmicutes.c__Negativicutes.o__Veillonellales.f__Veillonellaceae.g__Dialister	0.0	0.0	0.0	0.0	0.0	0.0	0.24936	0.34335	0.0	0.0	0.0	0.0	0.0	0.46128	0.0	0.32344	0.0	0.0	0.0	1.61796	0.56112	1.17937	0.14172	0.01506	0.0	0.21143	0.38163	0.15486	0.29909	0.0	0.53732	0.79636	0.70927	0.0	0.0	0.21738	0.0	0.41331	0.0	0.0	1.6155	0.01177	0.0	0.00034	1.66544	0.0	0.0	0.0	0.0	1.17953	0.12459	0.55026	0.0	0.35277	0.0	0.0	0.12055	0.0053	0.0	0.0
k__Bacteria.p__Firmicutes.c__Negativicutes.o__Veillonellales.f__Veillonellaceae.g__Megasphaera	0.0	0.17528	0.0	0.0	0.13231	0.0	0.0	0.0	0.0	0.0	0.0	0.0	0.51836	0.26187	0.0	0.0	0.0	0.0	0.0	0.0	0.0	0.0	0.0	0.0	0.0	0.0	0.71459	0.01643	0.0	0.0	0.0	0.0	0.0	0.0	1.76082	0.0	0.0	0.0	0.0	0.0	0.0	0.0	0.0	0.0	0.0	0.0	0.0	0.0	0.0	0.0	0.0	0.0	0.0	0.0	0.0	0.0	0.0	0.0	0.0	0.0
k__Bacteria.p__Firmicutes.c__Negativicutes.o__Veillonellales.f__Veillonellaceae.g__Veillonella	0.13704	0.0	0.0	0.0	0.01774	0.0	0.0	0.0	0.01042	0.0	0.0	0.0	0.0	0.00406	0.03592	0.0	0.78793	0.0	0.31587	0.0	0.237	0.14328	0.0	0.08631	0.00339	0.0	0.0	0.03362	0.0	0.0	0.00286	0.01243	2.04424	0.0	0.04348	0.0	0.0	0.0	0.0128	0.0	0.0	0.00841	0.0	0.03837	0.0	0.02042	0.00409	0.0	0.0	0.01173	0.02408	0.01539	0.02152	0.0	0.0	0.0	0.0	0.0	0.12828	0.0
k__Bacteria.p__Firmicutes.c__Tissierellia.o__Tissierellales.f__Peptoniphilaceae.g__Anaerococcus	0.0	0.0	0.0	0.0	0.00052	0.0	0.0	0.01729	0.0	0.0	0.0	0.0	0.0	0.0	0.0	0.0	0.0	0.0	0.0	0.0	0.0	0.0	0.0	0.0	0.0	0.0	0.0	0.0	0.0	0.0	0.0	0.0	0.0	0.0	0.0	0.00159	0.0	0.0	0.0	0.0	0.0	0.0	0.09718	0.0	0.0	0.0	0.0	0.0	0.0	0.0	0.0	0.0	0.0	0.0	0.0	0.0	0.0	0.0	0.0	0.0
k__Bacteria.p__Firmicutes.c__Tissierellia.o__Tissierellales.f__Peptoniphilaceae.g__Finegoldia	0.0	0.0	0.0	0.0	0.01985	0.0	0.0	0.0	0.0	0.0	0.0	0.00751	0.0	0.0	0.0	0.0	0.0	0.0	0.0	0.0	0.0	0.0	0.0	0.0	0.0	0.0	0.0	0.0	0.0	0.0	0.0	0.0	0.0	0.0	0.0	0.0	0.0	0.0	0.0	0.0	0.0	0.0	0.0	0.0	0.0	0.0	0.0	0.0	0.0	0.0	0.0	0.0	0.0	0.0	0.0	0.0	0.0	0.0	0.0	0.0
k__Bacteria.p__Firmicutes.c__Tissierellia.o__Tissierellales.f__Peptoniphilaceae.g__Parvimonas	0.01341	0.0	0.0	0.0	0.0	0.0	0.21184	0.08518	0.0	0.01951	0.0	0.0	0.0	0.18833	0.0	0.01807	0.0	0.02222	0.0011	0.0	0.0	0.03139	0.00323	0.0	0.0	0.07204	0.0	0.0	0.0	0.2118	0.3388	0.0	0.0	0.0	0.0	0.06526	0.06712	0.0	0.00272	0.0	0.0	0.0	0.11223	0.0	0.00525	0.0	0.0	0.0	0.0	0.0	0.0	0.0	0.0	0.0	0.0	0.0	0.0	0.0	0.0	0.0
k__Bacteria.p__Firmicutes.c__Tissierellia.o__Tissierellales.f__Peptoniphilaceae.g__Peptoniphilus	0.0	0.0	0.0	0.0	0.0	0.0	0.0	0.0	0.0	0.0	0.0	0.0	0.0	0.0	0.0	0.0	0.0	0.0	0.0	0.0	0.0	0.0	0.0	0.0	0.0	0.0	0.0	0.0	0.0	0.0	0.0	0.0	0.0	0.0	0.0	0.0	0.0	0.0	0.0	0.0	0.0	0.0	0.15379	0.0	0.0	0.0	0.0	0.0	0.0	0.0	0.0	0.0	0.0	0.0	0.0	0.0	0.0	0.0	0.0	0.0
k__Bacteria.p__Fusobacteria.c__Fusobacteriia.o__Fusobacteriales.f__Fusobacteriaceae.g__Fusobacterium	0.02003	0.0	0.0	0.00075	0.0	0.0	0.00994	0.35978	0.0	0.0	0.0	0.0	0.0	0.00807	0.0	0.0	0.0	0.01009	0.0	0.0	0.0	0.13733	0.0	0.0	0.0	0.0	0.0	0.0	0.0	0.00451	0.07921	0.0	0.0	0.0	0.0	0.00859	0.0	0.0	0.0	0.0	0.0	0.0	0.00559	0.0	0.0	0.0	0.0	0.0	0.0	0.0	0.0	0.0	0.00203	0.0	0.0	0.0	0.0	0.0	0.0	0.0
k__Bacteria.p__Fusobacteria.c__Fusobacteriia.o__Fusobacteriales.f__Leptotrichiaceae.g__Leptotrichia	0.0	0.0	0.0	0.0	0.0	0.0	0.00107	0.0	0.0	0.0	0.0	0.0	0.0	0.0	0.0	0.0	0.0	0.0	0.0	0.0	0.0	0.0	0.0	0.0	0.0	0.0	0.0	0.0	0.0	0.0	0.0	0.0	0.0	0.0	0.0	0.0	0.0	0.0	0.0	0.0	0.0	0.0	0.0	0.0	0.0	0.0	0.0	0.0	0.0	0.0	0.0	0.0	0.0	0.0	0.0	0.0	0.0	0.0	0.0	0.0
k__Bacteria.p__Lentisphaerae.c__Lentisphaeria.o__Victivallales.f__Victivallaceae.g__Victivallis	0.0	0.0	0.0	0.0	0.0	0.0	0.01885	0.04806	0.0	0.0	0.0	0.0	0.0	0.0	0.0	0.0	0.0	0.03216	0.0	0.0	0.02041	0.0	0.006	0.04324	0.0	0.0	0.0	0.0	0.0	0.0	0.0	0.0	0.0	0.0	0.0	0.0	0.0	0.00147	0.0	0.0	0.0	0.0	0.0	0.0	0.0	0.0	0.01113	0.0	0.0	0.00483	0.0	0.0	0.0	0.0	0.0	0.0	0.0	0.0	0.0	0.0
k__Bacteria.p__Proteobacteria.c__Betaproteobacteria.o__Burkholderiales.f__Comamonadaceae.g__Comamonas	0.0	0.0	0.0	0.0	0.0	0.0	0.0	0.0	0.0	0.0	0.0	0.0	0.0	0.0	0.0	0.0	0.0	0.0	0.0	0.0	0.0	0.0	0.0	0.0	0.0	0.0	0.0	0.0	0.0	0.00276	0.0	0.0	0.0	0.33689	0.0	0.0	0.0	0.0	0.0	0.0	0.0	0.0	0.0	0.0	0.0	0.0	0.0	0.0	0.0	0.0	0.0	0.0	0.0	0.0	0.0	0.0	0.0	0.0	0.0	0.0
k__Bacteria.p__Proteobacteria.c__Betaproteobacteria.o__Burkholderiales.f__Oxalobacteraceae.g__Oxalobacter	0.0	0.0	0.0	0.0	0.0	0.0	0.0	0.0	0.0	0.0	0.0	0.0	0.0	0.0	0.0	0.0	0.0	0.0	0.0	0.0	0.0	0.0	0.0	0.0	0.0	0.0	0.0	0.0	0.0	0.0	0.0	0.0	0.0	0.0	0.0	0.0	0.0	0.0	0.0	0.0	0.0	0.0	0.0	0.0	0.0	0.0	0.00719	0.0	0.0	0.0	0.0	0.0	0.0	0.0	0.0	0.0	0.0	0.0	0.0	0.0
k__Bacteria.p__Proteobacteria.c__Betaproteobacteria.o__Burkholderiales.f__Sutterellaceae.g__Parasutterella	0.0416	0.0	0.01213	0.24893	0.00029	0.00444	0.0	0.0	0.0	0.0	0.13404	0.1631	0.0	0.0	0.02629	0.0	0.0	0.0	0.00042	0.0	0.45886	0.0	0.20128	0.00455	0.0	0.0	0.09562	0.23052	0.0	0.08226	0.00037	0.0	0.10499	0.01278	0.0	0.0	0.0	0.0	0.11041	0.00268	0.04021	0.05141	0.03491	0.03352	0.15947	0.0	0.0	0.07332	0.0	0.0	0.0	0.0	0.0	0.00113	0.0	0.0	0.0	0.12712	0.0	0.0
k__Bacteria.p__Proteobacteria.c__Betaproteobacteria.o__Burkholderiales.f__Sutterellaceae.g__Sutterella	0.0	0.0	0.0	0.0	0.04793	0.00814	0.0	0.0	0.0	0.0	0.0	0.0	0.01722	0.0	0.0	0.0	0.0	0.0	0.0	0.0	0.0	0.029	0.0	0.0	0.0	0.0	0.0	0.0	0.0	0.0	0.0	0.0	0.0	0.0	0.0	0.0	0.09325	0.0	0.0	0.0	0.0	0.0	0.0	0.0	0.0	0.0	0.0	0.0	0.00473	0.0	0.63286	0.0	0.0	0.07906	0.0	0.0	0.0	0.0	0.0	0.0
k__Bacteria.p__Proteobacteria.c__Betaproteobacteria.o__Burkholderiales.f__Sutterellaceae.g__Turicimonas	0.0	0.0	0.0	0.02239	0.0	0.0	0.0	0.0	0.0	0.006	0.00407	0.007	0.0	0.0	0.00571	0.0	0.0	0.0	0.0	0.0	0.0474	0.0	0.00644	0.0	0.0	0.0	0.0	0.02005	0.0	0.00154	0.0	0.0	0.02297	0.0	0.0	0.0	0.0	0.16052	0.0	0.0	0.0	0.02211	0.0	0.01804	0.0	0.0	0.0	0.0	0.0	0.0	0.0	0.0	0.0	0.0	0.0	0.0	0.0	0.02848	0.0	0.0
k__Bacteria.p__Proteobacteria.c__Betaproteobacteria.o__Neisseriales.f__Neisseriaceae.g__Eikenella	0.0	0.0	0.0	0.0	0.0	0.0	0.0	0.0	0.0	0.0	0.0	0.0	0.0	0.01385	0.0	0.0	0.0	0.0	0.0	0.0	0.0	0.0	0.0	0.0	0.0	0.0	0.0	0.0	0.0	0.0	0.0	0.0	0.0	0.0	0.0	0.0	0.0	0.0	0.0	0.0	0.0	0.0	0.00276	0.0	0.0	0.0	0.0	0.0	0.0	0.0	0.0	0.0	0.0	0.0	0.0	0.0	0.0	0.0	0.0	0.0
k__Bacteria.p__Proteobacteria.c__Deltaproteobacteria.o__Desulfovibrionales.f__Desulfovibrionaceae.g__Bilophila	0.11398	0.08773	0.00057	0.0	0.07384	0.01308	0.05991	0.08003	0.0	0.02254	0.03206	0.30385	0.0	0.03701	0.0	0.08537	0.0138	0.00902	0.03944	0.0	0.03537	0.06543	0.02433	0.00904	0.03713	0.02412	0.0	0.00489	0.12648	0.04516	0.04748	0.01937	0.0	0.0	0.0	0.09106	0.0	0.05776	0.01248	0.00676	0.0304	0.00861	0.2065	0.0	0.05879	0.0	0.06974	0.0	0.09178	0.0	0.01442	0.05345	0.03999	0.01249	0.11989	0.02001	0.18041	0.0	0.0	0.0574
k__Bacteria.p__Proteobacteria.c__Deltaproteobacteria.o__Desulfovibrionales.f__Desulfovibrionaceae.g__Desulfovibrio	0.0	0.0	0.00435	0.0	0.0	0.0	0.0	0.0	0.0	0.0	0.13778	0.0	0.47107	0.0	0.0	0.0	0.0	0.0	0.0	0.0	0.0	0.0	0.43186	0.0	0.0	0.0	0.0	0.0	0.0	0.0	0.12168	0.0	0.0	0.0	0.03831	0.0	3.23836	0.0	0.0	0.0	0.0	0.12913	0.0	0.0	0.0	0.0	0.0	0.07993	0.08822	0.0	0.0	0.0	0.0	0.0	0.0	0.0	0.0	0.0	0.0	0.20257
k__Bacteria.p__Proteobacteria.c__Deltaproteobacteria.o__Desulfovibrionales.f__Desulfovibrionaceae.g__Desulfovibrionaceae_unclassified	0.0	0.07394	0.04151	0.0	0.0	0.02974	0.0	0.0	0.0	0.0	0.0	0.0	0.0	0.0	0.0	0.0	0.0	0.03746	0.0	0.0	0.0	0.0	0.0	0.0	0.0	0.17202	0.0	0.0	0.0	0.0	0.03975	0.0	0.0	0.0	0.02568	0.0	0.23094	0.0	0.04583	0.0	0.0	0.0	0.0	0.0	0.0	0.0	0.0	0.0	0.0	0.0	0.0	0.0	0.0	0.0	0.0	0.0	0.0	0.0	0.01233	0.0
k__Bacteria.p__Proteobacteria.c__Epsilonproteobacteria.o__Campylobacterales.f__Campylobacteraceae.g__Campylobacter	0.0	0.0	0.0	0.0	0.0	0.0	0.00021	0.00291	0.0	0.0	0.0	0.0	0.0	0.0	0.0	0.0	0.0	0.0	0.0	0.0	0.0	0.0	0.0	0.0	0.0	0.0	0.0	0.0	0.0	0.0	0.00158	0.0	0.0	0.0	0.0	0.0	0.0	0.0	0.0	0.0	0.0	0.0	0.0	0.0	0.0	0.0	0.0	0.0	0.0	0.0	0.0	0.0	0.0	0.0	0.0	0.0	0.0	0.0	0.0	0.0
k__Bacteria.p__Proteobacteria.c__Gammaproteobacteria.o__Aeromonadales.f__Aeromonadaceae.g__Aeromonas	0.0	0.0	0.0	0.0	0.0	0.0	0.0	0.0	0.0	0.0	0.0	0.0	0.0	0.0	0.0	0.0	0.0	0.0	0.0	0.0	0.0	0.0	0.0	0.0	0.0	0.0	0.0	0.0	0.01384	0.91719	0.0	0.0	0.0	0.0	0.0	0.0	0.0	0.0	0.0	0.0	0.0	0.0	0.0	0.0	0.0	0.0	0.0	0.0	0.0	0.0	0.0	0.0	0.0	0.0	0.0	0.0	0.0	0.0	0.0	0.0
k__Bacteria.p__Proteobacteria.c__Gammaproteobacteria.o__Aeromonadales.f__Succinivibrionaceae.g__Anaerobiospirillum	0.0	0.0	0.01525	0	0	0.0	0.0	0.0	0.0	0.0	0.0	0.0	0	0.0	0.0	0.0	0.0	0.0	0.0	0.0	0.0	0.0	0.0	0.0	0.0	0.0	0.0	0.0	0.0	0.0	0.0	0.0	0.0	0.0	0.34541	0.0	0.0	0.0	0.0	0.0	0	0.0	0.0	0.0	0.0	0.0	0.0	0.0	0	0.0	0.0	0.0	0	0	0.0	0	0.0	0	0.0	0
k__Bacteria.p__Proteobacteria.c__Gammaproteobacteria.o__Aeromonadales.f__Succinivibrionaceae.g__Succinatimonas	0.0	0.0	0.92711	0	0	0.0	0.0	0.0	0.0	0.0	0.0	0.0	0	0.0	0.0	0.0	0.0	0.0	0.0	0.01438	0.0	0.0379	0.0	0.0	0.0	0.0	0.0	0.0	0.0	0.0	0.0	0.0	0.0	0.0	0.0	0.0	0.0	0.0	0.0	0.0	0	0.0	0.0	0.0	0.0	0.0	0.0	0.0	0	0.0	0.0	0.0	0	0	0.0	0	0.0	0	0.0	0
k__Bacteria.p__Proteobacteria.c__Gammaproteobacteria.o__Enterobacterales.f__Enterobacteriaceae.g__Citrobacter	0.0	0.0	0.0	0	0	0.0	0.03434	0.0	0.46847	0.0	0.0	0.0	0	0.0	0.0	0.0	0.0	0.0	0.0	0.01912	0.0	0.0	0.0	0.0	0.01174	0.0	0.0	0.0	0.0	1.03664	0.0	0.0	0.0	0.0	0.0	0.0	0.0	0.0	0.0	0.0	0	0.0	0.00355	0.0	0.0	0.0	0.0	0.0	0	0.00098	0.0	0.0	0	0	0.0	0	0.0	0	0.0	0
k__Bacteria.p__Proteobacteria.c__Gammaproteobacteria.o__Enterobacterales.f__Enterobacteriaceae.g__Enterobacter	0.0	0.0	0.0	0	0	0.0	0.0	0.0	0.27694	0.0	0.0	0.0	0	0.00034	0.0	0.0	0.0	0.0	0.0	0.0	0.0	0.0	0.0	0.59538	0.0	0.0	0.0045	0.0	0.0	0.0	0.0	0.0	0.0	0.0	0.0	0.0	0.0	0.0	0.0	0.0	0	0.0	0.0	0.0	0.0	0.0	0.0	0.0	0	0.0	0.0	0.0	0	0	0.0	0	0.0	0	0.0	0
k__Bacteria.p__Proteobacteria.c__Gammaproteobacteria.o__Enterobacterales.f__Enterobacteriaceae.g__Escherichia	3.58788	0.39643	0.21822	0	0	3.8173	0.20174	0.2205	0.0	0.34418	0.00575	0.21906	0	0.75727	0.26301	0.05462	21.09679	1.83676	0.16817	0.11585	1.44778	0.00447	0.2615	0.46205	0.0	0.0014	1.86404	0.19816	0.24237	0.21013	2.67668	0.24715	0.00753	0.00619	0.05667	0.16296	1.90823	0.0278	0.01144	0.01265	0	0.0	12.33408	0.75673	0.14856	0.0	0.24994	1.15159	0	0.3828	0.0	0.0923	0	0	1.32818	0	0.18051	0	0.18892	0
k__Bacteria.p__Proteobacteria.c__Gammaproteobacteria.o__Enterobacterales.f__Enterobacteriaceae.g__Klebsiella	0.0	0.0	0.0	0	0	4.97715	0.0	0.0	0.75472	0.00769	0.0	0.0	0	0.0	0.0	0.0	0.0	0.0	0.0	0.0	0.0	0.0	0.0	0.04937	0.0	0.0	0.72685	0.0	0.0	0.0	0.0	0.0	0.0	0.0	0.0	0.0	0.0	0.0	0.0	0.0	0	0.0	0.0	0.0	0.0	0.0	0.0	0.0	0	0.0	0.0	1.15666	0	0	0.0	0	0.0	0	0.0	0
k__Bacteria.p__Proteobacteria.c__Gammaproteobacteria.o__Enterobacterales.f__Enterobacteriaceae.g__Raoultella	0.0	0.0	0.0	0	0	0.0	0.0	0.0	0.0	0.0	0.0	0.0	0	0.0	0.00558	0.0	0.0	0.0	0.0	0.0026	0.0	0.0	0.0	0.0	0.0	0.0	0.0	0.0	0.0	0.0	0.0	0.0	0.0	0.0	0.0	0.0	0.0	0.0	0.0	0.0	0	0.0	0.0	0.0	0.0	0.0	0.0	0.0	0	0.01258	0.0	0.0	0	0	0.0	0	0.0	0	0.0	0
k__Bacteria.p__Proteobacteria.c__Gammaproteobacteria.o__Enterobacterales.f__Hafniaceae.g__Hafnia	0.0	0.0	0.0	0	0	0.0	0.0	0.0	0.0	0.0	0.0	0.0	0	0.0	0.15395	0.0	0.0	0.0	0.0	0.0	0.0	0.0	0.0	0.0	0.0	0.0	0.0	0.0	0.0	0.0	0.0	0.0	0.0	0.0	0.0	0.0	0.0	0.0	0.0	0.0	0	0.0019	0.0	0.0	0.0	0.0	0.0	0.0	0	0.0	0.0	0.0	0	0	0.0	0	0.0	0	0.0	0
k__Bacteria.p__Proteobacteria.c__Gammaproteobacteria.o__Enterobacterales.f__Morganellaceae.g__Morganella	0.0	0.0	0.0	0	0	0.0	0.0	0.0	0.0	0.0	0.0	0.0	0	0.0	0.0	0.0	0.0	0.08663	0.0	0.0	0.0	0.0	0.0	0.0	0.0	0.0	0.0	0.0	0.0	0.0	0.0	0.0	0.0	0.0	0.0	0.0	0.0	0.0	0.0	0.0	0	0.0	0.51485	0.0	0.02155	0.0	0.0	0.0	0	0.0	0.0	0.0	0	0	0.0	0	0.0	0	0.0	0
k__Bacteria.p__Proteobacteria.c__Gammaproteobacteria.o__Pasteurellales.f__Pasteurellaceae.g__Aggregatibacter	0.0	0.0	0.0	0.0	0.0	0.0	0.0	0.0	0	0.0	0.0	0.0	0	0.0	0.0	0.0	0.0	0.0	0.0	0.00346	0.0	0.0	0.0	0.0	0.0	0	0.0	0.0	0.0	0.0	0.0	0.0	0.0	0.0	0.0	0.0	0.0	0.0	0.0	0	0.0	0.0	0	0.0	0.0	0.0	0	0.0	0.0	0.0	0.0	0.0	0.0	0.0	0	0	0	0.0	0.0	0.0
k__Bacteria.p__Proteobacteria.c__Gammaproteobacteria.o__Pasteurellales.f__Pasteurellaceae.g__Haemophilus	0.05071	0.0	0.0	0.0	0.0	0.0	0.00736	0.0	0	0.0	0.0	0.0	0	0.00872	0.0	0.0	0.03706	0.0	0.22296	0.04975	0.03057	0.00402	0.0	0.0171	0.0	0	0.0	0.01678	0.0	0.0	0.0	0.0	0.76276	0.0	0.0153	0.0	0.0	0.0	0.01642	0	0.0	0.0344	0	0.00882	0.0	0.06704	0	0.0	0.0	0.12129	0.01389	0.0	0.0	0.0	0	0	0	0.0	0.02888	0.0
k__Bacteria.p__Proteobacteria.c__Gammaproteobacteria.o__Pseudomonadales.f__Pseudomonadaceae.g__Pseudomonas	0.0	0.0	0.0	0.0	0.0	0.0	0.0	0.0	0	0.0	0.0	0.0	0	0.0	0.0	0.0	0.0	0.0	0.0	0.0	0.0	0.0	0.0	0.0	0.0	0	0.0	0.0	0.0	0.0	0.0	0.0	0.0	0.0	0.0	0.0	0.0	0.0	0.0	0	0.0	0.0	0	0.0	0.0	0.0	0	0.0	0.0	0.01574	0.0	0.0	0.0	0.0	0	0	0	0.0	0.0	0.0
k__Bacteria.p__Proteobacteria.c__Proteobacteria_unclassified.o__Proteobacteria_unclassified.f__Proteobacteria_unclassified.g__Proteobacteria_unclassified	0.0	0.0	0.0	0.00699	0.0	0.0	0.01762	0.0	0	0.0	0.04339	0.00908	0	0.0	0.06212	0.0	0.0	0.0	0.0	0.0	0.03308	0.0	0.32322	0.0	0.0	0	0.00238	0.0	0.0	0.05325	0.0	0.0	0.12607	0.0	0.0	0.0	0.0	0.0	0.00218	0	0.0	0.22267	0	0.21399	0.0081	0.0	0	0.0	0.0	0.0	0.0	0.0	0.0	0.0	0	0	0	0.73039	0.0	0.0
k__Bacteria.p__Spirochaetes.c__Spirochaetia.o__Spirochaetales.f__Spirochaetaceae.g__Treponema	0.0	0.0	0.0	0.0	0.0	0.0	0.0	0.0	0	0.0	0.0	0.0	0	0.0	0.0	0.0	0.0	0.0	0.0	0.0	0.0	0.0	0.0	0.0	0.0	0	0.0	0.0	0.0	0.0	0.02859	0.0	0.0	0.0	0.0	0.0	0.0	0.0	0.0	0	0.0	0.0	0	0.0	0.0	0.0	0	0.0	0.0	0.0	0.0	0.0	0.0	0.0	0	0	0	0.0	0.0	0.0
k__Bacteria.p__Synergistetes.c__Synergistia.o__Synergistales.f__Synergistaceae.g__Cloacibacillus	0	0.0	0.0	0.0	0.0	0.0	0.0	0.0	0	0.0	0.0	0	0	0.0	0.0	0.0	0	0.04654	0	0.02913	0	0.0	0	0	0.0	0	0	0.0	0.0	0.0	0.0	0.0	0	0.01862	0.0	0.0	0.0	0.0	0.0	0	0.0	0	0	0.0	0	0	0	0.0	0.0	0.0	0.0	0.0	0.0	0.0	0	0	0	0.0	0	0.0
k__Bacteria.p__Synergistetes.c__Synergistia.o__Synergistales.f__Synergistaceae.g__Fretibacterium	0	0.0	0.0	0.00187	0.0	0.0	0.0	0.05732	0	0.0	0.0	0	0	0.0	0.0	0.0	0	0.0	0	0.0	0	0.0	0	0	0.0	0	0	0.0	0.0	0.0	0.02547	0.0	0	0.0	0.0	0.00084	0.0	0.0	0.0	0	0.0	0	0	0.0	0	0	0	0.0	0.0	0.0	0.0	0.0	0.0	0.0	0	0	0	0.0	0	0.0
k__Bacteria.p__Synergistetes.c__Synergistia.o__Synergistales.f__Synergistaceae.g__Pyramidobacter	0	0.0	0.0	0.0	0.0	0.0	0.0	0.0	0	0.0	0.0	0	0	0.02131	0.0	0.0	0	0.0	0	0.0	0	0.0	0	0	0.0	0	0	0.0	0.0	0.0	0.0	0.0	0	0.0	0.00609	0.0	0.0	0.0	0.0	0	0.0	0	0	0.00623	0	0	0	0.0	0.0	0.0	0.0	0.0	0.0	0.0	0	0	0	0.0	0	0.0
k__Bacteria.p__Verrucomicrobia.c__Verrucomicrobiae.o__Verrucomicrobiales.f__Akkermansiaceae.g__Akkermansia	0	0.3138	0.05846	0.00243	2.90133	0.91854	2.70155	1.47332	0	0.0	0.0	0	0	0.26949	0.13955	0.06523	0	2.44666	0	2.0403	0	0.34312	0	0	1.66112	0	0	0.20092	1.83542	0.17594	6.57948	0.85787	0	1.25198	0.0	0.0	2.9735	1.07144	0.12127	0	0.71333	0	0	0.0	0	0	0	1.89237	0.78324	0.22503	0.13973	1.72996	0.07653	0.07357	0	0	0	0.6904	0	0.68001
