dataset_name	ThomasAM_2018a	ThomasAM_2018a	ThomasAM_2018a	ThomasAM_2018a	ThomasAM_2018a	ThomasAM_2018a	ThomasAM_2018a	ThomasAM_2018a	ThomasAM_2018a	ThomasAM_2018a	ThomasAM_2018a	ThomasAM_2018a	ThomasAM_2018a	ThomasAM_2018a	ThomasAM_2018a	ThomasAM_2018a	ThomasAM_2018a	ThomasAM_2018a	ThomasAM_2018a	ThomasAM_2018a	ThomasAM_2018a	ThomasAM_2018a	ThomasAM_2018a	ThomasAM_2018a	ThomasAM_2018a	ThomasAM_2018a	ThomasAM_2018a	ThomasAM_2018a	ThomasAM_2018a	ThomasAM_2018a	ThomasAM_2018a	ThomasAM_2018a	ThomasAM_2018a	ThomasAM_2018a	ThomasAM_2018a	ThomasAM_2018a	ThomasAM_2018a	ThomasAM_2018a	ThomasAM_2018a	ThomasAM_2018a	ThomasAM_2018a	ThomasAM_2018a	ThomasAM_2018a	ThomasAM_2018a	ThomasAM_2018a	ThomasAM_2018a	ThomasAM_2018a	ThomasAM_2018a	ThomasAM_2018a	ThomasAM_2018a	ThomasAM_2018a	ThomasAM_2018a	ThomasAM_2018a
study_condition	control	CRC	control	control	control	CRC	CRC	CRC	CRC	control	CRC	CRC	CRC	control	control	CRC	CRC	control	control	CRC	control	CRC	CRC	control	CRC	CRC	CRC	CRC	CRC	control	control	control	control	control	CRC	control	CRC	CRC	control	control	CRC	CRC	CRC	control	control	control	CRC	CRC	CRC	CRC	control	control	CRC
k__Bacteria.p__Actinobacteria.c__Actinobacteria.o__Actinomycetales.f__Actinomycetaceae.g__Actinobaculum	0	0	0	0	0	0	0	0	0	0	0	0	0	0	0	0	0	0	0	0	0.02516	0	0	0	0	0	0	0	0	0	0	0	0	0	0	0	0	0	0	0	0	0	0	0	0	0	0	0	0	0	0	0	0
k__Bacteria.p__Actinobacteria.c__Actinobacteria.o__Actinomycetales.f__Actinomycetaceae.g__Actinomyces	0.00154	0	0.02442	0	0	0.01052	0.27372	0.00894	0.00331	0	0	0.26136	0	0	0.01048	0	0	0	0	0.06692	0.24923	0.00129	0.00469	0	0.00404	0.23662	0	0	0	0.01486	0	0	0.03026	0.05764	0.00649	0	0	0.33947	0	0	0.00145	0	0.0621	0.00344	0	0	0	0	1.87856	0	0	0	0.01037
k__Bacteria.p__Actinobacteria.c__Actinobacteria.o__Bifidobacteriales.f__Bifidobacteriaceae.g__Aeriscardovia	0.0	0.0	0.0	0.0	0.0	0.0	0.0	0.0	0.0	0.0	0.0	0.00301	0.0	0	0.0	0.0	0	0.0	0.0	0.0	0.0	0	0.0	0.0	0.0	0.0	0	0.0	0.0	0.0	0.0	0.0	0.0	0.0	0.0	0.0	0.0	0.0	0.0	0.001	0.0	0.0	0.0	0.00488	0	0.0	0.0	0.0	0.0	0.0	0.0	0.0	0.0
k__Bacteria.p__Actinobacteria.c__Actinobacteria.o__Bifidobacteriales.f__Bifidobacteriaceae.g__Alloscardovia	0.0	0.0	0.0	0.0	0.0	0.0	0.0	0.0	0.0	0.0	0.0	0.0	0.0	0	0.0	0.0	0	0.0	0.0	0.0	0.0	0	0.0	0.0	0.00484	0.00093	0	0.0	0.0	0.0	0.0	0.0	0.0	0.0	0.0	0.0	0.0	0.0	0.0	0.0	0.0	0.0	0.0	0.0	0	0.0	0.0	0.0	0.0	0.0	0.0	0.0	0.0
k__Bacteria.p__Actinobacteria.c__Actinobacteria.o__Bifidobacteriales.f__Bifidobacteriaceae.g__Bifidobacterium	0.00581	0.56585	3.2881	7.43318	8.26087	2.81442	0.04503	0.33668	15.04189	5.86889	0.41338	39.85205	0.1003	0	2.94435	2.04779	0	5.43423	19.56271	2.54202	0.0008	0	0.00105	1.95402	0.10363	0.11251	0	1.41064	1.12619	4.30299	0.37958	0.84704	8.77094	14.91155	0.36687	0.68941	1.09223	0.00242	0.01698	1.39496	0.10078	1.14164	5.88624	44.58332	0	0.00357	0.42886	0.10185	0.16713	0.99801	0.23545	0.05092	0.08085
k__Bacteria.p__Actinobacteria.c__Actinobacteria.o__Bifidobacteriales.f__Bifidobacteriaceae.g__Parascardovia	0.0	0.0	0.00318	0.0	0.0	0.0	0.0	0.0	0.0	0.0	0.0	0.0	0.0	0	0.0	0.0	0	0.0	0.0	0.0	0.0	0	0.0	0.0	0.0	0.0	0	0.0	0.0	0.0	0.0	0.0	0.0	0.0	0.0	0.0	0.0	0.0	0.0	0.0	0.0	0.0	0.0	0.0	0	0.0	0.0	0.0	0.0	0.0	0.0	0.0	0.0
k__Bacteria.p__Actinobacteria.c__Actinobacteria.o__Bifidobacteriales.f__Bifidobacteriaceae.g__Scardovia	0.0	0.0	0.0	0.0	0.0	0.0008	0.00235	0.01916	0.0	0.0	0.0	0.0	0.0	0	0.0	0.0	0	0.0	0.0	0.0	0.16766	0	0.0	0.0	0.00569	0.0079	0	0.0	0.0	0.0	0.0	0.0	0.0	0.00025	0.0	0.0	0.0	0.0	0.00607	0.0	0.0	0.0	0.02219	0.0	0	0.0	0.0	0.0	0.0	0.0	0.0	0.0	0.0
k__Bacteria.p__Actinobacteria.c__Actinobacteria.o__Corynebacteriales.f__Corynebacteriaceae.g__Corynebacterium	0	0	0	0	0	0	0	0	0	0	0	0	0	0	0	0	0	0	0	0.0	0	0	0	0	0	0.00277	0	0	0	0	0	0	0	0	0	0	0	0.0	0	0	0	0	0	0	0	0	0	0	0	0	0	0	0
k__Bacteria.p__Actinobacteria.c__Actinobacteria.o__Corynebacteriales.f__Corynebacteriales_unclassified.g__Lawsonella	0.0	0	0	0.0	0	0.0	0.0	0	0	0	0	0.0	0	0	0.0	0	0	0.0	0	0.06269	0.0	0.0	0.0	0	0.0	0.0	0	0	0	0.0	0	0	0.0	0.0	0.0	0	0	0.78409	0	0	0	0	0.0	0	0	0	0.0	0	0	0.0	0	0.0	0
k__Bacteria.p__Actinobacteria.c__Actinobacteria.o__Micrococcales.f__Micrococcaceae.g__Kocuria	0.0	0	0	0.01155	0	0.0	0.0	0	0	0	0	0.0	0	0	0.0	0	0	0.0	0	0.0	0.0	0.0	0.0	0	0.0	0.0	0	0	0	0.0	0	0	0.0	0.0	0.0	0	0	0.0	0	0	0	0	0.0	0	0	0	0.0	0	0	0.0	0	0.0	0
k__Bacteria.p__Actinobacteria.c__Actinobacteria.o__Micrococcales.f__Micrococcaceae.g__Rothia	0.00039	0	0	0.0	0	0.36126	0.86008	0	0	0	0	0.07107	0	0	0.01593	0	0	0.0	0	0.0	0.07503	0.00142	0.0	0	0.03222	0.0	0	0	0	0.0049	0	0	0.00263	0.00628	0.00108	0	0	0.0	0	0	0	0	0.06607	0	0	0	0.05896	0	0	0.00524	0	0.00404	0
k__Bacteria.p__Actinobacteria.c__Actinobacteria.o__Propionibacteriales.f__Propionibacteriaceae.g__Cutibacterium	0.0	0.0	0.0	0.0	0.0	0.0	0.0	0.0	0.0	0.0	0.0	0.0	0.0	0.0	0.01711	0.0	0.0	0.00251	0.0	0.0	0.00352	0.08698	0.08808	0.0	0.00883	0.01304	0.0	0.0	0.0	0.0	0.0	0.0	0.0	0.0	0.0	0.0	0.0	0.0	0.0	0.0	0.0	0.0	0.0	0.0	0.0	0.0	0.0	0.0	0.0	0.0	0.0	0.0	0.0
k__Bacteria.p__Actinobacteria.c__Actinobacteria.o__Propionibacteriales.f__Propionibacteriaceae.g__Propionibacterium	0.0	0.0	0.0	0.0	0.0	0.0	0.0	0.0	0.0	0.0	0.0	0.0	0.0	0.0	0.0	0.0	0.0	0.0	0.0	0.0	0.00079	0.0	0.0	0.0	0.0	0.0	0.0	0.0	0.0	0.0	0.0	0.0	0.0	0.0	0.0	0.0	0.0	0.0	0.0	0.0	0.0	0.0	0.0	0.0	0.0	0.0	0.0	0.0	0.0	0.0	0.0	0.0	0.0
k__Bacteria.p__Actinobacteria.c__Coriobacteriia.o__Coriobacteriales.f__Atopobiaceae.g__Atopobium	0.0	0.0	0.0	0.0	0.0	0.0	0.04068	0.0	0.0	0.0	0.0	0.0	0.48625	0.00154	0.0	0.0	0.0	0.0	0.0	0.0	0.00069	0.0	0.0	0.0	0.0	0.0	0.0	0.0	0.0	0.0	0.0	0.0	0.0	0.0	0.0	0.0	0.0	0.0	0.0	0.0	0.0	0.0	0.00058	0.0	0.0	0.0	0.0	0.0	0.0	0.0	0.0	0.0	0.0
k__Bacteria.p__Actinobacteria.c__Coriobacteriia.o__Coriobacteriales.f__Atopobiaceae.g__Olsenella	0.0	0.0	0.0	0.00165	0.0449	0.0	0.00031	0.0	0.0	0.0	0.0	0.0	0.65613	0.0	0.0	0.0	0.0	0.0	0.06453	0.0	0.0	0.0	0.0	0.0	0.0	0.0	0.0	0.00068	0.0	0.0	0.0	0.0	0.0	0.0	0.0	0.0	0.0	0.0	0.0	0.0	0.0	0.0	0.0	0.03283	0.0	0.0	0.0	0.0	0.0	0.00207	0.0	0.0	0.0
k__Bacteria.p__Actinobacteria.c__Coriobacteriia.o__Coriobacteriales.f__Coriobacteriaceae.g__Collinsella	0.0	0.53154	2.68889	0.83117	1.69217	0.86596	4.40429	0.0	0.72123	0.6725	0.64374	0.00266	0.2314	0.17158	4.71319	0.49124	0.30208	1.65244	5.36877	0.25917	0.0	0.0	0.0	0.17443	0.0	0.0	0.12333	0.24625	0.26768	0.65963	0.08859	0.4378	7.12528	8.52541	0.84716	1.62132	0.80249	0.0	0.44168	0.19942	0.21783	0.13024	1.23168	1.89586	0.0959	0.02364	0.41927	0.0	0.14509	0.19439	0.62765	0.0	0.95585
k__Bacteria.p__Actinobacteria.c__Coriobacteriia.o__Coriobacteriales.f__Coriobacteriaceae.g__Enorma	0.00094	0.00865	0.06312	0.01694	0.08946	0.00122	0.00903	0.0	0.00346	0.0	0.00138	0.0	0.0	0.0009	0.01484	0.00177	0.0	0.0029	0.03913	0.0	0.0	0.8879	0.0	0.0	0.0	0.0	0.0	0.0	0.0	0.00261	0.00783	0.0	0.01118	0.02361	0.00431	0.0	0.0035	0.0	0.00215	0.0417	0.00038	0.01358	0.0032	0.01772	0.0	0.0	0.00412	0.0	0.0	0.0	0.0	0.0	0.0
k__Bacteria.p__Actinobacteria.c__Coriobacteriia.o__Eggerthellales.f__Eggerthellaceae.g__Adlercreutzia	0.00609	0.0	0.00566	0.1852	0.0	0.0	0.0	0.0	0.01669	0.01297	0.0	0.0	0.0	0.01905	0.0	0.00588	0.01581	0.00096	0.00894	0.0	0.0	0.0	0.0	0.01583	0.0	0.0	0.0	0.08567	0.00492	0.00663	0.0	0.0	0.04431	0.12471	0.0	0.0	0.0	0.0	0.0	0.06669	0.0	0.0414	0.01431	0.0	0.03357	0.0	0.00057	0.0	0.06204	0.0	0.0	0.0115	0.0
k__Bacteria.p__Actinobacteria.c__Coriobacteriia.o__Eggerthellales.f__Eggerthellaceae.g__Asaccharobacter	0.0035	0.0	0.00788	0.21006	0.0	0.0	0.0	0.0	0.10771	0.03306	0.0	0.0	0.0	0.05478	0.0	0.01428	0.01712	0.00204	0.00324	0.0	0.0	0.0	0.0	0.0642	0.0	0.0	0.0	0.16452	0.00527	0.00055	0.0	0.0	0.04082	0.12347	0.0	0.0	0.0	0.0	0.0	0.13426	0.0	0.08866	0.04877	0.0	0.02612	0.0	0.0	0.0	0.08366	0.0	0.0	0.00778	0.0
k__Bacteria.p__Actinobacteria.c__Coriobacteriia.o__Eggerthellales.f__Eggerthellaceae.g__Denitrobacterium	0.00051	0.0	0.0	0.0	0.0	0.0	0.0	0.0	0.0	0.0	0.0	0.0	0.0	0.0	0.0	0.0	0.0	0.0	0.0	0.0	0.0	0.0	0.0	0.0	0.0	0.0	0.0	0.0	0.0	0.0	0.0	0.0	0.0	0.0	0.0	0.0	0.0	0.0	0.0	0.0	0.0	0.0	0.0	0.0	0.0	0.0	0.0	0.0	0.0	0.0	0.0	0.0	0.0
k__Bacteria.p__Actinobacteria.c__Coriobacteriia.o__Eggerthellales.f__Eggerthellaceae.g__Eggerthella	0.0	0.00215	0.0	0.0	0.0	0.0	0.0	0.0	0.0	0.0	0.0	0.0	0.05126	0.0	0.05007	0.00391	0.02064	0.07542	0.0	0.0	0.0	0.25094	0.0	0.0	0.0	0.0	0.0	0.04708	0.0	0.10803	0.34925	0.04763	0.13497	0.24269	0.008	0.0	0.0	0.16789	0.01511	0.00444	0.17543	0.0	0.0	0.0	0.00709	0.0	0.0	0.11269	0.15026	0.0	0.0	0.0	0.06523
k__Bacteria.p__Actinobacteria.c__Coriobacteriia.o__Eggerthellales.f__Eggerthellaceae.g__Enterorhabdus	0.01579	0.0	0.0	0.00556	0.0	0.0	0.0	0.0	0.0	0.0	0.0	0.0	0.0	0.0	0.0	0.0	0.0	0.00032	0.0	0.0	0.0	0.0	0.0	0.0	0.0	0.0	0.0	0.00503	0.0	0.0	0.0	0.0	0.00117	0.005	0.0	0.0	0.0	0.0	0.0	0.00391	0.0	0.00072	0.00055	0.0	0.0	0.0	0.0	0.0	0.0	0.0	0.0	0.0	0.0
k__Bacteria.p__Actinobacteria.c__Coriobacteriia.o__Eggerthellales.f__Eggerthellaceae.g__Gordonibacter	0.70026	0.00122	0.0	0.04278	0.0	0.0	0.0	0.0	0.0	0.03999	0.0	0.0	0.00517	0.0	0.00876	0.00151	0.0	0.04915	0.00135	0.0	0.0	0.03773	0.0	0.01027	0.0	0.0	0.0	0.02477	0.0	0.04916	0.06171	0.0091	0.12205	0.1981	0.00854	0.0	0.0	0.02826	0.00546	0.00221	0.03985	0.0	0.00054	0.00382	0.00919	0.0	0.02297	0.0213	0.04262	0.0	0.0	0.00054	0.00685
k__Bacteria.p__Actinobacteria.c__Coriobacteriia.o__Eggerthellales.f__Eggerthellaceae.g__Slackia	0.0	0.13094	0.0	0.04659	0.0	0.80277	0.0718	0.0	0.00684	0.0	0.06202	0.0	0.87077	0.0	0.0	0.05032	0.0	0.0	0.31783	0.15018	0.0	0.0	0.0	0.0	0.0	0.0	0.02644	0.0	0.0	0.0	0.0	0.0	0.0	0.0	0.0	0.65392	0.02944	0.0	0.0	0.58573	0.0	0.47238	0.02058	0.42495	0.0	0.0	0.0	0.0	0.0	0.00541	0.0	0.0	0.07071
k__Bacteria.p__Bacteroidetes.c__Bacteroidetes_unclassified.o__Bacteroidetes_unclassified.f__Bacteroidetes_unclassified.g__Bacteroidetes_unclassified	0.0	0.0	0.0	0.0	0.0	0.0	0.0	0.0	0.0	0.0	0.0	0.0	0.0	0.0	0.0	0.0	0.0	0.0	0.0	0.0	0.0	0.0	0.0	0.00661	0.0	0.0	0.0	0.0	0.0	0.0	0.0	0.0	0.0	0.0	0.0	0.0	0.0	0.0	0.0	0.0	0.0	0.0	0.0	0.0	0.0	0.0	0.0	0.0	0.0	0.0	0.0	0.0	0.0
k__Bacteria.p__Bacteroidetes.c__Bacteroidia.o__Bacteroidales.f__Bacteroidaceae.g__Bacteroides	0.31593	5.03644	14.2092	50.3889	12.53804	19.60468	22.26494	28.79235	8.51789	2.66067	26.28209	0.00029	17.37982	14.03174	28.71982	14.34478	28.82638	50.32286	15.30754	25.57531	48.64126	18.51086	0.0016	29.05344	0.0	0.0	11.36862	25.64444	36.5221	11.12161	38.57879	5.80235	9.78477	7.40414	47.90586	26.51862	24.07524	13.88912	68.17643	33.57516	61.11018	35.899	25.02709	4.93407	17.75739	2.30888	8.90846	47.45326	18.71539	20.88901	2.82261	43.55855	69.60807
k__Bacteria.p__Bacteroidetes.c__Bacteroidia.o__Bacteroidales.f__Barnesiellaceae.g__Barnesiella	0.0	0.21049	0.5605	0.03539	4.85579	0.4698	0.0	0.0	0.46418	0.36826	0.0	0.0	0.0	3.01757	0.0	0.0	2.69248	0.0	0.10683	0.0	2.39822	0.0	0.0	1.95369	0	0.0	0.49909	3.30669	1.3832	0.71919	3.08022	0.0	0.49248	0.36691	0.50141	0.22504	0.68445	0.14631	0.0	0.81041	0.11945	0.82162	0.19622	0.01635	3.26615	0.66951	0.14228	0.02159	1.76964	0.65754	0.12414	0.43149	1.2383
k__Bacteria.p__Bacteroidetes.c__Bacteroidia.o__Bacteroidales.f__Barnesiellaceae.g__Coprobacter	0.0	0.01381	0.00382	0.0	0.0	0.0	0.0	0.0	0.01158	0.0	0.30546	0.0	0.0	0.05165	0.0	0.0	0.0	0.0	0.0	0.07446	0.0	0.06071	0.0	0.0	0	0.0	0.02027	0.11858	0.00129	0.0	0.18845	0.0	0.0	0.0	0.0	0.0	0.0	0.0	0.11848	0.0	0.05261	0.0	0.02145	0.0	0.04026	0.00577	0.00942	0.0	0.05743	0.02816	0.0	0.01288	0.4953
k__Bacteria.p__Bacteroidetes.c__Bacteroidia.o__Bacteroidales.f__Odoribacteraceae.g__Butyricimonas	0.0	0.01281	0.0115	0.0	0.01923	0.74862	0.0	0.0	0.04559	0.0	0.14953	0.0	0.0	0.31467	0.0	0.0	0.0305	0.05482	0.0	0.12297	0.0	0.00536	0.0	0.19075	0	0.0	0.2333	0.46128	0.22529	0.09655	0.06898	0.0	0.01881	0.01566	0.33496	0.04927	0.35094	0.08655	0.05289	0.10283	0.0	0.08255	0.17122	0.0	0.27689	0.05701	0.5596	0.0	0.43843	0.10111	0.02704	0.03379	0.66752
k__Bacteria.p__Bacteroidetes.c__Bacteroidia.o__Bacteroidales.f__Odoribacteraceae.g__Odoribacter	0.0	0.18293	0.08188	0.25852	0.23585	1.12681	0.0	0.35597	0.27594	0.12463	0.13864	0.0	0.0	1.32353	0.0	0.27377	0.51934	0.0	0.10155	0.80347	0.0	0.35549	0.0	0.32746	0	0.0	0.45669	1.21224	0.59456	0.25785	0.69203	0.13662	0.0651	0.055	1.4912	0.46819	0.54254	0.10108	0.0	0.72691	0.2554	0.74765	0.7659	0.02722	0.58356	0.27323	0.42127	0.00029	0.43228	0.44142	0.11638	0.58565	3.16066
k__Bacteria.p__Bacteroidetes.c__Bacteroidia.o__Bacteroidales.f__Porphyromonadaceae.g__Porphyromonas	0.0	0.0	0.0	0.0	0.0	0.0	0.00812	0.0	0.55438	0.0	0.0577	0.0	0.0	0.0	0.0	0.0	0.0	0.0	0.0	0.0	0.0	0.0	0.0	0.0	0	0.0	0.0	0.0	0.0	0.0	0.0	0.0	0.0	0.0	0.0	0.0	0.0	46.1061	0.0	0.0	0.0	0.0	0.0	0.0	0.0	0.0	0.0	0.0	0.0	0.00464	0.0	0.0	0.0
k__Bacteria.p__Bacteroidetes.c__Bacteroidia.o__Bacteroidales.f__Porphyromonadaceae.g__Sanguibacteroides	0.0	0.0	0.0	0.0	0.0	0.06834	0.0	0.0	0.00808	0.0	0.0	0.0	0.0	0.06503	0.0	0.0	0.04726	0.0	0.0009	0.0	0.0	0.0	0.0	0.0	0	0.0	0.01782	0.0	0.0	0.0	0.0	0.0	0.0	0.0	0.0	0.0	0.00608	0.0	0.0	0.0	0.0	0.0	0.0	0.0	0.0	0.0	0.0	0.0	0.0	0.0	0.0	0.0	0.0
k__Bacteria.p__Bacteroidetes.c__Bacteroidia.o__Bacteroidales.f__Prevotellaceae.g__Alloprevotella	0.0	0.0	0.0	0.0	0.0	0.0	0.0	0.0	0.0	0.0	0.0	0.0	6.52161	0.0	0.02344	0.0	0.21768	0.0	0.0	0.48988	0.0	0.0	0.0	0.3467	0	0.0	0.0	0.0	0.0	0.0	0.0	0.0	0.0	0.0	0.0	0.0	0.0	0.0	0.0	0.0	0.0	0.0	0.0	0.0	0.0	0.0	0.0	0.0	0.0	0.0	0.0	0.0	0.67468
k__Bacteria.p__Bacteroidetes.c__Bacteroidia.o__Bacteroidales.f__Prevotellaceae.g__Paraprevotella	0.0	0.63644	0.0	0.0	0.0	0.6342	0.08401	0.0	0.91934	0.0	0.0	0.0	0.0	1.76638	0.0	0.0	0.0	1.45208	0.0939	0.0	0.0	0.0	0.0	0.0	0	0.0	0.48671	0.0	0.0	0.0	0.0	0.0	0.0	0.0	0.0	0.0	0.0	0.0	0.0	0.43211	0.0	0.39429	0.0	0.41929	0.0	0.0	0.0	0.0	0.24423	1.46359	0.16811	0.58785	0.0
k__Bacteria.p__Bacteroidetes.c__Bacteroidia.o__Bacteroidales.f__Prevotellaceae.g__Prevotella	0.001	23.64654	0.00206	0.0	15.60168	4.49834	0.57475	0.0	6.44769	0.0	4.79445	0.01322	22.89875	0.78501	0.1046	0.0	32.04441	0.0	0.28586	0.24062	0.02366	0.09949	0.00174	0.21731	0	0.0	9.61038	0.0473	0.0	0.0	0.0	76.3288	0.0	0.0	9.3048	7.82135	13.18614	0.0	0.0	0.22802	0.0	0.23024	1.97592	0.21134	0.0	81.97223	5.708	0.0	0.34012	33.64986	82.63613	6.99955	0.01575
k__Bacteria.p__Bacteroidetes.c__Bacteroidia.o__Bacteroidales.f__Rikenellaceae.g__Alistipes	0.00382	35.6452	15.82668	0.81584	9.3073	26.13058	0.0939	12.87985	15.41113	23.77176	35.12442	0.0	3.47416	17.51927	0.02407	68.66997	5.06504	28.24627	18.36425	9.32646	0.39063	18.92141	0.00093	21.41848	0.0	0.0	64.82991	17.08749	34.10427	9.513	9.763	3.15241	6.7441	7.12009	15.58486	26.72601	8.26156	2.43157	15.85986	7.11585	13.8752	5.51903	7.00136	13.05157	30.96098	4.9442	48.6342	0.0	13.74901	6.80046	7.31542	9.13596	7.6256
k__Bacteria.p__Bacteroidetes.c__Bacteroidia.o__Bacteroidales.f__Tannerellaceae.g__Parabacteroides	0.0	0.15797	0.84014	2.57339	0.33261	2.58988	0.25389	5.13918	4.44762	0.70765	3.3753	0.00015	0.0	3.94326	2.4847	0.69934	5.51902	0.36299	2.08833	5.96967	2.79847	7.22917	0.0	0.76876	0.0	65.22049	4.92814	10.62802	5.92693	6.36431	14.20166	0.0	15.89668	12.86431	2.2827	3.51747	3.73769	4.54919	2.88758	4.51342	11.31033	4.77817	3.21739	0.56989	2.02156	1.08357	4.10896	0.0	2.61051	2.38428	1.09578	2.09538	1.50985
k__Bacteria.p__Bacteroidetes.c__Bacteroidia.o__Bacteroidales.f__Tannerellaceae.g__Tannerella	0.0	0.0	0.0	0.0	0.0	0.0	0.0	0.0	0.0	0.0	0.0	0.0	0.0	0.0	0.0	0.0	0.0	0.0	0.0	0.0	0.0	0.0	0.0	0.06164	0.0	0.0	0.0	0.0	0.0	0.0	0.0	0.0	0.0	0.0	0.0	0.0	0.0	0.0	0.0	0.0	0.0	0.0	0.0	0.0	0.0	0.0	0.0	0.0	0.0	0.0	0.0	0.0	0.0
k__Bacteria.p__Bacteroidetes.c__Chitinophagia.o__Chitinophagales.f__Chitinophagaceae.g__Sediminibacterium	0.0	0.0	0.0	0.0	0.0	0.0	0.0	0.0	0.0	0.0	0.0	0.0	0.0	0.0	0.0	0.0	0.0	0.0	0.0	0.0	0.0	0.0	0.0	0.0	0.0	0.0	0.0	0.0	0.00515	0.0	0.0	0.0	0.0	0.0	0.0	0.0	0.00191	0.0	0.0	0.0	0.0	0.0	0.0	0.0	0.0	0.0	0.0	0.0	0.0	0.0	0.0	0.0	0.0
k__Bacteria.p__Bacteroidetes.c__Flavobacteriia.o__Flavobacteriales.f__Flavobacteriaceae.g__Flavobacterium	0.0	0.0	0.0	0.0	0.0	0.0	0.0	0.0	0.0	0.0	0.0	0.0	0.0	0.0	0.0	0.0	0.0	0.0	0.0	0.0	0.0	0.0	0.0	0.0	0.0	0.0	0.0	0.0	0.01029	0.0	0.0	0.0	0.0	0.0	0.0	0.0	0.01621	0.00804	0.0	0.0	0.00033	0.0	0.0	0.0	0.0	0.0	0.0	0.0	0.0	0.0	0.0	0.0	0.0
k__Bacteria.p__Candidatus_Melainabacteria.c__Candidatus_Melainabacteria_unclassified.o__Candidatus_Gastranaerophilales.f__Candidatus_Gastranaerophilales_unclassified.g__Candidatus_Gastranaerophilales_unclassified	0.0	0.0	0.0	0.0	0.0	0.0	0.0	0.0	0.0	0.0	0.0	0.0	0.0	0.0	0.0	0.0	0.0	0.0	0.0	0.0	0.0	0.04204	0.0	0.0	0.0	0.0	0.0	0.0	0.0	0.0	0.0	0.0	0.0	0.0	0.01748	0.0	0.0	0.0	0.0	0.0	0.0	0.0	0.0	0.0	0.0	0.0	0.0	0.0	0.0	0.0	0.0	0.0	0.0
k__Bacteria.p__Cyanobacteria.c__Cyanobacteria_unclassified.o__Oscillatoriales.f__Microcoleaceae.g__Tychonema	0.0	0.0	0.0	0.0	0.0	0.0	0.0	0.0	0.0	0.0	0.0	0.0	0.0	0.0	0.0	0.0	0.0	0.0	0.0	0.0	0.0	0.0	0.0	0.0	0.0	0.0	0.0	0.0	0.0	0.0	0.0	0.0	0.0	0.0	0.0	0.0	0.00039	0.0	0.0	0.0	0.0	0.0	0.0	0.0	0.0	0.0	0.0	0.0	0.0	0.0	0.0	0.0	0.0
k__Bacteria.p__Firmicutes.c__Bacilli.o__Bacillales.f__Bacillales_unclassified.g__Gemella	0.0	0.00178	0.0	0.0	0.0	0.0	0.04837	0.0	0.0	0.0	0.0	0.00292	0.18195	0.0	0.0	0.0	0.0	0.00115	0.0	0.0	0.0	0.0	0.0	0.0	0.00282	0.0	0.0	0.0	0.0	0.0	0.0	0.00128	0.0	0.0	0.0	0.0	0.0	0.0759	0.0	0.0	0.0	0.0	0.0	0.0	0.0	0.0	0.0	0.0	0.00465	0.0	0.0	0.0	0.00245
k__Bacteria.p__Firmicutes.c__Bacilli.o__Bacillales.f__Staphylococcaceae.g__Staphylococcus	0.0	0.02281	0.0	0.00652	0.0	0.0	0.0	0.0	0.0	0.0	0.0	0.0	0.0	0.0	0.0	0.0	0.0	0.0	0.0	0.0	0.0	0.0	0.0	0.0	0.0	0.0	0.0	0.0	0.0	0.0	0.0	0.0	0.0	0.0	0.0	0.0	0.0	0.0	0.0	0.0	0.0	0.0	0.0	0.0	0.0	0.0	0.0	0.0	0.0	0.0	0.0	0.0	0.0
k__Bacteria.p__Firmicutes.c__Bacilli.o__Lactobacillales.f__Aerococcaceae.g__Abiotrophia	0.0	0.0	0.0	0.0	0.0	0.0	0.05967	0.0	0.0	0.0	0.0	0.0	0.0	0.0	0.0	0.0	0.0	0.0	0.0	0.0	0.0	0.0	0.47242	0.0	0.04998	0.00952	0.0	0.0	0.0	0.0	0.0	0.0	0.0	0.0	0.0	0.0	0.0	0.0	0.0	0.0	0.0	0.0	0.00413	0.0	0.0	0.0	0.0	0.0	0.0	0.0	0.0	0.0	0.0
k__Bacteria.p__Firmicutes.c__Bacilli.o__Lactobacillales.f__Aerococcaceae.g__Facklamia	0.0	0.0	0.0	0.0	0.0	0.0	0.0	0.0	0.0	0.0	0.0	0.0	0.0	0.0	0.0	0.0	0.0	0.0	0.0	0.0	0.0	0.0	0.00297	0.0	0.0	0.0	0.0	0.0	0.0	0.0	0.0	0.0	0.0	0.0	0.0	0.0	0.0	0.0	0.0	0.0	0.0	0.0	0.0	0.0	0.0	0.0	0.0	0.0	0.0	0.0	0.0	0.0	0.0
k__Bacteria.p__Firmicutes.c__Bacilli.o__Lactobacillales.f__Carnobacteriaceae.g__Granulicatella	0.0	0.0	0.0	0.0	0.0	0.0	0.00319	0.0	0.0	0.0	0.0	0.00308	0.0	0.0	0.0	0.0	0.0	0.0	0.0	0.0	0.0	0.0	0.0	0.0	0.0	0.0	0.0	0.0	0.0	0.0	0.0	0.0	0.0	0.0	0.0	0.0	0.0	0.0	0.0	0.0	0.0	0.0	0.0	0.0	0.0	0.0	0.0	0.0	0.0	0.0	0.0	0.0	0.0
k__Bacteria.p__Firmicutes.c__Bacilli.o__Lactobacillales.f__Enterococcaceae.g__Bavariicoccus	0.0	0.0	0.0	0.0	0.0	0.0	0.0	0.0	0.0	0.0	0.0	0.0	0.0	0.0	0.0	0.0	0.0	0.0	0.0	0.0	0.0	0.0	0.0	0.0	0.0	0.01906	0.0	0.0	0.0	0.0	0.0	0.0	0.0	0.0	0.0	0.0	0.0	0.0	0.0	0.0	0.0	0.0	0.0	0.0	0.0	0.0	0.0	0.0	0.0	0.0	0.0	0.0	0.0
k__Bacteria.p__Firmicutes.c__Bacilli.o__Lactobacillales.f__Enterococcaceae.g__Enterococcus	0.0	0.0	0.0	0.0	0.0	0.0	0.0	0.0	0.0	0.0	0.0	1.24413	0.0	0.0	0.0	0.0	0.0	0.0	0.0	0.0	0.0	0.0	0.70961	0.0	0.03069	2.38287	0.0	0.0	0.0	0.0	0.00171	0.0	0.0	0.0	0.0	0.0	0.0	0.0	0.0	0.0	0.0	0.0	0.0	0.0	0.04281	0.0	0.0	0.0	0.0	0.0	0.0	0.0	0.0
k__Bacteria.p__Firmicutes.c__Bacilli.o__Lactobacillales.f__Lactobacillaceae.g__Lactobacillus	0.00443	0.0	0.00907	0.07782	0.0	0.0	0.00431	0.0	0.0	0.0	0.0	0.0	0.0	0.0	0.2266	0.0	0.0	0.0	0.0	0.0	4.12523	0.0	0.0	0.08691	0.11712	0.00335	0.0	0.0	0.0	0.00516	0.0	0.0	0.01017	0.00081	0.01618	0.0	0.0	0.0	0.0	0.0	0.0	0.0	0.0	0.0	0.0	0.0	0.0	0.0	0.0	0.0	0.0	0.0	0.0
k__Bacteria.p__Firmicutes.c__Bacilli.o__Lactobacillales.f__Streptococcaceae.g__Lactococcus	0.0	0.0	0.0	0.0	0.0	0.01178	0.0	0.0	0.0	0.0	0.0	0.00114	0.0	0.0	0.0	0.0	0.0	0.0	0.0	0.0	0.0	0.0	0.0	0.0	0.0	0.0	0.0	0.0	0.0	0.0	0.0	0.0	0.0	0.0	0.0	0.0	0.0	0.0	0.0	0.0	0.0	0.0	0.0	0.0	0.0	0.0	0.0	0.0	0.0	0.0	0.0	0.0	0.0
k__Bacteria.p__Firmicutes.c__Bacilli.o__Lactobacillales.f__Streptococcaceae.g__Streptococcus	0.00087	0.02629	0.02218	0.1366	0.0	1.14402	2.13367	0.0	0.0	0.0016	0.0	0.00392	0.04587	0.0	2.26876	0.0	0.0	0.0	0.0	0.0	0.89032	0.0085	0.0	0.0	0.05681	0.00152	0.02088	0.00303	0.0	0.09712	0.01441	0.0	0.02011	0.0227	0.0	0.0	0.0076	0.0	0.0	0.0	0.0	0.0	3.22801	0.00934	0.02589	0.0	0.04261	0.02607	0.0	0.0	0.0	0.48719	0.07338
k__Bacteria.p__Firmicutes.c__Clostridia.o__Clostridiales.f__Catabacteriaceae.g__Catabacter	0.0	0.0	0.0	0.0	0.0	0.0	0.0	0.0	0.0	0.0	0.0	0.0	0.11691	0.0	0.00596	0.0	0.0	0.0	0.0	0.0	0.0	0.0	0	0.0	0.0	0.0	0.0	0.0	0.0	0.0	0.0	0.0	0.0	0.0	0.00454	0.0	0.0	0.18349	0.0	0.00149	0.0	0.0	0.0	0.0	0.0	0.0	0.0	0.0	0.0	0.0	0.0	0.0	0.0
k__Bacteria.p__Firmicutes.c__Clostridia.o__Clostridiales.f__Christensenellaceae.g__Christensenella	0.0	0.0	0.0	0.0	0.0	0.0	0.0	0.0	0.0	0.0	0.0	0.0	0.0	0.0	0.0	0.0	0.0	0.00525	0.00425	0.0	0.0	0.00191	0	0.0	0.0	0.0	0.0	0.00807	0.00188	0.0	0.0	0.0	0.00254	0.00555	0.0373	0.0	0.0	0.0	0.0	0.00364	0.0	0.0	0.0	0.0	0.0	0.0	0.03098	0.0	0.0	0.0	0.0	0.0	0.0
k__Bacteria.p__Firmicutes.c__Clostridia.o__Clostridiales.f__Clostridiaceae.g__Butyricicoccus	0.0	0.0	0.0	0.0	0.0	0.0	0.0	0.0	0.0	0.0	0.0	0.0	0.0	0.0	0.0	0.0	0.01318	0.0	0.0	0.0	0.0	0.0	0	0.0	0.0	0.0	0.0	0.0	0.0	0.0	0.0	0.0	0.0	0.0	0.0	0.0	0.0	0.0	0.0591	0.0	0.0	0.0	0.0	0.0	0.0	0.0	0.0	0.0	0.0	0.0	0.0	0.0	0.0
k__Bacteria.p__Firmicutes.c__Clostridia.o__Clostridiales.f__Clostridiaceae.g__Clostridium	0.48661	0.10031	0.01012	0.0	0.0	0.25187	0.14417	0.0	0.1971	0.0	0.23423	0.0	0.70066	0.52057	0.01821	0.27166	0.06665	0.0	0.1425	1.4649	0.0	0.0	0	0.0	0.0	0.0	0.25577	0.3175	0.43301	1.45566	3.1063	1.21045	0.27949	0.24885	0.45592	0.14477	0.67192	0.01772	0.06155	0.25696	0.44602	0.22737	0.03159	0.0	0.0	0.0	0.0	0.0	0.34859	0.13643	0.06581	0.96218	0.04281
k__Bacteria.p__Firmicutes.c__Clostridia.o__Clostridiales.f__Clostridiaceae.g__Hungatella	0.2244	0.0	0.00167	0.0	0.00153	0.0	0.0	0.21188	0.0	0.0	0.00754	0.0	0.18979	0.0	0.10923	0.0	0.0	0.0	0.0	0.00865	0.04788	0.00041	0	0.0	0.0	0.0	0.0	0.00295	0.0	0.0	0.0	0.03766	0.0	0.0	0.03889	0.0	0.0	0.5039	0.0	0.00036	0.0	0.0	0.0	0.0	0.0	0.0	0.01915	0.00097	0.02188	0.00584	0.0	0.0	0.0
k__Bacteria.p__Firmicutes.c__Clostridia.o__Clostridiales.f__Clostridiales_Family_XIII_Incertae_Sedis.g__Clostridiales_Family_XIII_Incertae_Sedis_unclassified	0.0	0.0	0.0	0.0	0.0	0.0	0.0	0.0	0.0	0.0	0.0	0.0	0.2991	0.0	0.00354	0.0	0.0	0.0	0.0	0.0	0.0	0.0	0	0.0	0.0	0.0	0.0	0.0	0.0	0.0	0.0	0.0	0.0	0.0	0.0	0.0	0.0	0.0	0.0	0.0	0.0	0.0	0.0	0.0	0.0	0.0	0.0	0.0	0.0	0.0	0.0	0.0	0.0
k__Bacteria.p__Firmicutes.c__Clostridia.o__Clostridiales.f__Clostridiales_Family_XIII_Incertae_Sedis.g__Mogibacterium	0.0	0.0	0.0	0.0	0.0	0.0	0.00092	0.0	0.0	0.0	0.0	0.0	0.08174	0.0	0.0	0.0	0.0	0.0	0.0	0.0	0.0	0.0	0	0.0	0.0	0.0	0.0	0.0	0.0	0.0	0.0	0.0	0.0	0.0	0.0	0.0	0.0	0.0	0.0	0.0	0.0	0.0	0.00287	0.0	0.0	0.0	0.0	0.0	0.0	0.0	0.0	0.0	0.0
k__Bacteria.p__Firmicutes.c__Clostridia.o__Clostridiales.f__Clostridiales_unclassified.g__Clostridiales_unclassified	0.0	0.0	0.0	0.0	0.0	0.0	0.0	0.0	0.0	0.05551	0.0	0.0	0.0	0.0	0.0	0.0	0.0	0.0	0.0	0.0	0.0	0.0	0	0.0	0.0	0.15661	0.0	0.0	0.0	0.0	0.0	0.0	0.0	0.0	0.0	0.0	0.0	0.00802	0.0	0.0	0.0	0.0	0.0	0.0	0.0	0.0	0.0	0.0	0.0	0.0	0.0	0.0	0.0
k__Bacteria.p__Firmicutes.c__Clostridia.o__Clostridiales.f__Clostridiales_unclassified.g__Intestinimonas	0.02257	2.38904	0.0	0.0	0.0	0.01996	0.02161	0.0	0.0625	0.0	0.18217	0.0	0.0	0.07679	0.0	0.45642	0.03722	0.003	0.05066	0.07609	0.03714	0.37173	0	0.0	0.0	0.0	0.15203	1.06459	0.07111	0.0	0.04459	0.05778	0.0	0.00017	0.23743	0.04606	0.0	0.27144	0.03401	0.4413	0.0	0.3861	0.0	0.04994	0.08373	0.0	0.96731	0.0	0.0175	0.00635	0.06985	0.01389	0.04928
k__Bacteria.p__Firmicutes.c__Clostridia.o__Clostridiales.f__Clostridiales_unclassified.g__Lawsonibacter	0.0	0.12373	0.04201	0.0	0.14944	0.54606	0.0	0.0	0.05339	0.22336	0.78699	0.0	0.0	0.20325	0.0	0.21459	0.30482	0.01933	0.08176	0.16988	0.0	0.26926	0	0.00614	0.0	0.0	0.09106	0.05691	0.12148	0.14777	0.02804	0.26935	0.25392	0.23824	0.13272	0.12735	0.2546	0.0	0.05091	0.27455	0.28966	0.26862	0.12651	0.10523	0.14256	0.1009	0.03021	0.00883	0.12452	0.00617	0.04454	0.14706	0.0
k__Bacteria.p__Firmicutes.c__Clostridia.o__Clostridiales.f__Clostridiales_unclassified.g__Monoglobus	0.0	0.0	0.0	0.0	0.0	0.0	0.0	0.0	0.0	0.0	0.0	0.0	0.0	0.0	0.0	0.0	0.0	0.0	0.0	0.02463	0.0	0.0	0	0.00147	0.0	0.0	0.0	0.0	0.01987	0.0	0.0	0.0	0.00865	0.01421	0.0	0.0	0.0	0.0	0.0	0.0	0.0	0.0	0.0	0.0	0.14491	0.0	0.01066	0.0	0.0	0.0605	0.0	0.0	0.0
k__Bacteria.p__Firmicutes.c__Clostridia.o__Clostridiales.f__Eubacteriaceae.g__Eubacteriaceae_unclassified	0.0	0.00413	0.0	0.0	0.0	0.0	0.0	0.0	0.0	0.0	0.0	0.0	0.0	0.0	0.0	0.0	0.0	0.0	0.0	0.02005	0.0	0.0	0	0.0	0.0	0.0	0.0	0.0	0.0	0.0	0.0	0.0	0.0	0.0	0.0	0.0	0.00243	0.0	0.0	0.01037	0.0	0.00245	0.0	0.0	0.0	0.0	0.0	0.0	0.0	0.0	0.0	0.0	0.0
k__Bacteria.p__Firmicutes.c__Clostridia.o__Clostridiales.f__Eubacteriaceae.g__Eubacterium	0.00639	11.14686	2.90342	0.89452	4.61656	0.80262	0.14572	0.17344	2.8005	0.47831	4.53749	0.0	0.0	4.50635	1.94811	0.05341	1.13402	0.0141	1.68626	9.89987	17.60976	0.0	0	0.90303	0.0	2.42667	0.70438	0.0331	0.60807	8.5119	0.01788	0.16059	6.73036	5.94626	0.5286	0.92469	11.60964	0.0	0.00416	8.88304	0.00301	8.80951	2.38805	0.80221	8.6705	0.17812	0.1322	0.0	0.31296	1.49205	0.0	1.02356	0.11943
k__Bacteria.p__Firmicutes.c__Clostridia.o__Clostridiales.f__Eubacteriaceae.g__Pseudoramibacter	0.0	0.0	0.0	0.0	0.0	0.0	0.0	0.0	0.0	0.0	0.0	0.0	0.08177	0.0	0.0	0.0	0.0	0.0	0.0	0.0	0.0	0.0	0	0.0	0.0	0.0	0.0	0.0	0.0	0.0	0.0	0.0	0.0	0.0	0.0	0.0	0.0	0.0	0.0	0.0	0.0	0.0	0.0	0.0	0.0	0.0	0.0	0.0	0.0	0.0	0.0	0.0	0.0
k__Bacteria.p__Firmicutes.c__Clostridia.o__Clostridiales.f__Lachnospiraceae.g__Anaerostipes	0.0	0.0	0.0	0.64971	0.02711	0.0	0.00091	0.0	0.13336	0.0	0.0	0.0	0.0	0.0235	0.00841	0.0	0.00348	0.00266	0.0	0.0	0.02126	0.09734	0	0.0	0.0	0.0	0.0	0.00858	0.0	0.01785	0.0	0.0	0.05668	0.04641	0.0	0.17931	0.0	0.0	0.0	0.02381	0.0	0.04005	0.01666	0.18997	0.0	0.0	0.0	0.00448	0.03463	0.18976	0.0	0.00461	0.00061
k__Bacteria.p__Firmicutes.c__Clostridia.o__Clostridiales.f__Lachnospiraceae.g__Anaerotignum	0.0	0.0	0.0	0.0	0.0	0.0	0.0	0.25453	0.0	0.0	0.0	0.0	0.49869	0.0	0.0	0.0	0.0	0.0	0.0	0.0	0.0	0.0	0	0.0	0.0	0.0	0.14688	0.0	0.0	0.0	0.0	0.0	0.0	0.0	0.0	1.0086	0.0	0.0	0.0	0.0	0.11255	0.0	0.0	0.0	0.0	0.0	0.0	0.0	0.0	0.0	0.0	0.0	0.0
k__Bacteria.p__Firmicutes.c__Clostridia.o__Clostridiales.f__Lachnospiraceae.g__Blautia	0.00992	0.01619	0.00695	0.0271	0.0	0.20444	16.22817	0.3286	0.72042	0.39887	0.01293	0.0	0.04392	0.10482	0.16656	0.0089	0.03965	0.10059	0.07298	0.08762	4.23471	0.48424	0	0.03318	0.0	0.0	0.1388	1.38728	0.0088	0.17047	1.02062	0.04665	1.29078	0.78925	0.21859	0.08726	1.78333	0.0	0.02193	0.66721	0.32183	0.73162	1.57914	0.10481	0.37343	0.00301	0.0	9.41106	0.52643	0.85406	0.0	0.17147	1.86098
k__Bacteria.p__Firmicutes.c__Clostridia.o__Clostridiales.f__Lachnospiraceae.g__Butyrivibrio	0.0	0.0	0.0	0.0	1.04442	0.0	0.0	0.0	0.0	21.74811	0.0	0.0	0.0	0.0	0.00091	0.0	0.0	0.0	0.0	0.0	0.0	0.0	0	0.0	0	0.0	0.0	0.0	0.0	0.0	0.0	0.0	0.0	0.0	0.0	0.0	0.0	0.0	0.0	0.24119	0.0	0.37618	0.25467	0.0	0.0	0.0	0.0	0.0	0.0	1.57819	0.0	0.0	0.0
k__Bacteria.p__Firmicutes.c__Clostridia.o__Clostridiales.f__Lachnospiraceae.g__Coprococcus	0.0	0.0	0.11553	0.05184	0.34302	0.28948	0.33813	0.0	1.82139	0.00658	0.02768	0.0	0.0	0.51064	0.0	0.20109	0.00067	0.06303	0.73761	9.45143	0.71582	0.57915	0	0.16366	0	0.0	0.01502	1.34119	0.02162	0.15829	0.0	0.0019	0.78847	0.43386	0.05958	1.1129	2.48612	0.0	0.0	6.1752	0.0	8.43038	1.15018	0.20052	0.14013	0.0	0.06122	0.0	0.712	2.37149	0.0	0.03933	0.81383
k__Bacteria.p__Firmicutes.c__Clostridia.o__Clostridiales.f__Lachnospiraceae.g__Dorea	0.0	0.02301	0.02033	0.01888	0.17288	0.25213	1.93929	0.0	1.22189	0.25196	0.04143	0.0	0.0	0.16818	0.02631	0.0	0.02302	0.01587	0.2019	0.0	0.46214	0.08216	0	0.04579	0	0.0	0.01014	0.53611	0.01693	0.10324	0.06337	0.00629	0.42615	0.39502	0.07696	0.04002	1.1863	0.0	0.00069	0.27833	0.0	0.3369	0.78328	0.01613	0.03201	0.0	0.0	0.0	0.08152	0.78092	0.0	0.03424	0.38066
k__Bacteria.p__Firmicutes.c__Clostridia.o__Clostridiales.f__Lachnospiraceae.g__Eisenbergiella	1.43372	0.00019	0.0	0.00983	0.0	0.00256	0.02189	0.0	0.0	0.0	0.00855	0.0	0.38137	0.06104	0.00037	0.0	0.04052	0.0	0.00767	0.11635	0.0	0.0	0	0.0	0	0.5369	0.0	0.00424	0.0	0.0	0.0	0.00588	0.0	0.0	0.0068	0.0	0.00182	0.67414	0.0	0.02736	0.01246	0.01253	0.00179	0.0	0.0	0.0	0.1047	0.02495	0.09546	0.00234	0.0	0.00997	0.0
k__Bacteria.p__Firmicutes.c__Clostridia.o__Clostridiales.f__Lachnospiraceae.g__Fusicatenibacter	0.00984	0.05425	0.63236	0.02586	0.0	1.30477	0.063	2.31307	0.8822	0.91205	0.08329	0.0	0.0	0.3745	0.0	0.31553	0.25826	0.05135	0.53248	0.72035	0.13881	8.8243	0	0.84841	0	0.0	0.06539	2.14043	0.56273	0.80765	0.0	0.31727	5.98071	3.81902	0.49873	1.79568	0.2843	0.0	0.0	1.90427	0.0	1.64957	1.27136	1.32307	2.55734	0.02376	0.07353	0.20562	4.50772	0.48862	0.01475	0.15971	0.00115
k__Bacteria.p__Firmicutes.c__Clostridia.o__Clostridiales.f__Lachnospiraceae.g__Lachnoclostridium	0.61177	0.01211	0.00272	0.54413	0.03688	0.01985	0.30135	0.32111	0.0	0.0	0.12065	0.0	1.59071	0.02733	0.88553	0.01174	0.00429	0.0	0.00625	0.03759	0.67088	0.12932	0	0.00343	0	0.0	0.0	0.56294	0.03464	0.00973	0.68882	0.27165	0.00161	0.004	0.13478	0.0	0.00142	2.80224	0.84645	0.02247	0.032	0.00458	0.0	0.0	0.00126	0.00102	0.04351	0.70631	0.28513	0.0	0.0	0.02194	0.03825
k__Bacteria.p__Firmicutes.c__Clostridia.o__Clostridiales.f__Lachnospiraceae.g__Lachnospira	0.0	0.42467	0.15839	0.0	0.0	0.09378	0.04752	0.0	0.01831	0.0	0.10576	0.0	0.0	0.0	1.83735	0.048	0.0	0.0	0.00838	0.10026	0.0	0.09223	0	0.25765	0	0.0	0.0	0.0	0.07846	0.54268	0.0	0.0	0.34531	0.26378	0.05825	0.21476	0.02358	0.0	0.0	0.0	0.0	0.0	0.03803	0.0	0.0	0.0	0.0	0.0	0.18592	0.0	0.0	0.0	0.0
k__Bacteria.p__Firmicutes.c__Clostridia.o__Clostridiales.f__Lachnospiraceae.g__Lachnospiraceae_unclassified	0.0	0.0	0.37171	0.59719	0.09268	0.005	0.55442	0.0	5.83354	0.03376	0.0	0.00016	0.0	0.0	4.19457	0.02116	1.097	0.07076	2.68231	0.49872	0.0	0.59836	0	0.00579	0	0.0	0.0	0.29837	0.4595	1.19241	0.0	0.41754	0.41954	0.38205	0.41684	3.82907	2.09863	0.0	0.0	0.03556	0.0	0.05012	1.87131	3.53225	0.0	0.24578	0.0	0.0	0.05602	0.31403	0.10503	0.69528	0.0
k__Bacteria.p__Firmicutes.c__Clostridia.o__Clostridiales.f__Lachnospiraceae.g__Marvinbryantia	0.0	0.0	0.0	0.0	0.0	0.0	0.0	0.0	0.0	0.0	0.0	0.0	0.0	0.0	0.0	0.0	0.0	0.0	0.0	0.0	0.0	0.0	0	0.0	0	0.0	0.0	0.10327	0.0	0.0	0.0	0.0	0.0	0.0	0.0	0.0	0.0	0.0	0.0	0.0	0.0	0.0	0.0	0.0	0.0	0.0	0.0	0.0	0.0	0.0	0.0	0.0	0.0
k__Bacteria.p__Firmicutes.c__Clostridia.o__Clostridiales.f__Lachnospiraceae.g__Oribacterium	0.0	0.0	0.0	0.0	0.0	0.0	0.01626	0.0	0.0	0.0	0.0	0.0	0.0	0.0	0.0	0.0	0.0	0.0	0.0	0.0	0.01101	0.0	0	0.0	0	0.0	0.0	0.0	0.0	0.0	0.0	0.0	0.0	0.0	0.0	0.0	0.0	0.0	0.0	0.0	0.0	0.0	0.00204	0.0	0.0	0.0	0.0	0.0	0.0	0.0	0.0	0.0	0.0
k__Bacteria.p__Firmicutes.c__Clostridia.o__Clostridiales.f__Lachnospiraceae.g__Roseburia	0.0	0.31786	2.59741	0.43226	0.0	0.36029	29.07089	0.90076	2.41319	0.30049	0.0	0.01624	0.32952	2.7629	0.24064	0.40257	0.62762	0.16126	0.83713	0.45464	9.04167	4.33438	0	2.69309	0	4.30223	0.03054	3.56456	1.55662	12.33303	0.0	0.2401	12.03393	10.72818	2.70367	3.25349	11.75746	0.0	0.53421	1.32255	0.0	1.29889	12.42542	0.75197	0.09262	0.72364	0.25983	2.65173	0.4779	2.84299	0.03341	2.26411	0.80687
k__Bacteria.p__Firmicutes.c__Clostridia.o__Clostridiales.f__Lachnospiraceae.g__Sellimonas	0.01124	0.0	0.0	0.0	0.0	0.0	0.0	0.01968	0.0	0.0	0.0	0.0	0.0	0.0	0.00325	0.0	0.0	0.0	0.0	0.06467	0.03659	0.0294	0	0.0	0	0.0	0.0	0.0	0.0	0.0	0.0	0.0	0.0	0.0	0.0	0.0	0.0	0.0	0.0	0.0	0.0	0.0	0.0	0.0	0.0	0.0	0.01088	0.91568	0.0	0.0	0.0	0.0	0.0
k__Bacteria.p__Firmicutes.c__Clostridia.o__Clostridiales.f__Lachnospiraceae.g__Shuttleworthia	0.0	0.0	0.0	0.0	0.0	0.0	0.0	0.0	0.0	0.0	0.0	0.0	0.01417	0.0	0.0	0.0	0.0	0.0	0.0	0.0	0.0	0.0	0	0.0	0	0.0	0.0	0.0	0.0	0.0	0.0	0.0	0.0	0.0	0.0	0.0	0.0	0.0	0.0	0.0	0.0	0.0	0.0	0.0	0.0	0.0	0.0	0.0	0.0	0.0	0.0	0.0	0.0
k__Bacteria.p__Firmicutes.c__Clostridia.o__Clostridiales.f__Lachnospiraceae.g__Stomatobaculum	0.0	0.0	0.0	0.0	0.0	0.0	0.00163	0.0	0.0	0.0	0.0	0.0	0.0	0.0	0.0	0.0	0.0	0.0	0.0	0.0	0.0	0.0	0	0.0	0	0.0	0.0	0.0	0.0	0.0	0.0	0.0	0.0	0.0	0.0	0.0	0.0	0.0	0.0	0.0	0.0	0.0	0.0	0.0	0.0	0.0	0.0	0.0	0.0	0.0	0.0	0.0	0.0
k__Bacteria.p__Firmicutes.c__Clostridia.o__Clostridiales.f__Oscillospiraceae.g__Oscillibacter	0.0	0.01609	0.76526	0.09716	1.91144	9.72812	0.27864	0.0	0.0	6.92602	1.34807	0.0	0.0	0.14033	0.00304	0.23644	0.0	0.0	0.52734	0.63471	0.7219	0.03216	0	1.60862	0	0.0	0.94935	3.54728	0.00802	0.00209	0.0	0.0	0.00205	0.00623	1.29356	0.41634	1.702	0.92263	0.0	0.00089	0.0	0.0	0.8028	0.52076	0.91115	0.06909	0.01545	0.0	2.89733	1.47397	0.44081	0.86442	0.57525
k__Bacteria.p__Firmicutes.c__Clostridia.o__Clostridiales.f__Peptostreptococcaceae.g__Intestinibacter	0.0	0.0	0.0	0.0	0.0	0.0	0.0	0.0	0.0	0.0	0.0	0.0	0.0	0.0	0.0	0.0	0.0	0.0	0.0	0.0	0.0	0.0	0	0.0	0	0.0	0.0	0.0	0.0	0.0	0.0	0.0	0.0	0.0	0.0	0.0	0.0	0.0	0.0	0.0	0.0	0.0	0.0	0.0	0.0	0.0	0.0	0.0	0.0	0.01376	0.0	0.0	0.0
k__Bacteria.p__Firmicutes.c__Clostridia.o__Clostridiales.f__Peptostreptococcaceae.g__Peptostreptococcus	0.0	0.0	0.0	0.0	0.0	0.0	0.0	0.0	0.0	0.0	0.0	0.0	0.31357	0.0	0.0	0.0	0.0	0.0	0.0	0.0	0.0	0.0	0	0.0	0	0.0	0.0	0.0	0.0	0.0	0.0	0.0	0.0	0.0	0.0	0.0	0.0	0.0	0.0	0.0	0.0	0.0	0.0	0.0	0.0	0.0	0.0	0.0	0.0	0.0	0.0	0.0	0.0
k__Bacteria.p__Firmicutes.c__Clostridia.o__Clostridiales.f__Ruminococcaceae.g__Agathobaculum	0.00305	0.66867	0.78071	0.31174	0.03199	0.21098	0.6243	0.07767	0.3604	0.00537	0.27141	0.0	0.01843	0.16607	0.0	0.42685	0.05046	0.00495	1.72995	0.0	0.27476	0.61367	0	0.86206	0	0.0	0.00308	0.24065	0.13498	0.57863	0.0	0.01679	0.59369	0.68429	0.05716	0.25772	0.31698	0.0	0.0	0.73335	0.08996	0.57908	0.07003	0.44974	0.19991	0.01093	0.0165	0.0	0.47903	0.07656	0.03246	0.1125	0.05149
k__Bacteria.p__Firmicutes.c__Clostridia.o__Clostridiales.f__Ruminococcaceae.g__Anaeromassilibacillus	0.171	0.0	0.02945	0.00393	0.09993	0.00359	0.0	0.01871	0.0	0.0	0.0	0.0	0.0	0.0	0.0	0.0	0.0	0.0	0.02282	0.20699	0.0	0.0	0	0.0	0	0.0	0.0	0.0	0.00506	0.01506	0.0	0.0	0.1159	0.08933	0.04799	0.0	0.00247	0.0	0.0	0.0155	0.0	0.01055	0.0	0.00452	0.0	0.0	0.0	0.0	0.0	0.02937	0.0	0.00157	0.0
k__Bacteria.p__Firmicutes.c__Clostridia.o__Clostridiales.f__Ruminococcaceae.g__Anaerotruncus	0.80097	0.06237	0.00292	0.01586	0.25545	0.11711	0.0	0.24602	0.0	0.00645	0.14312	0.0	0.0	0.0	0.0	0.0898	0.15295	0.02071	0.13302	0.0699	0.0	0.17336	0	0.00323	0	0.00953	0.01312	0.5391	0.02805	0.0	0.0	0.00833	0.00124	0.00642	0.1079	0.0	0.01267	0.0069	0.01803	0.04258	0.21717	0.02908	0.00175	0.0	0.07964	0.00809	0.0	0.0	0.15425	0.0	0.0	0.0	0.0
k__Bacteria.p__Firmicutes.c__Clostridia.o__Clostridiales.f__Ruminococcaceae.g__Faecalibacterium	0.0	11.33826	38.26409	3.80656	2.77301	7.75688	5.30561	0.00905	13.01095	21.05617	18.00648	0.02838	0.18569	3.96508	23.79774	3.68082	5.74331	4.68254	20.56584	3.91503	0.55738	18.11481	0	25.64383	0	0.0	1.66606	9.10842	9.79944	30.03233	0.00181	2.38072	11.79845	13.48759	9.70094	11.94877	4.00754	0.0	0.0	7.88515	0.0	7.69682	8.16045	9.39801	20.84346	2.41143	1.36688	2.7035	25.04042	3.07912	0.87201	14.37781	3.12763
k__Bacteria.p__Firmicutes.c__Clostridia.o__Clostridiales.f__Ruminococcaceae.g__Flavonifractor	17.62545	0.6739	0.21639	4.89861	0.20827	0.55977	0.11155	2.52256	1.24204	0.04566	0.56946	0.0	0.88079	0.24013	17.43121	0.58386	0.61328	0.92738	0.60191	0.11154	1.08434	5.09209	0	0.01043	0	1.8754	0.18983	0.17449	0.2958	0.0586	3.57469	2.57135	0.38574	0.4665	0.31711	0.47268	0.25768	0.04304	1.80555	0.07169	4.53831	0.05476	0.12468	0.16402	0.09311	0.06784	0.05368	0.91476	0.22123	0.01063	0.17168	0.08554	0.11474
k__Bacteria.p__Firmicutes.c__Clostridia.o__Clostridiales.f__Ruminococcaceae.g__Gemmiger	0.0	0.05766	1.14564	0.68386	0.02177	0.02911	1.21165	0.0	0.28736	0.24662	0.11179	0.0	0.0	0.9208	0.0	0.03442	0.25029	0.0	0.74283	0.4801	0.00946	0.73779	0	0.30927	0	0.02117	0.0191	0.0	0.1496	1.59993	0.0	0.0	0.91597	1.00333	1.14733	0.3747	0.4915	0.0	0.0	0.2873	0.0	0.28358	0.76972	0.97014	0.3189	0.07005	0.0	0.0	0.56028	0.01443	0.07123	0.07733	0.01337
k__Bacteria.p__Firmicutes.c__Clostridia.o__Clostridiales.f__Ruminococcaceae.g__Harryflintia	0.03139	0.0	0.0	0.0	0.0	0.01244	0.0	0.0	0.0	0.0	0.01226	0.0	0.0	0.0	0.0	0.0	0.0	0.0	0.05562	0.0	0.0	0.0	0	0.0	0	0.0	0.0	0.01577	0.0	0.0	0.0	0.0	0.0	0.0	0.0	0.0	0.0	0.0	0.0	0.01005	0.0	0.00375	0.0	0.00566	0.0	0.0	0.0	0.0	0.0	0.0	0.0	0.0	0.0
k__Bacteria.p__Firmicutes.c__Clostridia.o__Clostridiales.f__Ruminococcaceae.g__Pseudoflavonifractor	0.53698	0.0	0.00527	0.0	0.0	0.07149	0.0	0.11908	0.0	0.08769	0.07163	0.0	0.0	0.01655	0.0	0.22218	0.0	0.0	0.0	0.20843	0.0	0.06571	0	0.0	0	0.0	0.0	0.0	0.01002	0.0	0.0	0.0	0.0	0.00357	0.0024	0.02238	0.0	0.0	0.0	0.00374	0.0	0.0	0.0	0.00074	0.00751	0.0	0.0	0.0	0.0	0.0	0.0	0.00052	0.0
k__Bacteria.p__Firmicutes.c__Clostridia.o__Clostridiales.f__Ruminococcaceae.g__Ruminococcaceae_unclassified	0.00346	0.0	6.00144	0.0	0.07371	0.22534	0.0	0.0	1.24204	1.14629	0.00409	0.0	0.0	29.31749	0.0	0.00029	8.11366	0.00045	0.04672	5.92415	0.0	0.29577	0	0.00887	0	0.00623	0.29909	0.02025	0.71414	0.0	0.0	0.0	0.02398	0.02426	0.34858	0.25575	0.12019	0.02974	0.0	1.17863	1.51894	1.26026	0.73727	0.80735	0.01891	0.0	0.90206	0.0	0.11878	1.17853	0.02077	11.41471	0.07007
k__Bacteria.p__Firmicutes.c__Clostridia.o__Clostridiales.f__Ruminococcaceae.g__Ruminococcus	0.30848	0.04771	1.00126	1.16533	0.00386	1.63954	1.38335	0.22983	0.09432	1.39017	0.25374	0.00577	0.0	1.22041	0.16283	0.81907	0.0	0.0303	0.76966	1.75115	0.0	0.12382	0	0.3833	0	0.0	0.14267	0.01612	0.16082	0.20849	0.10002	0.0	0.01601	0.00476	0.54809	0.67453	1.16161	0.0	0.04169	4.27957	0.0	4.6353	0.26267	5.86136	3.21468	0.49343	0.10805	1.80086	1.94946	3.33367	0.07656	0.0044	0.0
k__Bacteria.p__Firmicutes.c__Clostridia.o__Clostridiales.f__Ruminococcaceae.g__Ruthenibacterium	13.57216	0.37581	0.09054	2.32517	1.88718	1.07372	0.08926	0.51943	0.4095	1.872	0.13355	0.0	0.43687	0.34488	0.01653	0.1614	0.10293	0.09425	0.99428	0.98947	0.01042	1.72222	0	0.08669	0	0.54312	0.03944	0.70178	0.59871	0.0	1.73017	0.10322	0.20702	0.25523	0.47967	0.12558	0.06823	3.55817	0.62448	0.38467	0.28865	0.30407	0.05025	0.02523	0.53275	0.04559	0.03749	5.85244	3.78977	0.20399	0.35794	0.04391	0.03167
k__Bacteria.p__Firmicutes.c__Erysipelotrichia.o__Erysipelotrichales.f__Erysipelotrichaceae.g__Absiella	0.0	0.0	0.0	0.0	0.0	0.0	0.0	0.0	0.0	0.0	0.0	0.0	0.0	0.0	0.0	0.0	0.0	0.0	0.0	0.0	0.0	0.0	0	0.0	0	0.0	0.0	0.0	0.0	0.0	0.02619	0.0	0.0	0.0	0.0	0.0	0.0	0.0	0.0	0.0	0.00337	0.0	0.0	0.0	0.0	0.0	0.0	0.0	0.0	0.0	0.0	0.0	0.0
k__Bacteria.p__Firmicutes.c__Erysipelotrichia.o__Erysipelotrichales.f__Erysipelotrichaceae.g__Bulleidia	0.0	0.0	0.0	0.0	0.0	0.0	0.0	0.0	0.0	0.0	0.0	0.0	0.00377	0.0	0.0	0.0	0.0	0.0	0.0	0.0	0.0	0.0	0	0.0	0	0.0	0.0	0.0	0.0	0.0	0.0	0.0	0.0	0.0	0.0	0.0	0.0	0.0	0.0	0.0	0.0	0.0	0.0	0.0	0.0	0.0	0.0	0.0	0.0	0.0	0.0	0.0	0.0
k__Bacteria.p__Firmicutes.c__Erysipelotrichia.o__Erysipelotrichales.f__Erysipelotrichaceae.g__Catenibacterium	0.0	0.0026	0.0	0.0	0.0	0.0	0.0	0.0	0.0	0.0	0.0	0.0	0.0	0.0	0.0	0.0	0.0	0.0	0.0	0.0	0.0	0.0	0	0.0	0	0.0	0.0	0.0	0.0	0.0	0.0	0.0	0.0	0.0	0.0	0.0	0.0	0.0	0.0	0.0	0.0	0.0	0.0	0.0	0.0	0.0	0.0	0.0	0.0	0.0	0.0	0.0	0.0
k__Bacteria.p__Firmicutes.c__Erysipelotrichia.o__Erysipelotrichales.f__Erysipelotrichaceae.g__Coprobacillus	0.0	0.0	0.0	0.00561	0.0	0.0	0.0	0.0	0.0	0.0	0.0	0.0	0.0	0.0	0.00636	0.0	0.0	0.0	0.0	0.0	0.0	0.0	0	0.0	0	0.0	0.0	0.0	0.0	0.0	0.0	0.0	0.0	0.0	0.0	0.0	0.0	0.0	0.0	0.0	0.0	0.0	0.0	0.0	0.0	0.0	0.01734	0.0	0.0	0.0	0.0	0.0	0.0
k__Bacteria.p__Firmicutes.c__Erysipelotrichia.o__Erysipelotrichales.f__Erysipelotrichaceae.g__Dielma	0.0	0.0	0.0	0.0	0.0	0.0	0.0	0.0	0.0	0.0	0.0	0.0	0.0	0.03834	0.0	0.0	0.0	0.0	0.0	0.0	0.0	0.0	0	0.0	0	0.0	0.0	0.07139	0.0	0.0	0.00478	0.0	0.0	0.0	0.06159	0.0	0.0	0.0	0.0	0.0	0.0	0.0	0.0	0.0	0.0	0.0	0.0	0.0	0.0	0.0	0.0	0.0	0.0
k__Bacteria.p__Firmicutes.c__Erysipelotrichia.o__Erysipelotrichales.f__Erysipelotrichaceae.g__Erysipelatoclostridium	0.01015	0.0	0.0	0.0	0.0	0.0	0.23749	0.0	0.0	0.0	0.0	0.0	0.00843	0.0	0.01657	0.0	0.0	0.0	0.0	0.0	0.0	0.0	0	0.0	0	0.02067	0.0	0.03044	0.0	0.0	0.01373	0.0	0.0	0.0	0.0	0.0	0.0	0.0	0.0	0.0	0.00231	0.0	0.0	0.0	0.0	0.0	0.0	0.11871	0.0	0.0	0.0	0.0	0.0
k__Bacteria.p__Firmicutes.c__Erysipelotrichia.o__Erysipelotrichales.f__Erysipelotrichaceae.g__Holdemanella	0.0	0.0	0.0	0.07146	0.0	0.0	0.0	0.0	0.0	0.0	0.0	0.0	0.0	0.0	0.0	0.0	0.0	0.0	0.0	0.0	0.0	0.0	0	0.0	0	0.0	0.0	0.0	0.0	0.0	0.0	0.0	0.0	0.0	0.0	0.0	0.0	0.0	0.0	0.0	0.0	0.0	0.0	0.0	0.0	0.0	0.0	0.0	0.0	0.01089	0.0	0.0	0.0
k__Bacteria.p__Firmicutes.c__Erysipelotrichia.o__Erysipelotrichales.f__Erysipelotrichaceae.g__Holdemania	0.0	0.06858	0.16081	0.0	0.0	0.0	0.0	0.0	0.00227	0.0	0.00698	0.0	0.0061	0.0	0.0	0.00161	0.05577	0.00085	0.0	0.0	0.0	0.06693	0	0.0	0	0.0	0.0037	0.0	0.0	0.0	0.04645	0.0	0.0	0.0	0.07784	0.0206	0.04682	0.0	0.0	0.00025	0.0	0.0	0.0	0.0	0.0	0.0	0.14113	0.00352	0.00541	0.00131	0.0	0.0	0.0
k__Bacteria.p__Firmicutes.c__Erysipelotrichia.o__Erysipelotrichales.f__Erysipelotrichaceae.g__Solobacterium	0.0	0.0	0.0	0.0	0.0	0.0	0.0	0.0	0.0	0.0	0.0	0.0	0.07062	0.0	0.0	0.0	0.0	0.0	0.0	0.03076	0.0	0.0	0	0.0	0	0.0	0.0	0.0	0.0	0.0	0.0	0.0	0.0	0.0	0.0	0.0	0.0	1.26059	0.0	0.0	0.0	0.0	0.0	0.0	0.0	0.0	0.0	0.0	0.0	0.00492	0.0	0.0	0.0
k__Bacteria.p__Firmicutes.c__Erysipelotrichia.o__Erysipelotrichales.f__Erysipelotrichaceae.g__Turicibacter	0.0	0.00083	0.0	0.0	0.0	0.0	0.0	0.0	0.0	0.0	0.0	0.0	0.0	0.0	0.0	0.0	0.0	0.0	0.0	0.0	0.0	0.0	0	0.0	0	0.0	0.0	0.0	0.0	0.0	0.0	0.0	0.0	0.0	0.0	0.0	0.0	0.0	0.0	0.0	0.0	0.0	0.0	0.0	0.0	0.0	0.0	0.0	0.0	0.0	0.0	0.0	0.0
k__Bacteria.p__Firmicutes.c__Firmicutes_unclassified.o__Firmicutes_unclassified.f__Firmicutes_unclassified.g__Firmicutes_unclassified	0.52136	0.0	2.48372	0.01989	2.73716	0.9931	0.0	0.15964	1.50784	6.33378	0.14228	0.0	0.0	4.88703	0.0	0.12333	0.30095	0.07966	2.98082	0.0	0.0	0.85558	0	0.15477	0	0.0	1.10045	0.3452	1.31612	0.52371	0.0	0.0	0.30792	0.41356	0.15516	0.22181	1.23766	0.10792	0.0146	1.69843	0.05965	1.32435	0.0996	1.22083	2.9004	0.0	2.91619	0.0	3.36071	1.82831	0.20053	0.94972	0.60657
k__Bacteria.p__Firmicutes.c__Negativicutes.o__Acidaminococcales.f__Acidaminococcaceae.g__Acidaminococcus	0.0	1.25121	0.0	0.0	0.0	0.06006	0.0	4.06795	0.0	0.0	0.0	0.0	0.0	0.0	4.81635	1.82535	0.0	1.72084	1.08304	1.21733	0.0	0.0	0	0.0	0	0.0	0.49433	0.0	0.0	0.0	7.00442	0.0	0.0	0.0	0.0	0.0	2.28685	0.0	6.65269	0.0	0.39845	0.0	1.02937	0.0	0.0	0.00454	0.0	0.0	0.0	0.0	0.45774	0.0	0.0
k__Bacteria.p__Firmicutes.c__Negativicutes.o__Acidaminococcales.f__Acidaminococcaceae.g__Phascolarctobacterium	0.0	0.0	3.29246	0.39721	0.07692	4.54486	0.10004	0.0	3.042	0.0	0.0	0.0	0.0	1.93266	0.0	0.0	1.9758	0.16439	0.0	0.0	0.0	0.0	0	0.0	0	0.0	0.0	0.0	0.0	0.0	4.2879	0.0	0.0	0.0	0.0	0.0	0.0	0.0	0.0	1.7657	0.29173	1.70821	1.03314	0.0	1.17548	0.0709	0.0	0.0	0.83733	0.67244	0.24634	0.47667	0.0
k__Bacteria.p__Firmicutes.c__Negativicutes.o__Selenomonadales.f__Selenomonadaceae.g__Megamonas	0.0	0.00739	0.0	0.0	0.0	0.0	0.0	0.0	0.0	0.0	0.0	0	0.0	0.0	0.0	0.0	0.0	0.0	0.0	0.0	0.0	0.0	0	0.0	0	0	0.0	0.0	0.0	0.0	0.0	0.0	0.0	0.0	0.0	0.0	0.0	0.0	0.06318	0.0	0.0	0.0	0.0	0.0	0.0	0.0	0.0	0.0	0.0	0.0	0.11456	0.0	0.0
k__Bacteria.p__Firmicutes.c__Negativicutes.o__Selenomonadales.f__Selenomonadaceae.g__Mitsuokella	0.0	0.0	0.0	0.0	0.0	0.13899	0.0	0.0	0.18065	0.0	0.0	0	0.0	0.0	0.0	0.0	0.0	0.0	0.0	0.0	0.0	0.0	0	0.0	0	0	0.0	0.0	0.0	0.0	0.0	0.0	0.0	0.0	0.0	0.0	0.0	0.0	0.0	0.0	0.0	0.0	0.0	0.0	0.0	0.02718	0.0	0.0	0.0	0.0	0.0	0.102	0.0
k__Bacteria.p__Firmicutes.c__Negativicutes.o__Selenomonadales.f__Selenomonadaceae.g__Selenomonas	0.0	0.0	0.0	0.0	0.0	0.0	0.00099	0.0	0.0	0.0	0.0	0	0.68634	0.0	0.0	0.0	0.0	0.00047	0.0	0.0	0.0	0.0	0	0.0	0	0	0.0	0.0	0.0	0.0	0.0	0.0	0.0	0.0	0.0	0.0	0.0	0.0	0.0	0.0	0.0	0.0	0.0	0.0	0.0	0.0	0.0	0.0	0.0	0.0	0.0	0.0	0.0
k__Bacteria.p__Firmicutes.c__Negativicutes.o__Veillonellales.f__Veillonellaceae.g__Allisonella	0.0	0.0	0.0	0.0	0.0	0.01072	0.0	0.0	0.05115	0.0	0.0	0	0.0	0.0	0.0	0.00201	0.0	0.0	0.0	0.0	0.0	0.0	0	0.0	0	0	0.0	0.0	0.05235	0.19558	0.0	0.0	0.22222	0.31651	0.0	0.0	0.0	0.0	0.00048	0.0	0.0	0.0	0.09926	0.0	0.0	0.0	0.0	0.0	0.0	0.0	0.0	0.0	0.0
k__Bacteria.p__Firmicutes.c__Negativicutes.o__Veillonellales.f__Veillonellaceae.g__Anaeroglobus	0.0	0.0	0.0	0.0	0.0	0.0	0.0042	0.0	0.0	0.0	0.0	0	0.06523	0.0	0.08517	0.0	0.0	0.0	0.0	0.0	0.0	0.0	0	0.0	0	0	0.0	0.0	0.0	0.0	0.0	0.0	0.0	0.0	0.0	0.0	0.0	0.0	0.0	0.0	0.0	0.0	0.0	0.0	0.0	0.0	0.0	0.0	0.0	0.0	0.0	0.0	0.0
k__Bacteria.p__Firmicutes.c__Negativicutes.o__Veillonellales.f__Veillonellaceae.g__Dialister	0.0	0.37127	0.0	0.01377	0.2114	0.0	0.0	0.0	0.0	1.19516	0.06961	0	4.543	0.0	0.33476	0.1433	0.0	0.0789	0.0917	0.07085	4.52312	0.10322	0	0.32247	0	0	0.00423	0.01843	1.93087	6.33711	0.0	0.67729	7.28191	7.61689	0.12339	0.30247	0.0	0.0	0.32313	0.0	0.0	0.0	0.0	0.0	0.0	0.0	0.0	0.0	0.0	0.0	0.0	0.0	0.0
k__Bacteria.p__Firmicutes.c__Negativicutes.o__Veillonellales.f__Veillonellaceae.g__Megasphaera	0.0	0.39391	0.0	0.0	0.0	0.02224	0.00847	0.0	0.0	0.0	0.0	0	0.0	0.0	0.0028	0.33779	0.0	0.0	0.0	0.0	0.0	0.0	0	0.0	0	0	0.0	0.0	0.0	0.0	0.0	0.0	0.0	0.0	0.0	0.0	0.0	0.0	0.0	0.0	0.0	0.0	0.0611	0.0	0.0	0.0	0.0	0.0	0.0	0.0	0.0	0.0	0.0
k__Bacteria.p__Firmicutes.c__Negativicutes.o__Veillonellales.f__Veillonellaceae.g__Negativicoccus	0.0	0.0	0.0	0.0	0.0	0.0	0.0	0.0	0.0	0.0	0.0	0	0.0	0.0	0.0	0.0	0.0	0.0	0.0	0.0	0.0	0.0	0	0.0	0	0	0.0	0.0	0.0	0.0	0.0	0.0	0.0	0.0	0.0	0.0	0.0	0.62924	0.0	0.0	0.0	0.0	0.0	0.0	0.0	0.0	0.0	0.0	0.0	0.0	0.0	0.0	0.0
k__Bacteria.p__Firmicutes.c__Negativicutes.o__Veillonellales.f__Veillonellaceae.g__Veillonella	0.0	0.0	0.0	0.0	0.0	0.01068	0.15961	0.0	0.0	0.0	0.0	0	0.0	0.0	0.71215	0.0	0.0	0.09052	0.03505	0.0	0.0	0.02092	0	0.0	0	0	0.03165	0.00238	0.0	0.337	0.0	0.0	0.0206	0.02267	0.0	0.0	0.0	0.0	0.0	0.0	0.0	0.0	1.35699	0.0	0.0	0.00713	0.0	1.19044	0.0	0.0	0.0	0.0	0.00374
k__Bacteria.p__Firmicutes.c__Tissierellia.o__Tissierellales.f__Peptoniphilaceae.g__Parvimonas	0.0	0.0	0.0	0.0	0.0	0.0	0.04764	0.0	0.00073	0.0	0.0	0	0.28856	0.0	0.0	0.0	0.0	0.0	0.0	0.0	0.0	0.0	0	0.0	0	0	0.0	0.0	0.0	0.0	0.0	0.0	0.0	0.0	0.0	0.0	0.0	0.09202	0.0	0.0	0.0	0.0	0.0	0.0	0.0	0.0	0.0	0.0	0.0	0.0	0.0	0.0	0.0
k__Bacteria.p__Firmicutes.c__Tissierellia.o__Tissierellales.f__Peptoniphilaceae.g__Peptoniphilus	0.0	0.0	0.0	0.0	0.0	0.0	0.0	0.0	0.0	0.0	0.0	0	0.0	0.0	0.0	0.0	0.0	0.0	0.0	0.0	0.0	0.0	0	0.0	0	0	0.0	0.0	0.0	0.0	0.0	0.0	0.0	0.0	0.0	0.0	0.0	0.32525	0.0	0.0	0.0	0.0	0.0	0.0	0.0	0.0	0.0	0.0	0.0	0.0	0.0	0.0	0.0
k__Bacteria.p__Fusobacteria.c__Fusobacteriia.o__Fusobacteriales.f__Fusobacteriaceae.g__Fusobacterium	0.0	0.0	0.0	0.0	0.0	0.03774	0.11791	0.0	0.0	0.0	0.0	0	0.69963	0.0	0.0	0.0	0.26759	0.0	0.0	0.00445	0.0	0.15605	0	0.0	0	0	0.0	0.0	0.0	0.0	0.0	0.36444	0.0	0.0	0.0	0.0	0.0	0.08421	0.0	0.0	0.0059	0.0	0.0	0.0	0.0	0.0	0.0	0.0	0.0	0.0	0.0	0.0	0.0
k__Bacteria.p__Lentisphaerae.c__Lentisphaeria.o__Victivallales.f__Victivallaceae.g__Victivallis	0.0	0.04904	0.0	0.0	0.0	0.0	0.0	0.0	0.0	0.0	0.0	0.0	0.0	0.0	0.0	0.0	0.13349	0.0	0.20762	0.0	0.0	0.0	0.0	0.0	0.0	0.0	0.0	0.05082	0.0	0.0	0.0	0.0	0.0	0.0	0.0	0.0	0.0	0.0	0.0	0.0	0.0	0.0	0.0	0.17088	0.0	0.0	0.0	0.0	0.0	0.08355	0.0	0.0	0.0
k__Bacteria.p__Proteobacteria.c__Betaproteobacteria.o__Burkholderiales.f__Comamonadaceae.g__Comamonas	0.0	0.0	0.0113	0.0	0.0	0.02915	0.0	0.0	0.0	0.0	0.0	0.0	0.0	0.0	0.0	0.0	0.0	0.0	0.0	0.0	0.00027	0.0	0.0	0.0	0.0	0.0	0.0	0.0	0.0	0.0	0.0	0.0	0.0	0.0	0.0	0.0	0.0	0.0	0.0	0.0	0.0	0.0	0.14486	0.0	0.0	0.0	0.0	0.0	0.0	0.0	0.0	0.0	0.0
k__Bacteria.p__Proteobacteria.c__Betaproteobacteria.o__Burkholderiales.f__Oxalobacteraceae.g__Oxalobacter	0.0	0.0	0.0	0.0	0.0	0.0	0.0	0.0	0.0	0.0	0.0	0.0	0.0	0.0	0.0	0.0	0.0	0.0	0.0	0.00675	0.0	0.0	0.0	0.0	0.0	0.0	0.0	0.0	0.0	0.0	0.0	0.0	0.0	0.0	0.0	0.0	0.0	0.0	0.0	0.0	0.0	0.0	0.0	0.0	0.0	0.0	0.0	0.0	0.0	0.0	0.0	0.0	0.0
k__Bacteria.p__Proteobacteria.c__Betaproteobacteria.o__Burkholderiales.f__Sutterellaceae.g__Parasutterella	0.0	0.01043	0.2632	0.16917	0.08125	0.19709	0.0	0.11094	0.55875	0.0	0.0	0.0	0.0	1.92954	0.0	0.0	0.0	2.87361	0.01452	0.0	0.0	0.45537	0.0	1.68117	0.0	0.0	0.0	0.74147	0.00327	0.00895	0.4264	0.39972	0.00256	0.00784	0.0	0.0	0.36094	0.0	0.0	1.07491	0.2238	0.81919	0.43749	0.0	0.75325	0.0	0.0	0.0	0.14928	0.0	0.07675	0.04295	0.0
k__Bacteria.p__Proteobacteria.c__Betaproteobacteria.o__Burkholderiales.f__Sutterellaceae.g__Sutterella	0.0	0.23322	0.00257	0.0	0.0	0.01178	0.82664	0.00807	0.0	0.0	0.0061	0.0	0.0	0.0	0.0	0.0	0.1565	0.0	0.0035	0.0	0.0	0.0	0.0	0.0	0.0	0.00277	0.0	0.0	0.00163	0.0	0.0	0.0	0.00538	0.00078	0.00069	0.29198	0.0	0.0	0.00199	0.0	0.0	0.0	0.00389	0.0081	0.0	0.0	0.0	0.08851	0.0	0.00105	0.0	0.0	0.0
k__Bacteria.p__Proteobacteria.c__Betaproteobacteria.o__Burkholderiales.f__Sutterellaceae.g__Turicimonas	0.0	0.0	0.01605	0.01663	0.0	0.00499	0.0	0.04747	0.0715	0.0	0.0	0.0	0.0	0.17714	0.0	0.0	0.0	0.09667	0.0	0.0	0.0	0.06753	0.0	0.02479	0.0	0.0	0.0	0.01156	0.0	0.00279	0.06803	0.061	0.0	0.0023	0.0	0.0	0.03668	0.0	0.0	0.03837	0.05246	0.029	0.06485	0.0	0.05227	0.0	0.0	0.0	0.01342	0.0	0.03011	0.02907	0.0
k__Bacteria.p__Proteobacteria.c__Betaproteobacteria.o__Neisseriales.f__Neisseriaceae.g__Eikenella	0.0	0.0	0.0	0.0	0.0	0.0	0.2866	0.0	0.0	0.0	0.00477	2.37136	0.09494	0.0	0.0	0.0	0.0	0.0	0.0	0.0	0.0	0.0	0.00161	0.0	0.0	0.0	0.0	0.0	0.0	0.0	0.0	0.0	0.0	0.0	0.0	0.0	0.0	0.0	0.0	0.0	0.0	0.0	0.0	0.0	0.0	0.0	0.0	0.0	0.12953	0.0	0.0	0.0	0.0
k__Bacteria.p__Proteobacteria.c__Betaproteobacteria.o__Neisseriales.f__Neisseriaceae.g__Neisseria	0.0	0.0	0.0	0.0	0.0	0.0	0.02779	0.0	0.0	0.0	0.0	0.01491	0.0	0.0	0.0	0.0	0.0	0.0	0.0	0.0	0.0	0.02417	0.0	0.0	0.0	0.0	0.0	0.0	0.0	0.0	0.0	0.0	0.0	0.0	0.0	0.0	0.0	0.0	0.0	0.0	0.0	0.0	0.0	0.0	0.0	0.0	0.01874	0.0	0.0	0.00724	0.0	0.0	0.0
k__Bacteria.p__Proteobacteria.c__Deltaproteobacteria.o__Desulfovibrionales.f__Desulfomicrobiaceae.g__Desulfomicrobium	0.0	0.0	0.0	0.0	0.0	0.0	0.0	0.0	0.0	0.0	0.0	0.0	0.0	0.0	0.0	0.0	0.0	0.0	0.0	0.0	0.0	0.0	0.0	0.0461	0.0	0.0	0.0	0.0	0.0	0.0	0.0	0.0	0.0	0.0	0.0	0.0	0.0	0.0	0.0	0.0	0.0	0.0	0.0	0.0	0.0	0.0	0.0	0.0	0.0	0.0	0.0	0.0	0.0
k__Bacteria.p__Proteobacteria.c__Deltaproteobacteria.o__Desulfovibrionales.f__Desulfovibrionaceae.g__Bilophila	0.0	0.01515	0.00084	0.30423	0.00499	0.72217	0.0	0.21912	0.22408	0.10445	0.3844	0.0	0.35436	0.12158	0.0	0.0882	0.38016	0.60285	0.20531	0.03079	0.0	0.0	0.0	0.03337	0.0	0.0	0.01935	0.17859	0.03796	0.03693	0.4455	0.0	0.07266	0.11436	0.0	0.32384	0.21358	1.26369	0.7509	0.16176	0.61743	0.11945	0.24574	0.43014	0.33481	0.0263	0.02592	0.11313	0.082	0.01774	0.10857	0.00146	0.31686
k__Bacteria.p__Proteobacteria.c__Deltaproteobacteria.o__Desulfovibrionales.f__Desulfovibrionaceae.g__Desulfovibrio	0.0	0.0	0.0	0.0	0.0	0.55395	0.03417	0.0	2.42668	0.0	0.0	0.0	0.0	0.726	0.00221	0.0	2.24399	0.0	0.0	1.52221	0.0	0.0	0.0	0.0	0.0	0.0	0.0	0.0	0.0	0.0	0.0	0.0	0.0	0.0	1.09469	2.71306	0.56538	0.0	0.0	1.43846	0.0	1.41467	0.0	0.0	0.0	0.0	0.0	0.0	0.0	0.06954	0.0	0.0	0.0
k__Bacteria.p__Proteobacteria.c__Deltaproteobacteria.o__Desulfovibrionales.f__Desulfovibrionaceae.g__Desulfovibrionaceae_unclassified	0.0	0.0	0.0	0.0	0.0	1.1815	0.0	0.0	0.0	0.0	0.0	0.0	0.0	0.71059	0.0	0.0	0.4222	0.0	0.0	0.28447	0.0	0.0	0.0	0.0	0.0	0.0	0.0	0.0	0.0	0.0	0.0	0.0	0.0	0.0	0.0	0.0	0.0	0.0	0.0	0.0	0.0	0.0	0.0	0.0	0.26059	0.0	0.0	0.0	0.0	0.0	0.0	0.0	0.0
k__Bacteria.p__Proteobacteria.c__Epsilonproteobacteria.o__Campylobacterales.f__Campylobacteraceae.g__Campylobacter	0.0	0.0	0.0	0.0	0.0	0.0	0.0929	0.0	0.0	0.0	0.0	0.0	0.93923	0.0	0.00287	0.0	0.0	0.0	0.0	0.0	0.0	0.0	0.0	0.0	0.0	0.0	0.0	0.0	0.0	0.0	0.0	0.0	0.0	0.0	0.0	0.0	0.0	0.0	0.0	0.0	0.0	0.0	0.0	0.0	0.0	0.0	0.0	0.0	0.0	0.0	0.0	0.0	0.0
k__Bacteria.p__Proteobacteria.c__Gammaproteobacteria.o__Aeromonadales.f__Succinivibrionaceae.g__Anaerobiospirillum	0.0	0.0	0.0	0.0	0.0	0.0	0.0	0.0	0.0	0.0	0.0	0.0	0.0	0	0.0	0.0	0.0	0.0	0.00387	0.0	0	0.0	0.0	0.0	0.0	0.0	0.0	0.0	0.0	0.0	0.0	0.0	0.0	0.0	0.0	0	0.0	0.0	0.0	0.0	0.0	0.0	0.0	0.0	0	0.0	0.0	0.0	0.0	0.0	0.0	0.0	0.0
k__Bacteria.p__Proteobacteria.c__Gammaproteobacteria.o__Enterobacterales.f__Enterobacteriaceae.g__Citrobacter	26.12199	0.0	0.0	0.0	0.0	0.0	0.0	0.0	0.0	0.0	0.0	0.26673	0.06696	0	0.00703	0.0	0.0	0.0	0.0	0.0	0	0.0	0.0	0.0	0.16253	4.29378	0.21168	0.0	0.0	0.0	0.0	0.0	0.0	0.0	0.0	0	0.0	0.0	0.0	0.0	0.0	0.0	0.0	0.0	0	0.0	0.0	0.0	0.0	0.0	0.0	0.0	0.0
k__Bacteria.p__Proteobacteria.c__Gammaproteobacteria.o__Enterobacterales.f__Enterobacteriaceae.g__Enterobacter	0.0	0.04371	0.0	0.0	0.0	0.0	0.0	0.0	0.0	0.0	0.0	0.0	0.0	0	0.0	0.0	0.0	0.0	0.0	2.58895	0	0.0	0.0	0.0	0.0	0.0	0.0334	0.0	0.39263	0.0	0.0	0.0	0.0	0.0	0.0	0	0.0	0.0	0.0	0.0	0.0	0.0	0.0	0.0	0	0.0	0.0	0.0	0.0	0.0	0.0	0.0	0.0
k__Bacteria.p__Proteobacteria.c__Gammaproteobacteria.o__Enterobacterales.f__Enterobacteriaceae.g__Escherichia	12.62107	0.01037	0.06447	3.239	0.22049	0.18147	7.78665	4.89747	2.35365	0.8205	0.41404	23.92702	0.0859	0	1.10975	0.01382	0.06852	0.00113	0.41614	0.5254	0	3.86352	0.17408	0.03965	75.47042	16.95676	0.3914	8.00351	0.01108	0.84953	0.47887	0.34287	0.00146	0.0	0.00119	0	1.8428	9.30042	0.02321	0.03649	0.9464	0.04925	0.8166	0.00841	0	3.57295	4.59708	25.54747	3.57495	0.14609	0.00375	1.01891	4.71332
k__Bacteria.p__Proteobacteria.c__Gammaproteobacteria.o__Enterobacterales.f__Enterobacteriaceae.g__Klebsiella	0.0	0.0	0.86453	0.0	0.0	0.0	0.23937	29.53765	0.0	0.08679	0.53473	0.21768	0.14433	0	0.30927	0.0	0.0	0.0	0.0	0.0	0	0.0	98.54114	0.0	11.61343	0.0	0.0	0.0	0.06346	0.0	4.07299	0.0	0.0	0.0	0.0	0	0.28318	0.0	0.0	0.0	0.0	0.0	12.35284	0.0	0	0.48309	0.0	0.0	0.0	0.0	0.0	0.0	0.0
k__Bacteria.p__Proteobacteria.c__Gammaproteobacteria.o__Enterobacterales.f__Enterobacteriaceae.g__Raoultella	0.0	0.0	0.0	0.0	0.0	0.0	0.0	0.0	0.0	0.0	0.0	0.03888	0.0	0	0.0	0.0	0.0	0.0	0.0	0.0	0	0.0	0.0	0.0	0.0	0.0	0.14003	0.0	0.0	0.0	0.0	0.0	0.0	0.0	0.06243	0	0.0	0.0	0.0	0.0	0.0	0.0	0.0	0.0	0	0.0	0.0	0.0	0.0	0.0	0.0	0.0	0.0
k__Bacteria.p__Proteobacteria.c__Gammaproteobacteria.o__Enterobacterales.f__Hafniaceae.g__Hafnia	0.0	0.0	0.0	0.0	0.0	0.0	0.0	0.0	0.0	0.0	0.0	0.0	0.0	0	0.0	0.0	0.0	0.0	0.0	1.40956	0	0.0	0.0	0.0	0.0	0.0	0.0	0.0	0.0	0.17349	0.0	0.0	0.0	0.0	0.0	0	0.0	0.0	0.0	0.0	0.0	0.0	0.0	0.0	0	0.0	0.0	0.0	0.0	0.0	0.0	0.0	0.0
k__Bacteria.p__Proteobacteria.c__Gammaproteobacteria.o__Enterobacterales.f__Morganellaceae.g__Morganella	0.0	0.0	0.0	0.0	0.0	0.00622	0.11405	0.0	0.0	0.0	0.0	30.45142	0.01213	0	0.03266	0.0	0.0	0.0	0.0	0.0	0	0.0	0.0	0.0	12.31536	0.0	0.01418	0.0	0.0	0.0	0.0	0.0	0.0	0.0	0.0	0	0.0	0.0	0.0	0.0	0.0	0.0	0.0	0.0	0	0.0	0.61868	0.0	0.0	0.0	0.0	0.0	0.0
k__Bacteria.p__Proteobacteria.c__Gammaproteobacteria.o__Enterobacterales.f__Morganellaceae.g__Proteus	0.0	0.0	0.0	0.0	0.0	0.0	0.04503	0.0	0.0	0.0	0.0	0.00808	0.0	0	0.0	0.0	0.0	0.0	0.0	0.0	0	0.0	0.0	0.0	0.00688	0.0	0.0	0.0	0.0	0.0	0.0	0.0	0.0	0.0	0.0	0	0.0	1.69255	0.0	0.0	0.0	0.0	0.0	0.0	0	0.0	0.0	0.0	0.0	0.0	0.0	0.0	0.0
k__Bacteria.p__Proteobacteria.c__Gammaproteobacteria.o__Pasteurellales.f__Pasteurellaceae.g__Aggregatibacter	0.0	0.0	0.0	0.0	0.0	0.0	0.0	0.0	0.0	0.0	0.0	0.0	0.0	0.0	0.0	0.0	0	0.0	0.0	0.0	0	0.0	0.0	0.0	0.0	0.0	0.0	0.0	0.0	0.0	0.0	0.0	0.0	0.0	0.0	0.0	0.0	0.0	0.0	0.0	0.0	0.0	0.0	0.0	0.0	0.0	0.0	0	0.00728	0.0	0.0	0.0	0
k__Bacteria.p__Proteobacteria.c__Gammaproteobacteria.o__Pasteurellales.f__Pasteurellaceae.g__Haemophilus	0.0	0.0	0.0	0.0	0.0	0.0	0.43441	0.0	0.0	0.0	0.0	0.01709	0.0	0.0	0.02572	0.0	0	0.00348	0.00066	0.0	0	0.04927	0.0	0.0	0.01472	0.0	0.00229	0.0	0.0	0.12611	0.0	0.0	0.01806	0.016	0.0	0.0	0.0	0.0	0.0	0.00518	0.0	0.0	0.09358	0.0	0.0	0.01361	1.21334	0	0.0	0.02364	0.0	0.01169	0
k__Bacteria.p__Proteobacteria.c__Gammaproteobacteria.o__Pasteurellales.f__Pasteurellaceae.g__Pasteurella	0.0	0.0	0.0	0.0	0.0	0.0	0.0	0.0	0.0	0.0	0.0	0.0	0.0	0.0	0.0	0.0	0	0.0	0.0	0.11927	0	0.0	0.0	0.0	0.0	0.0	0.0	0.0	0.0	0.0	0.0	0.0	0.0	0.0	0.0	0.0	0.0	0.0	0.0	0.0	0.0	0.0	0.0	0.0	0.0	0.0	0.0	0	0.0	0.0	0.0	0.0	0
k__Bacteria.p__Proteobacteria.c__Gammaproteobacteria.o__Pseudomonadales.f__Pseudomonadaceae.g__Pseudomonas	0.0	0.0	0.0	0.0	0.0	0.0	0.0	0.0	0.01615	0.0	0.0	1.17726	0.61369	0.0	0.00011	0.0	0	0.0	0.0	0.0	0	0.0	0.0	0.0	0.0	0.83759	0.0	0.0	0.0	0.0	0.0	0.0	0.0	0.0	0.0	0.0	0.0	7.50666	0.0	0.0	0.0	0.0	0.0	0.0	0.0	0.0	2.5321	0	0.0	0.03076	0.0	0.0	0
k__Bacteria.p__Proteobacteria.c__Proteobacteria_unclassified.o__Proteobacteria_unclassified.f__Proteobacteria_unclassified.g__Proteobacteria_unclassified	0.0	0.0	0.0193	0.46179	0.0	0.0084	0.0	1.32447	1.51989	0.0	0.013	0.0	0.0	0.16174	0.0	0.0	0	0.30986	0.0	0.0	0	4.9236	0.0	0.11847	0.0	0.0	0.0	0.04593	0.09085	0.13883	3.94956	3.26811	0.07322	0.07439	0.0	0.0	0.02522	0.0	0.0	0.0853	2.26871	0.05036	0.03395	0.0	0.91733	0.0	0.0	0	1.3338	0.0	0.21484	0.40421	0
k__Bacteria.p__Synergistetes.c__Synergistia.o__Synergistales.f__Synergistaceae.g__Cloacibacillus	0.0	0.0	0.0	0.0	0.0	0.12986	0.0	0.0	0.0	0.0	0.0	0	0.0	0.0	0.0	0.0	0	0.0	0	0.46385	0	0.0	0.0	0.0	0	0	0	0.0	0.02325	0	0.0	0	0	0	0.07136	0.0	0	0	0.0	0.0	0	0.0	0.0	0.0	0	0	2.11262	0	0.0	0.0	0.08525	0.0	0
k__Bacteria.p__Synergistetes.c__Synergistia.o__Synergistales.f__Synergistaceae.g__Fretibacterium	0.0	0.0	0.0	0.0	0.0	0.0	0.00286	0.0	0.0	0.0059	0.00162	0	4.25721	0.0	0.00587	0.0	0	0.0	0	0.0	0	0.0	0.0	0.01424	0	0	0	0.0	0.0	0	0.0	0	0	0	0.0	0.0	0	0	0.00103	0.0	0	0.0	0.00388	0.0	0	0	0.01405	0	0.0	0.0	0.0	0.0	0
k__Bacteria.p__Synergistetes.c__Synergistia.o__Synergistales.f__Synergistaceae.g__Jonquetella	0.0	0.0	0.0	0.0	0.0	0.03102	0.0	0.0	0.0	0.0	0.0	0	0.0	0.0	0.0	0.0	0	0.0	0	0.02348	0	0.0	0.0	0.0	0	0	0	0.0	0.0	0	0.0	0	0	0	0.0	0.0	0	0	0.0	0.0	0	0.0	0.0	0.0	0	0	0.0	0	0.0	0.0	0.0	0.0	0
k__Bacteria.p__Synergistetes.c__Synergistia.o__Synergistales.f__Synergistaceae.g__Pyramidobacter	0.12965	0.0	0.0	0.00259	0.0	0.0	0.0	0.92223	0.0	0.0	0.0	0	27.99243	0.0	0.02215	0.0	0	0.0	0	0.0	0	0.0	0.0	0.0	0	0	0	0.0	0.0	0	0.0	0	0	0	0.0	0.0	0	0	0.48336	0.0	0	0.0	0.23483	0.0	0	0	2.70654	0	0.0	0.0	0.0	0.0	0
k__Bacteria.p__Verrucomicrobia.c__Verrucomicrobiae.o__Verrucomicrobiales.f__Akkermansiaceae.g__Akkermansia	23.66551	2.85561	0.00686	15.66149	29.93876	3.6591	0.29683	2.90744	2.23572	0.0	0.0	0	0.0	0.57783	0.02118	2.59982	0	0.04887	0	8.53086	0	0.04897	0.0	7.03657	0	0	0	4.21262	0.0	0	1.32267	0	0	0	0.00944	0.52322	0	0	0.0	8.29333	0	6.64223	0.0	6.67213	0	0	9.37244	0	6.61653	8.50146	0.91603	0.43015	0
