dataset_name	YeZ_2018	YeZ_2018	YeZ_2018	YeZ_2018	YeZ_2018	YeZ_2018	YeZ_2018	YeZ_2018	YeZ_2018	YeZ_2018	YeZ_2018	YeZ_2018	YeZ_2018	YeZ_2018	YeZ_2018	YeZ_2018	YeZ_2018	YeZ_2018	YeZ_2018	YeZ_2018	YeZ_2018	YeZ_2018	YeZ_2018	YeZ_2018	YeZ_2018	YeZ_2018	YeZ_2018	YeZ_2018	YeZ_2018	YeZ_2018	YeZ_2018	YeZ_2018	YeZ_2018	YeZ_2018	YeZ_2018	YeZ_2018	YeZ_2018	YeZ_2018	YeZ_2018	YeZ_2018	YeZ_2018	YeZ_2018	YeZ_2018	YeZ_2018	YeZ_2018	YeZ_2018	YeZ_2018	YeZ_2018	YeZ_2018	YeZ_2018	YeZ_2018	YeZ_2018	YeZ_2018	YeZ_2018	YeZ_2018	YeZ_2018	YeZ_2018	YeZ_2018	YeZ_2018	YeZ_2018	YeZ_2018	YeZ_2018	YeZ_2018	YeZ_2018	YeZ_2018
study_condition	BD	BD	BD	BD	BD	BD	BD	BD	BD	BD	BD	BD	BD	BD	BD	BD	BD	BD	BD	BD	control	control	control	control	control	control	control	control	control	control	control	control	control	control	control	control	control	control	control	control	control	control	control	control	control	control	control	control	control	control	control	control	control	control	control	control	control	control	control	control	control	control	control	control	control
k__Archaea.p__Euryarchaeota.c__Methanobacteria.o__Methanobacteriales.f__Methanobacteriaceae.g__Methanobrevibacter	0	0	0	0	0	0	0	0	0	0	0	0	0	0	0	0	0	0	0	0	0	0	0	0	0	0	0	0	0	0	0	0	0	0.00039	0	0	0	0	0	0	0	0	0	0	0	0	0	0	0	0	0	0	0	0	0	0	0	0	0	0	0	0	0	0	0
k__Bacteria.p__Actinobacteria.c__Actinobacteria.o__Actinomycetales.f__Actinomycetaceae.g__Actinobaculum	0	0	0	0	0	0	0	0	0	0	0	0	0	0	0	0	0	0	0	0.04916	0	0	0	0	0	0	0	0.01816	0	0	0	0	0	0	0	0	0	0	0	0	0	0	0	0	0	0	0	0	0	0.02513	0	0	0	0	0	0	0	0	0	0	0	0	0	0	0
k__Bacteria.p__Actinobacteria.c__Actinobacteria.o__Actinomycetales.f__Actinomycetaceae.g__Actinomyces	0.02919	0	0	0	0	0	0	0	0	0.03126	0.05345	0	0	0	0	0	0	0	0	0.01235	0	0	0	0	0	0	0	0.00141	0	0	0	0	0	0	0	0	0	0	0	0	0	0	0	0	0	0	0	0	0	0	0	0	0	0	0	0	0	0	0	0	0	0	0	0	0
k__Bacteria.p__Actinobacteria.c__Actinobacteria.o__Bifidobacteriales.f__Bifidobacteriaceae.g__Alloscardovia	0.0	0.0	0.0	0.0	0.0	0.0	0.0	0	0.0	0.0	0.0	0.0	0.0	0.0	0	0.0	0.0	0.0	0.0	0.0	0.0	0.0	0.0	0.0	0.0	0.0	0.0	0.0	0.0	0.0	0	0	0.0	0.0	0.0	0.0	0.0	0.0	0.0	0	0.0	0.0	0.0	0	0	0.0	0.0	0.0	0.0	0.0	0.0	0	0.0	0.0	0.0	0	0.0	0.00158	0.0	0.0	0.0	0.0	0.0	0.0	0.0
k__Bacteria.p__Actinobacteria.c__Actinobacteria.o__Bifidobacteriales.f__Bifidobacteriaceae.g__Bifidobacterium	0.05745	6.42352	0.01056	0.20816	0.06462	1.04606	0.13145	0	0.01645	2.74917	13.20756	0.00221	0.55853	0.72688	0	0.3332	0.00837	1.03214	0.78803	30.92287	2.4788	0.03968	0.14554	0.04975	0.14259	0.05039	0.04973	5.9934	1.64604	0.19868	0	0	0.02524	0.20914	0.07454	0.0666	0.20469	0.19785	0.18721	0	0.01313	0.00382	0.64705	0	0	0.18096	0.04359	0.01485	0.93491	20.64485	0.06584	0	0.41471	0.02611	0.69046	0	0.05772	3.60537	0.17764	0.04951	2.369	0.01045	0.01157	0.89643	0.01888
k__Bacteria.p__Actinobacteria.c__Actinobacteria.o__Bifidobacteriales.f__Bifidobacteriaceae.g__Parascardovia	0.0	0.0	0.0	0.0	0.0	0.0	0.0	0	0.0	0.0	0.0	0.0	0.0	0.0	0	0.0	0.0	0.0	0.0	0.0	0.0	0.0	0.0	0.0	0.0	0.0	0.0	0.0	0.0	0.0	0	0	0.0	0.0	0.0	0.0	0.0	0.0	0.0	0	0.0	0.0	0.0	0	0	0.0	0.0	0.0	0.0	0.0	0.0	0	0.0	0.0	0.0	0	0.0	0.00576	0.0	0.0	0.0	0.0	0.0	0.0	0.0
k__Bacteria.p__Actinobacteria.c__Actinobacteria.o__Micrococcales.f__Micrococcaceae.g__Rothia	0	0	0	0	0	0	0	0	0	0	0	0	0	0	0	0	0	0	0	0.0	0	0	0	0	0	0	0	0	0	0.00232	0	0	0	0.00284	0	0	0	0	0	0	0	0	0	0	0	0	0	0	0	0	0	0	0	0.00046	0	0	0	0	0	0	0	0	0	0	0
k__Bacteria.p__Actinobacteria.c__Actinobacteria.o__Propionibacteriales.f__Propionibacteriaceae.g__Propionibacterium	0.0	0.0	0.0	0.0	0.0	0.0	0.0	0.0	0.0	0.0	0.0	0.0	0.0	0.0	0.0	0.0	0.0	0.0	0.0	0.0499	0.0	0.0	0.0	0.0	0.0	0.0	0.0	0.0	0.0	0.0	0.0	0.0	0.0	0.0	0.0	0.0	0.0	0.0	0.0	0.0	0.0	0.0	0.0	0.0	0.0	0.0	0.0	0.0	0.0	0.0	0.0	0.0	0.0	0.0	0.0	0.0	0.0	0.0	0.0	0.0	0.0	0.0	0.0	0.0	0.0
k__Bacteria.p__Actinobacteria.c__Coriobacteriia.o__Coriobacteriales.f__Atopobiaceae.g__Olsenella	0.0	0.0	0.0	0.0	0.0	0.0	0.0	0.0	0.0	0.0	0.0	0.0	0.0	0.0	0.0	0.0	0.0	0.0	0.0	0.0	0.0	0.0	0.0	0.0	0.0	0.0	0.0	0.0	0.0	0.0	0.0	0.0	0.0	0.0	0.0	0.0	0.0	0.0	0.0	0.0	0.0	0.0	0.0	0.0	0.0	0.0	0.0	0.0	0.0	0.06182	0.0	0.0	0.0	0.0	0.0	0.0	0.0	0.0	0.0	0.0	0.0	0.0	0.0	0.0	0.0
k__Bacteria.p__Actinobacteria.c__Coriobacteriia.o__Coriobacteriales.f__Coriobacteriaceae.g__Collinsella	2.91855	2.23136	0.03072	0.66571	0.42189	0.2655	0.0	0.04259	0.0	6.05667	6.96606	0.15338	0.0014	0.32936	0.26569	0.05986	0.25678	0.24697	0.25529	18.77074	0.56122	0.19148	0.0633	0.04756	0.71344	0.19829	0.00121	0.78252	0.25695	0.75628	0.01957	0.64442	0.07927	0.05517	0.63064	0.0	0.08659	0.0	0.03221	1.62326	0.02087	0.0	0.05843	0.05736	0.00981	0.0	0.02231	0.00163	0.0	0.33529	0.13255	0.05169	1.2562	0.00159	0.23716	0.0	0.08563	0.02029	0.20804	0.0	0.41589	0.14096	0.03656	0.606	0.0
k__Bacteria.p__Actinobacteria.c__Coriobacteriia.o__Coriobacteriales.f__Coriobacteriaceae.g__Enorma	0.0	0.0	0.0	0.0	0.0	0.0	0.15043	0.0	0.0	0.0	0.0	0.0	0.04388	0.0	0.0	0.0	0.0	0.0	0.0	0.0	0.0	0.0	0.0	0.0	0.0	0.0	0.0	0.0	0.0	0.0	0.0	0.0	0.0	0.0	0.0	0.00509	0.0	0.0	0.0	0.0	0.0	0.0	0.0	0.0	0.0	0.0	0.0	0.0	0.0	0.0	0.0	0.0	0.0	0.0	0.0	0.0	0.0	0.0	0.0	0.0	0.0	0.0	0.0	0.0	0.0
k__Bacteria.p__Actinobacteria.c__Coriobacteriia.o__Eggerthellales.f__Eggerthellaceae.g__Adlercreutzia	0.04286	0.0	0.0	0.00039	0.00428	0.0	0.0	0.0	0.0	0.0	0.33487	0.0	0.00181	0.0	0.0	0.00995	0.0	0.0	0.0	0.14178	0.0	0.0	0.0	0.0	0.01277	0.00056	0.00465	0.00249	0.0	0.0	0.0	0.0	0.03884	0.0	0.0	0.0	0.0	0.0	0.0	0.0	0.0	0.0	0.0	0.0	0.0	0.00583	0.0	0.0	0.0	0.00556	0.0	0.00234	0.0	0.0	0.0638	0.0	0.0	0.0	0.09935	0.0	0.00436	0.0	0.0	0.0	0.0
k__Bacteria.p__Actinobacteria.c__Coriobacteriia.o__Eggerthellales.f__Eggerthellaceae.g__Asaccharobacter	0.01108	0.0	0.0	0.0	0.0	0.0	0.0	0.0	0.0	0.0	0.12333	0.0	0.0	0.0	0.0	0.00092	0.0	0.0	0.0	0.04086	0.0	0.0	0.0	0.0	0.00162	0.0	0.0	0.0	0.0	0.0	0.0	0.0	0.00464	0.0	0.0	0.0	0.0	0.0	0.0	0.0	0.0	0.0	0.0	0.0	0.0	0.0	0.0	0.0	0.0	0.0	0.0	0.00015	0.0	0.0	0.0241	0.0	0.0	0.0	0.02547	0.0	0.0	0.0	0.0	0.0	0.0
k__Bacteria.p__Actinobacteria.c__Coriobacteriia.o__Eggerthellales.f__Eggerthellaceae.g__Eggerthella	0.02276	0.06951	0.0023	0.00747	0.0	0.01064	0.18802	0.0	0.0	0.13184	0.53076	0.0	0.0	0.0	0.02926	0.0	0.0	0.00308	0.0	0.19303	0.00426	0.0	0.0	0.00086	0.0	0.0	0.00748	0.16902	0.0	0.0	0.0	0.0	0.00112	0.00321	0.00139	0.0	0.0	0.0	0.0	0.01433	0.0	0.0	0.0	0.0	0.0	0.00222	0.0	0.0	0.0	0.0	0.0	0.0	0.06199	0.0	0.0	0.0	0.0	0.0	0.0	0.04599	0.0	0.0	0.0	0.0	0.0
k__Bacteria.p__Actinobacteria.c__Coriobacteriia.o__Eggerthellales.f__Eggerthellaceae.g__Gordonibacter	0.0	0.00365	0.0	0.00385	0.0	0.0	0.03447	0.0	0.0	0.04896	0.14716	0.0	0.0	0.0	0.0	0.01529	0.0	0.007	0.0	0.3828	0.0	0.0	0.0	0.03068	0.0	0.0	0.0	0.03049	0.0	0.0	0.0	0.0	0.00359	0.0	0.0	0.0	0.0	0.0	0.0	0.00551	0.0	0.0	0.0	0.0	0.0	0.0	0.0	0.0	0.0	0.0	0.0	0.0	0.01534	0.0	0.00667	0.0	0.0	0.0	0.01988	0.00031	0.0	0.0	0.0	0.0	0.0
k__Bacteria.p__Actinobacteria.c__Coriobacteriia.o__Eggerthellales.f__Eggerthellaceae.g__Slackia	0.0	0.0	0.0	0.0	0.0	0.0	0.0	0.0	0.0	0.0	0.0	0.0	0.0	0.0	0.0	0.0	0.01266	0.0	0.0	0.0	0.0	0.0	0.0	0.0	0.0	0.0	0.0	0.0	0.0	0.0	0.0	0.0	0.0	0.0	0.0	0.0	0.0	0.0	0.0	0.0	0.0	0.0	0.0	0.0	0.0	0.0	0.0	0.0	0.0	0.0	0.0	0.0	0.0	0.0	0.0	0.0	0.0	0.0	0.0	0.0	0.0	0.01501	0.0	0.0	0.0
k__Bacteria.p__Bacteroidetes.c__Bacteroidia.o__Bacteroidales.f__Bacteroidaceae.g__Bacteroides	2.89094	71.16209	91.56426	46.87569	48.59307	19.3445	32.04564	31.58416	44.17774	22.34389	38.31396	33.77931	71.79149	82.86406	60.92573	56.97505	3.0797	5.83824	57.91878	18.35774	89.44095	13.45995	79.63592	46.54702	8.37578	58.35012	82.64163	60.03249	73.55811	8.01873	0.64283	83.36629	65.6968	26.29516	79.56207	64.47016	80.789	91.02426	39.78741	44.9187	1.21708	41.72269	9.28093	0.60933	49.62074	54.46179	58.38081	0.23668	49.82227	13.10801	1.30422	55.12272	8.20377	0.94997	74.41264	2.84849	7.07603	5.81141	17.26673	49.18008	75.11427	2.70881	8.17366	34.65877	86.35569
k__Bacteria.p__Bacteroidetes.c__Bacteroidia.o__Bacteroidales.f__Barnesiellaceae.g__Barnesiella	0.0	0.0	0.01413	0.0	0.46574	0.0	3.24391	0.0	0.00575	0.016	2.71462	0.27093	0.12555	0.0128	0.60008	0.0	0.0117	0.31294	0.0	0.0	0.0	1.17352	0.0	0.0	0.0	0.48143	0.4127	0.0	0.0	0.04304	0.00846	0.0	1.06056	0.00594	0.0	0.0	0.0	0.0	0.0	0.89519	0.00332	0.0	0.1706	0.0	1.31264	0.58553	0.0	0.0	1.08767	0.0	0.00342	1.32902	0.0	0.0	0.14567	0.0	0.0	0.91592	0.04225	0.77509	0.04557	0.01139	0.0	0.0	0.0
k__Bacteria.p__Bacteroidetes.c__Bacteroidia.o__Bacteroidales.f__Barnesiellaceae.g__Coprobacter	0.00821	0.0	0.02747	0.17414	0.06508	0.0	0.34885	0.0	0.0	0.67739	0.0	0.02989	0.01284	0.00582	1.50293	0.0746	0.00082	0.03014	0.10322	0.04364	0.0	0.00213	0.0	0.02675	0.0	0.0	0.0	0.0	0.00825	0.0	0.0	0.0	0.48039	0.00052	0.0	0.41946	0.0	0.0	0.0	0.0	0.0	0.0102	0.0	0.0	0.01216	0.0	0.15667	0.0	0.0397	0.05268	0.01574	1.82771	0.0	0.0	0.00768	0.0	0.0	0.0	0.49222	0.0	0.00095	0.0	0.0	0.0	0.0
k__Bacteria.p__Bacteroidetes.c__Bacteroidia.o__Bacteroidales.f__Odoribacteraceae.g__Butyricimonas	0.00912	0.0	0.00306	0.18198	0.05825	0.00372	0.3641	0.1737	0.0	0.0	0.0	0.69484	0.10735	0.0	0.1147	0.07979	0.75658	0.01111	0.09557	0.15429	0.0	0.36248	0.52975	0.0	0.08979	0.08289	0.3973	0.04305	0.02175	0.0333	0.00094	0.0	0.00069	0.05721	0.82951	0.26903	0.0	0.0	0.28144	0.0	0.0	0.0	0.00562	0.0	0.14198	0.15058	0.14401	0.0	0.19258	0.0	0.0	0.55517	0.09776	0.00935	0.08782	0.0	0.0	0.27703	0.68023	0.19888	0.00478	0.03711	0.04376	0.0	0.0
k__Bacteria.p__Bacteroidetes.c__Bacteroidia.o__Bacteroidales.f__Odoribacteraceae.g__Odoribacter	0.11886	0.0	0.06295	1.05515	0.32753	0.21175	2.31362	0.09976	0.0	0.09847	0.0	2.24662	0.05134	0.02668	0.98885	0.45414	0.4613	0.0	0.08414	0.21628	0.07048	2.73361	0.0	0.278	0.6299	0.89549	0.00414	0.29503	0.09348	0.13612	0.01431	0.0	1.17983	0.10656	0.0	0.47535	0.0	0.0	0.45808	0.0	0.00141	0.0	0.15119	0.01142	0.70137	0.46412	0.90406	0.0	1.01037	1.24768	0.00621	0.98243	0.06913	0.08609	0.22487	0.8144	0.0	0.68134	1.2662	0.46511	0.34225	0.46872	0.0	0.0	0.07415
k__Bacteria.p__Bacteroidetes.c__Bacteroidia.o__Bacteroidales.f__Porphyromonadaceae.g__Sanguibacteroides	0.0	0.0	0.0	0.0	0.0	0.0	0.0	0.0	0.0	0.0	0.0	0.0	0.0	0.0	0.0	0.0	0.00548	0.0	0.0	0.0	0.0	0.00529	0.0	0.0	0.00035	0.0	0.0	0.0	0.0	0.0	0.0	0.0	0.0	0.0	0.0	0.0	0.0	0.0	0.0	0.0	0.0	0.0	0.0	0.0	0.0	0.0	0.0	0.0	0.0	0.0	0.0	0.0	0.0	0.0	0.0	0.0	0.0	0.0	0.0	0.0	0.0	0.01152	0.0	0.0	0.0
k__Bacteria.p__Bacteroidetes.c__Bacteroidia.o__Bacteroidales.f__Prevotellaceae.g__Paraprevotella	0.00524	0.0	0.09471	0.0	0.74393	0.0	0.15777	0.18569	0.0	0.04408	0.116	0.0	0.58303	0.02393	0.92019	0.26534	0.02285	0.0	0.0	0.0	0.0	0.03847	0.0	0.0	0.2047	0.0	0.0	0.0	0.0	0.10788	0.06285	0.0	1.14898	0.02516	0.0	0.0	0.0	0.0	0.0	0.0	0.0	1.09944	0.0	0.0	0.0	0.0	0.0	0.0	0.23429	0.17369	0.0	0.71496	0.0	0.00933	0.12066	0.0	0.0	0.00222	0.34353	0.0	0.06202	0.00451	0.03181	0.0	0.84319
k__Bacteria.p__Bacteroidetes.c__Bacteroidia.o__Bacteroidales.f__Prevotellaceae.g__Prevotella	63.43475	0.67229	0.02963	0.08181	0.05231	37.34246	0.37054	15.98783	0.28935	0.35061	0.1301	28.52792	1.39753	6.86016	0.42722	0.07139	62.03284	84.41675	0.33654	0.0563	0.18431	36.92822	0.42893	0.37211	69.60664	0.40909	0.32517	0.19562	0.11908	67.25788	95.27056	0.15746	0.36939	54.78014	0.0427	0.0277	0.01274	0.18306	0.06744	0.09498	95.93307	0.04026	3.57964	91.23657	0.16723	0.01243	0.21948	96.17235	0.0207	0.2933	94.66392	0.86761	59.99178	87.06687	0.98787	77.04083	75.64614	62.19571	34.57027	0.32431	0.92594	12.89772	84.10332	0.37234	0.14612
k__Bacteria.p__Bacteroidetes.c__Bacteroidia.o__Bacteroidales.f__Rikenellaceae.g__Alistipes	2.14952	0.82275	4.36092	11.38004	30.274	16.24001	28.28952	6.5838	0.77779	21.036	3.33004	19.45262	13.13622	1.77603	18.28043	23.09556	6.58467	1.36364	30.86871	20.12187	0.01852	24.45193	9.59128	32.10764	1.66787	3.55891	0.51644	14.47523	4.2987	4.2507	0.4082	0.0577	12.36407	0.86643	0.14676	26.34249	0.01254	0.44949	19.14923	9.34537	0.23456	24.92749	7.41189	1.90536	29.26928	30.89415	26.98766	0.18486	17.70817	45.05268	0.29421	19.83854	4.86266	5.7088	10.92321	9.5968	0.03543	8.48117	8.13325	5.25154	7.98094	4.70865	5.82064	16.02965	1.89712
k__Bacteria.p__Bacteroidetes.c__Bacteroidia.o__Bacteroidales.f__Tannerellaceae.g__Parabacteroides	0.36766	2.35681	0.32621	1.40454	0.50712	0.80972	6.07964	2.19398	0.38843	1.54641	2.91381	1.98646	0.74467	0.15271	7.00941	2.07948	1.75819	0.22696	0.67344	0.38825	0.96144	0.38176	0.61408	2.18269	0.72046	2.9465	2.71104	0.39365	1.12592	0.41763	0.07259	1.48563	1.74948	2.19591	6.6617	1.89766	4.38943	1.25855	0.55168	2.69377	0.02027	7.96578	0.31295	0.08006	1.15577	2.12151	2.5244	0.00571	4.29504	1.52415	0.10149	1.33134	0.22879	0.11899	0.38555	2.85484	0.35725	1.0496	2.99733	0.70802	0.32213	0.44344	0.18742	0.63498	1.05812
k__Bacteria.p__Bacteroidetes.c__Flavobacteriia.o__Flavobacteriales.f__Flavobacteriaceae.g__Elizabethkingia	0.0	0.0	0.0	0.0	0.0	0.0	0.0	0.0	0.0	0.0	0.0	0.0	0.0	0.0	0.0	0.0	0.0	0.0	0.0	0.0	0.0	0.0	0.0	0.0	0.0	0.0	0.0	0.0	0.00427	0.0	0.0	0.0	0.0	0.0	0.0	0.0	0.0	0.0	0.00252	0.0	0.0	0.0023	0.0	0.0	0.0	0.0	0.0	0.0	0.0	0.0	0.0	0.0	0.0	0.0	0.0	0.0	0.0	0.0	0.0	0.0	0.0	0.0	0.0	0.0	0.0
k__Bacteria.p__Firmicutes.c__Bacilli.o__Bacillales.f__Bacillaceae.g__Bacillus	0.0	0.0	0.0	0.0	0.0	0.0	0.0	0.0	0.0	0.0	0.0	0.0	0.0	0.0	0.0	0.0	0.0	0.0	0.0	0.0	0.0	0.0	0.0	0.0	0.0	0.0	0.0	0.0	0.0	0.0	0.0	0.0	0.0	0.0	0.0	0.00155	0.0	0.0	0.0	0.0	0.0	0.0	0.0	0.0	0.0	0.0	0.0	0.0	0.0	0.0	0.0	0.0	0.0	0.0	0.0	0.0	0.0	0.0	0.0	0.0	0.0	0.0	0.0	0.0	0.0
k__Bacteria.p__Firmicutes.c__Bacilli.o__Lactobacillales.f__Carnobacteriaceae.g__Granulicatella	0.0	0.0	0.0	0.0	0.0	0.0	0.0	0.0	0.00206	0.0	0.0	0.0	0.0	0.0	0.0	0.0	0.0	0.0	0.0	0.0	0.00175	0.0	0.0	0.0	0.0	0.0	0.0	0.0	0.0	0.0	0.0	0.0	0.0	0.0	0.0	0.0	0.0	0.0	0.0	0.0	0.0	0.0	0.0	0.0	0.0	0.0	0.0	0.0	0.0	0.0	0.0	0.0	0.0	0.0	0.0	0.0	0.0	0.0	0.0	0.0	0.0	0.0	0.0	0.0	0.0
k__Bacteria.p__Firmicutes.c__Bacilli.o__Lactobacillales.f__Lactobacillaceae.g__Lactobacillus	0.0	0.0	0.00886	0.00509	0.0	0.00096	0.10004	0.0	0.0	0.03955	0.1087	0.00117	0.0	0.0	0.0	0.0	0.0	0.0	0.0	0.74089	0.0	0.00352	0.00041	0.0	0.00161	0.0	0.0	0.0	0.0	0.0	0.00059	0.0	0.00167	0.08508	0.0	0.0	0.0	0.0	0.0	0.00312	0.0	0.0	0.00473	0.0	0.0	0.0	0.0	0.0	0.0	0.01279	0.00462	0.00325	0.00356	0.0024	0.0	0.0	0.0	0.10736	0.004	0.00276	0.00627	0.0	0.0	0.0025	0.0
k__Bacteria.p__Firmicutes.c__Bacilli.o__Lactobacillales.f__Leuconostocaceae.g__Weissella	0.0	0.0	0.0	0.00465	0.0	0.0	0.0	0.0	0.00387	0.0	0.0	0.0	0.0	0.0	0.0	0.0	0.0	0.0	0.0	0.0	0.0	0.0	0.0	0.0	0.0	0.0	0.0	0.0	0.0	0.0	0.0	0.0	0.0	0.0	0.0	0.0	0.0	0.0	0.0	0.0	0.0	0.0	0.0	0.0	0.0	0.0	0.0	0.0	0.0	0.0	0.0	0.0	0.0	0.0	0.0	0.0	0.0	0.0	0.0	0.0	0.0	0.0	0.0	0.0	0.0
k__Bacteria.p__Firmicutes.c__Bacilli.o__Lactobacillales.f__Streptococcaceae.g__Streptococcus	0.0482	0.0	0.0	0.0	0.0	0.0	0.27024	0.0	0.0	0.0	0.29697	0.01329	0.0	0.0	0.00151	0.0	0.01147	0.0	0.00482	0.0	0.0	0.01311	0.0	0.0	0.0	0.02405	0.0	0.00523	0.0	0.01092	0.0	0.0449	0.0	0.00233	0.03408	0.00182	0.0	0.0	0.03218	0.0	0.00164	0.0	0.00024	0.0	0.0	0.02689	0.00282	0.0	0.0	0.0	0.01555	0.0	0.10037	0.01196	0.0	0.0	0.0	0.2582	0.0	0.0	0.0	0.0	0.0	0.00361	0.0
k__Bacteria.p__Firmicutes.c__Clostridia.o__Clostridiales.f__Catabacteriaceae.g__Catabacter	0.0	0.0	0.0	0.0	0.0	0.0	0.0	0.0	0.0	0.0	0.0	0.0	0.0	0.0	0.0	0.0	0.0	0.0	0.0	0.0	0.0	0.0	0.0	0.0	0.0	0.0	0.0	0.0	0.0	0.0	0.0	0.0	0.0	0.0	0.0	0.00395	0.0	0.0	0.0	0.0	0.0	0.0	0.0	0.0	0.0	0.0	0.0	0.0	0.0	0.0	0.0	0.0	0.0	0.0	0.0	0.0	0.0	0.0	0.0	0.0	0.0	0.0	0.0	0.0	0.0
k__Bacteria.p__Firmicutes.c__Clostridia.o__Clostridiales.f__Christensenellaceae.g__Christensenella	0.0	0.0	0.0	0.0	0.0	0.0	0.0	0.0	0.0	0.0	0.0	0.0	0.0	0.0	0.0	0.0	0.0	0.0	0.0	0.00161	0.0	0.0	0.0	0.0	0.0	0.0	0.0	0.0	0.0	0.0	0.0	0.0	0.0	0.0	0.0	0.0	0.0	0.0	0.0	0.0	0.0	0.0	0.0	0.0	0.0	0.0	0.00024	0.0	0.0	0.0	0.0	0.0	0.0	0.0	0.0	0.0	0.0	0.0	0.0	0.0	0.0	0.0	0.0	0.0	0.0
k__Bacteria.p__Firmicutes.c__Clostridia.o__Clostridiales.f__Clostridiaceae.g__Clostridium	0.11937	0.0	0.03683	0.0	0.01444	0.0	0.0	0.0	0.0	0.23611	0.79376	0.0	0.02514	0.0	0.07188	0.07287	0.76079	0.01107	0.14776	0.17832	0.09204	0.03834	0.0	0.16032	0.0	0.10401	0.11118	0.0	0.00917	0.02487	0.0	0.00883	0.0	4.87896	0.00283	0.04488	0.01845	0.0	0.32858	0.07652	0.0	0.32489	0.0	0.0	0.20847	0.00096	0.0	0.0	0.0	0.0	0.0	0.18532	0.01772	0.0	0.05325	0.0	0.00061	0.02845	0.01193	0.23605	0.01748	1.3821	0.0	0.05906	0.02937
k__Bacteria.p__Firmicutes.c__Clostridia.o__Clostridiales.f__Clostridiaceae.g__Hungatella	0.0	0.0	0.0	0.0	0.0	0.0	0.32482	0.0	0.0	0.0	0.0	0.01481	0.0	0.0	0.0	0.0	0.0	0.0	0.0	0.0155	0.0	0.01166	0.0	0.00752	0.0	0.00551	0.0	0.00901	0.0	0.0	0.0	0.0465	0.0	0.01265	0.03797	0.00094	0.0073	0.0	0.0	0.0	0.0	0.05268	0.0	0.0	0.0	0.00174	0.00062	0.0039	0.0	0.2327	0.0	0.0	0.0	0.0	0.0	0.19072	0.0	0.0	0.0	0.0	0.0	0.03322	0.0	0.0	0.0
k__Bacteria.p__Firmicutes.c__Clostridia.o__Clostridiales.f__Clostridiales_unclassified.g__Clostridiales_unclassified	0.0	0.0	0.0	0.0	0.0	0.0	0.3126	0.0	0.0	0.0	0.0	0.0	0.0	0.0	0.0	0.0	0.0	0.0	0.0	0.0	0.0	0.0	0.0	0.0	0.0	0.0	0.0	0.0	0.0	0.0	0.0	0.0	0.0	0.0	0.0	0.0	0.0	0.0	0.0	0.0	0.0	0.00568	0.0	0.0	0.0	0.0	0.0	0.0	0.0	0.0	0.0	0.0	0.0	0.0	0.0	0.0	0.0	0.0	0.0	0.0	0.0	0.0	0.0	0.0	0.0
k__Bacteria.p__Firmicutes.c__Clostridia.o__Clostridiales.f__Clostridiales_unclassified.g__Intestinimonas	0.0	0.0	0.02227	0.0	0.0106	0.0	3.26869	0.0	0.0	0.05324	0.0	0.0	0.07172	0.0	0.09147	0.12316	0.0	0.17051	0.0	0.38065	0.0	0.01019	0.0	1.53297	0.01622	0.4533	0.00865	0.0	0.0	0.00629	0.0	0.0	0.12759	0.0	0.00235	0.62126	0.0	0.0	0.0135	0.0	0.0	0.05745	0.0	0.0	0.04576	0.02367	0.0	0.0	0.0	0.03258	0.0	0.00479	0.05176	0.0	0.00483	0.0405	0.0	0.0	0.0	0.3054	0.01045	0.0	0.0	0.00777	0.0
k__Bacteria.p__Firmicutes.c__Clostridia.o__Clostridiales.f__Clostridiales_unclassified.g__Lawsonibacter	0.02484	0.0	0.0	0.0	0.00851	0.06538	0.10592	0.0	0.0008	0.01472	0.01342	0.0	0.02444	0.0	0.0	0.02175	0.0	0.00111	0.0	0.01008	0.0	0.0	0.0	0.0	0.0	0.21585	0.0	0.01439	0.0	0.00122	0.0	0.0	0.0	0.01914	0.0	0.00833	0.0	0.0	0.0	0.0	0.0	0.0	0.00205	0.0	0.00448	0.04073	0.04411	0.0	0.0	0.01258	0.0	0.0	0.0101	0.0	0.00234	0.0	0.0	0.0	0.0	0.0	0.0	0.0	0.0	0.0	0.0
k__Bacteria.p__Firmicutes.c__Clostridia.o__Clostridiales.f__Clostridiales_unclassified.g__Monoglobus	0.0	0.0	0.0	0.0	0.0	0.0	0.0	0.0	0.0	0.0	0.0	0.0	0.0	0.0	0.0	0.0	0.0	0.0	0.0	0.0	0.0	0.0	0.0	0.0	0.0	0.00521	0.0	0.0	0.0	0.0	0.0	0.0	0.0	0.0	0.0	0.0	0.0	0.0	0.0	0.0	0.0	0.00371	0.0	0.0	0.00476	0.0	0.0	0.0	0.0	0.0	0.0	0.0	0.0	0.0	0.0	0.0	0.0	0.0	0.0	0.0	0.0	0.0	0.0	0.0	0.0
k__Bacteria.p__Firmicutes.c__Clostridia.o__Clostridiales.f__Eubacteriaceae.g__Eubacterium	0.03617	0.0646	0.07817	0.42278	1.5396	0.0063	4.64636	2.04616	0.33652	0.93406	2.49254	1.51308	0.0496	0.1048	0.18865	0.37003	0.23782	0.36719	0.02007	0.01589	0.48526	2.89543	2.10589	1.72309	0.57876	2.3825	0.36053	1.76539	3.45315	0.85422	0.07017	0.05311	1.88278	0.49341	0.40485	0.01635	2.97911	0.10336	13.13555	1.10549	0.07292	1.74227	0.11331	0.02523	0.2284	0.52679	0.83864	0.0	0.41539	0.68095	0.12679	0.78665	1.03862	0.24224	0.12683	0.17475	0.18913	0.02496	3.38339	0.26766	0.02974	0.06549	0.01718	0.08444	1.16433
k__Bacteria.p__Firmicutes.c__Clostridia.o__Clostridiales.f__Lachnospiraceae.g__Anaerostipes	0.0	0.00561	0.00202	0.05129	0.0	0.00117	0.0	0.00533	0.0	0.0	0.32673	0.34599	0.0	0.0	0.0	0.01813	0.01222	0.00607	0.0	0.01682	0.06404	0.0	0.13768	0.0	0.0	0.00295	0.00586	0.10399	0.0	0.0159	0.00496	0.0	0.06705	0.0541	0.06056	0.11533	0.0481	0.04915	0.0	0.0238	0.02482	0.03241	0.00947	0.0	0.00368	0.13253	0.15204	0.0	0.00571	0.0	0.0	0.0113	0.13226	0.0	0.0	0.0	1.27792	0.0036	0.1961	0.21246	0.0	0.0	0.0	0.37005	0.01817
k__Bacteria.p__Firmicutes.c__Clostridia.o__Clostridiales.f__Lachnospiraceae.g__Anaerotignum	0.0	0.0	0.0	0.0	0.0	0.01177	0.06723	0.0	0.0	0.0	0.0	0.0	0.0	0.0	0.0	0.0	0.0	0.0	0.0	0.0	0.0	0.0	0.0	0.0	0.0	0.0	0.0	0.0	0.0	0.0	0.0	0.0	0.0	0.0	0.0	0.0	0.01692	0.0	0.0	0.0	0.0	0.04201	0.0	0.0	0.0	0.0	0.0	0.0	0.0	0.0	0.0	0.0	0.0	0.0	0.0	0.0	0.0	0.0	0.0	0.14039	0.0	0.0	0.0	0.00168	0.0
k__Bacteria.p__Firmicutes.c__Clostridia.o__Clostridiales.f__Lachnospiraceae.g__Blautia	0.10114	0.19402	0.02634	0.03328	0.01502	0.12045	0.22844	1.85191	0.34787	0.0	0.47516	0.13219	0.00727	0.0651	0.03081	0.10372	0.30938	0.01571	0.11868	0.0445	0.14955	0.05716	0.02147	0.00042	0.12653	0.17684	0.08316	0.04292	0.0818	0.19034	0.03208	0.13596	0.22233	0.10558	0.02187	0.01435	0.59455	0.0151	0.03297	0.21062	0.00277	0.21376	0.03274	0.00578	0.02335	0.01928	0.03881	0.05072	0.29288	0.0	0.03715	0.02037	1.32126	0.6147	0.00067	0.13644	0.52327	0.24536	0.6744	0.62469	0.00432	0.00341	0.00351	0.11487	0.27722
k__Bacteria.p__Firmicutes.c__Clostridia.o__Clostridiales.f__Lachnospiraceae.g__Butyrivibrio	0.0	0.0	0.0	0.0	0.0	0.0	0.0	0.0	0.0	0.0	0.0	0.0	0.0	0.0	0.0	0.0	0.0	0.0	0.0	0.0	0.0	0.0	0.0	0.0	0.0	0.0	0.0	0.0	0.0	0.0	0.0	0.0	0.0	0.35232	0.0	0.0	0.0	0.0	1.10829	0.0	0.0	0.0	0.00151	0.0	0.66059	0.0	0.0	0.0	1.45339	0.0	0.0	0.0	0.0	0.30985	0.0	0.0	0.0	0.0	0.49683	0.0	0.00038	0.66361	0.0	0.0	0.0
k__Bacteria.p__Firmicutes.c__Clostridia.o__Clostridiales.f__Lachnospiraceae.g__Coprococcus	0.05667	0.0	0.0	0.17833	0.43249	0.10223	0.0	0.21929	0.0	0.0	0.21407	0.28953	0.02036	0.00763	0.05841	0.21219	0.23179	0.0	0.00699	0.005	0.0	0.22099	0.0201	0.35974	0.56965	0.65459	0.04338	0.07992	0.5782	0.00593	0.00174	0.0	0.08151	0.02719	0.04563	0.00653	0.09375	0.01327	0.78005	0.5954	0.02281	0.0	0.00143	0.0502	0.02477	0.0	0.0018	0.0	0.04773	0.0	0.01845	1.39805	0.11396	0.00196	0.33972	0.0	0.53019	0.03611	1.67946	0.0	0.01243	0.07708	0.0	0.04945	0.0
k__Bacteria.p__Firmicutes.c__Clostridia.o__Clostridiales.f__Lachnospiraceae.g__Dorea	0.04953	0.0408	0.00377	0.01111	0.04865	0.06618	0.01648	0.00634	0.03387	0.0	0.10619	0.02391	0.02409	0.0	0.02353	0.0	0.20505	0.0	0.05038	0.04545	0.01656	0.04254	0.00532	0.06076	0.02322	0.05084	0.00644	0.01417	0.04658	0.03449	0.00275	0.0	0.06361	0.11748	0.01681	0.0	0.09512	0.02431	0.08357	0.09103	0.0	0.01276	0.00532	0.0	0.01418	0.02994	0.0	0.07895	0.34879	0.0	0.00858	0.02875	0.06444	0.00294	0.0	0.0	0.05197	0.01451	0.24573	0.27949	0.00799	0.02916	0.0	0.04645	0.21662
k__Bacteria.p__Firmicutes.c__Clostridia.o__Clostridiales.f__Lachnospiraceae.g__Eisenbergiella	0.0	0.04476	0.0	0.0	0.0	0.0	0.5316	0.0	0.0	0.0	0.03593	0.0	0.0	0.0	0.0	0.0	0.0	0.0	0.0	0.11501	0.0	0.0	0.0	0.0	0.0	0.0	0.0	0.0	0.0	0.0	0.0	0.0	0.0	0.0	0.16511	0.0	0.0	0.0	0.0	0.0	0.0	0.04099	0.0	0.0	0.0013	0.00146	0.0	0.0	0.0	0.01814	0.0	0.0	0.0	0.0	0.0	0.0	0.0	0.0	0.0	0.0	0.0	0.0	0.0	0.0	0.0
k__Bacteria.p__Firmicutes.c__Clostridia.o__Clostridiales.f__Lachnospiraceae.g__Fusicatenibacter	0.08132	0.24979	0.00097	0.13182	0.10642	0.00058	0.45633	0.0	0.0	0.26764	0.0	0.02994	0.06084	0.0127	0.00211	0.06704	0.41751	0.02829	0.0713	0.07466	0.18702	0.01877	0.09539	0.0503	0.056	0.01831	0.0	0.15666	0.10498	0.06591	0.00077	0.0	1.18492	0.00825	0.09237	0.01945	0.37774	0.19272	0.01988	0.39802	0.0005	0.0	0.00755	0.0	0.14768	0.03982	0.02617	0.0	0.06374	0.01159	0.01185	0.06007	0.83429	0.0	0.0046	0.00865	0.10993	0.01595	0.23313	0.33307	0.06602	0.00419	0.00261	0.15279	0.0
k__Bacteria.p__Firmicutes.c__Clostridia.o__Clostridiales.f__Lachnospiraceae.g__Lachnoclostridium	0.01432	0.01032	0.0	0.0	0.0	0.01302	2.00031	0.0	0.0	0.05233	0.0	0.00774	0.0	0.0	0.0385	0.00748	0.0	0.0	0.04554	0.02929	0.0	0.0	0.0	0.0717	0.0	0.09277	0.0246	0.01536	0.0	0.0	0.0	0.13918	0.01417	0.03114	0.04094	0.00343	0.04906	0.0	0.01311	0.0	0.0	0.40818	0.0	0.0	0.0035	0.0209	0.0153	0.00339	0.0	0.01629	0.0	0.0	0.0	0.0	0.0	0.13688	0.0	0.0	0.0	0.01428	0.0	0.0	0.0	0.00731	0.01658
k__Bacteria.p__Firmicutes.c__Clostridia.o__Clostridiales.f__Lachnospiraceae.g__Lachnospira	0.15529	0.44416	0.0	0.71089	0.08016	0.51792	0.0	0.0	0.06493	0.56838	0.0	0.0	0.0	0.02965	0.0	0.0	0.18994	0.0	0.04022	0.0	0.0	0.00886	0.00274	0.00322	0.00108	0.0	0.17667	0.0	0.0	0.0	0.0	0.38733	0.0	0.83298	0.0	0.0	0.0	0.80561	0.54891	0.13914	0.02158	0.0	0.09976	0.01692	0.0	0.0	0.05074	0.0	0.0	0.00207	0.0655	0.10964	0.0	0.02631	0.00346	0.0	0.13642	0.00647	0.06138	0.2816	0.47726	0.0	0.01954	0.56436	2.27834
k__Bacteria.p__Firmicutes.c__Clostridia.o__Clostridiales.f__Lachnospiraceae.g__Lachnospiraceae_unclassified	1.24727	0.0	0.01995	1.01575	0.307	0.15518	0.0	2.66157	0.0	0.03714	0.00198	0.69968	0.13205	1.17386	0.01396	2.49711	1.43468	0.18558	0.0086	0.01433	0.10752	0.86639	0.0	0.0	0.01125	6.40984	0.03279	0.02562	1.60037	0.91747	0.0072	0.0	0.0	0.07105	0.0	0.00698	1.03155	0.47291	6.59929	0.03795	0.62711	0.0	0.88316	1.05304	0.0685	0.0067	0.51784	0.00032	0.71826	0.18973	0.0504	1.22475	0.42985	0.00854	0.50477	0.0	1.50754	0.19844	0.83889	0.006	0.02724	0.01129	0.04741	1.17696	0.0
k__Bacteria.p__Firmicutes.c__Clostridia.o__Clostridiales.f__Lachnospiraceae.g__Murimonas	0.0	0.0	0.0	0.0	0.0	0.0	0.0	0.0	0.0	0.0	0.0	0.0	0.0	0.0	0.0	0.0	0.0	0.0	0.0	0.0	0.0	0.0	0.0	0.0	0.0	0.0	0.0	0.0	0.0	0.0	0.0	0.0	0.0	0.0	0.0	0.0	0.0	0.0	0.0	0.0	0.0	0.01306	0.0	0.0	0.0	0.0	0.0	0.0	0.0	0.0	0.0	0.0	0.0	0.0	0.0	0.0	0.0	0.0	0.0	0.0	0.0	0.0	0.0	0.0	0.0
k__Bacteria.p__Firmicutes.c__Clostridia.o__Clostridiales.f__Lachnospiraceae.g__Roseburia	0.69144	0.75308	0.37045	1.35735	0.89041	3.25045	0.36133	1.21351	0.34628	1.30561	0.00328	1.12888	1.40024	0.35715	0.14235	0.39081	1.69523	0.09819	0.69835	0.35479	1.52556	2.77627	0.72004	1.39192	1.0296	5.02499	1.42069	0.62135	7.28438	0.23823	0.49761	1.02411	1.60187	1.30869	1.1681	0.48394	4.75439	1.32532	1.59161	21.58035	0.17976	3.70076	4.03362	0.32675	0.53622	2.22748	0.53077	0.00997	1.52009	0.14777	0.09192	2.90835	1.77876	0.24133	0.50096	0.88344	0.34763	0.50018	1.985	5.43696	3.36523	1.10682	0.19327	4.56537	1.55535
k__Bacteria.p__Firmicutes.c__Clostridia.o__Clostridiales.f__Lachnospiraceae.g__Sellimonas	0.0	0.0	0.0	0.0	0.0	0.0	0.02035	0.0	0.0	0.0	0.037	0.0	0.0	0.0	0.0	0.0	0.0	0.0	0.0	0.0	0.0	0.0	0.0	0.0	0.0	0.0	0.0	0.0	0.0	0.0	0.0	0.0	0.0	0.0	0.0	0.0	0.0	0.0	0.0	0.0	0.0	0.0	0.0	0.0	0.0	0.00168	0.0	0.0	0.0	0.0	0.0	0.0	0.0	0.0	0.0	0.0	0.0	0.0	0.0	0.0	0.0	0.0	0.0	0.0	0.0
k__Bacteria.p__Firmicutes.c__Clostridia.o__Clostridiales.f__Lachnospiraceae.g__Tyzzerella	0.0	0.0	0.0	0.0	0.0	0.0	0.00971	0.0	0.0	0.0	0.0	0.00244	0.0	0.0	0.0	0.0	0.0	0.0	0.0	0.0	0.0	0.0	0.0	0.0	0.0	0.0	0.0	0.0	0.0	0.0	0.0	0.02729	0.0	0.0	0.0	0.0	0.00437	0.0	0.0	0.0044	0.0	0.0	0.0	0.0	0.0	0.0	0.0	0.0	0.0	0.0	0.0	0.0	0.0	0.0	0.0	0.0	0.0	0.0	0.0	0.003	0.0	0.0	0.0	0.0	0.0
k__Bacteria.p__Firmicutes.c__Clostridia.o__Clostridiales.f__Oscillospiraceae.g__Oscillibacter	0.74465	0.0	0.37036	0.0	1.61716	2.03262	0.0768	1.99922	0.12402	3.99645	0.0	0.8186	0.16648	0.26041	0.27538	0.0	4.26642	0.22437	0.68467	1.47932	0.0	5.51419	0.11188	4.28018	4.51943	0.01184	0.02688	4.59217	0.95042	1.23185	0.21823	0.0	6.30595	0.52878	0.0	0.84488	0.0	0.0	0.6883	1.4927	0.30288	0.0	0.6447	0.12755	2.9154	0.04456	0.5445	0.0	1.26241	0.35159	0.25385	4.81213	3.47248	0.70623	0.26821	0.0	0.05235	0.33626	3.10382	0.01322	0.7686	7.09301	0.0	0.00248	0.0
k__Bacteria.p__Firmicutes.c__Clostridia.o__Clostridiales.f__Peptostreptococcaceae.g__Intestinibacter	0.0	0.0	0.0	0.0	0.0	0.0	0.0	0.0	0.0	0.0	0.0	0.0	0.0	0.0	0.0	0.0	0.0	0.0	0.0	0.0	0.0	0.0	0.0	0.0	0.0	0.0	0.0	0.0	0.0	0.0	0.0	0.0	0.0	0.0	0.0	0.0	0.00853	0.0	0.0	0.0	0.0	0.0	0.0	0.0	0.0	0.0	0.0	0.0	0.0	0.0	0.0	0.0	0.0	0.0	0.0	0.0	0.0	0.0	0.0	0.0	0.0	0.0	0.0	0.0	0.0
k__Bacteria.p__Firmicutes.c__Clostridia.o__Clostridiales.f__Peptostreptococcaceae.g__Romboutsia	0.0	0.0	0.0	0.0	0.0	0.0	0.0	0.0	0.0	0.0	0.0	0.0	0.0	0.0	0.0	0.0	0.0	0.0	0.0	0.0	0.00355	0.0	0.0	0.0	0.0	0.0	0.0	0.0	0.0	0.0	0.0	0.0	0.0	0.0	0.0	0.0	0.0	0.0	0.00047	0.0	0.0	0.0	0.0	0.0	0.0	0.0	0.0	0.0	0.0	0.0	0.0	0.0	0.0	0.0	0.0	0.0	0.0	0.0	0.0	0.0	0.0	0.0	0.0	0.0	0.0
k__Bacteria.p__Firmicutes.c__Clostridia.o__Clostridiales.f__Ruminococcaceae.g__Agathobaculum	0.12508	0.03157	0.00215	0.06754	0.00262	0.08597	0.00446	0.0	0.02364	0.05694	0.0	0.05043	0.02236	0.00822	0.00108	0.00944	0.00652	0.22842	0.0	0.00988	0.02772	0.00709	0.24721	0.05534	0.0	0.0403	0.7131	0.10595	0.02998	0.05039	0.03966	0.08006	0.12307	0.05203	0.0	0.04125	0.02919	0.02161	0.82944	0.3117	0.01272	0.00456	0.01518	0.0	0.00522	0.06703	0.04578	0.0	0.0	0.00137	0.03999	0.00221	0.03973	0.04887	0.00711	0.0	0.05769	0.07833	0.01532	0.3077	0.01396	0.00466	0.0	0.28856	0.04442
k__Bacteria.p__Firmicutes.c__Clostridia.o__Clostridiales.f__Ruminococcaceae.g__Anaeromassilibacillus	0.0	0.0	0.0	0.0	0.0	0.0	0.01349	0.0	0.0	0.0	1.8728	0.0	0.0	0.0	0.0	0.0	0.0	0.0	0.0	0.06128	0.0	0.0	0.0	0.0	0.0	0.0	0.0	0.0	0.0	0.0	0.0	0.0	0.0	0.0	0.0	0.0	0.0	0.0	0.0	0.0	0.0	0.00723	0.0	0.0	0.0	0.00838	0.01623	0.0	0.0	0.00115	0.0	0.0	0.0	0.0	0.0	0.0	0.0	0.0	0.0	0.0	0.0	0.0	0.0	0.0	0.0
k__Bacteria.p__Firmicutes.c__Clostridia.o__Clostridiales.f__Ruminococcaceae.g__Anaerotruncus	0.0	0.0	0.0	0.0	0.0	0.0	0.06059	0.0	0.0	0.01952	0.0	0.00336	0.0	0.0	0.02043	0.0	0.0	0.0	0.0	0.17931	0.0	0.0	0.0	0.0	0.0	0.09185	0.0	0.0	0.0	0.0	0.0	0.0	0.0	0.00856	0.05296	0.01248	0.00508	0.0	0.0	0.0	0.0	0.04257	0.0	0.0	0.0	0.01863	0.02366	0.0	9.36215	0.00899	0.0	0.00081	0.01946	0.0	0.0	0.0	0.0	0.0	0.0	0.01042	0.0	0.0	0.0	0.0	0.0
k__Bacteria.p__Firmicutes.c__Clostridia.o__Clostridiales.f__Ruminococcaceae.g__Faecalibacterium	4.31189	0.04699	0.99766	28.72165	2.60059	4.76872	0.2081	15.4732	1.16232	10.28653	4.40376	5.41879	4.36269	2.48225	2.43963	4.12019	3.13482	2.67085	1.17655	0.50872	2.45428	2.96321	4.45591	3.08142	4.29821	2.58778	4.04926	2.53882	3.05404	10.10636	2.14222	0.52206	1.95026	0.6035	1.72814	0.64225	1.59493	0.39626	6.08952	10.73004	0.51096	4.98303	2.51531	0.44538	3.68076	0.59814	1.50725	0.01356	1.97383	0.83321	1.1499	2.06646	10.5399	0.82832	1.61495	0.14607	6.55552	0.27824	10.00633	22.91882	1.32231	1.52512	0.45137	1.80486	0.01055
k__Bacteria.p__Firmicutes.c__Clostridia.o__Clostridiales.f__Ruminococcaceae.g__Flavonifractor	0.12949	9.19944	0.21366	0.1077	0.33159	1.48347	3.59968	0.10671	0.0341	3.57257	13.64805	0.03992	0.13096	0.05358	0.21035	0.56387	0.03401	0.11747	0.10109	0.42999	0.08143	0.04031	0.0	0.07768	0.05277	0.87948	0.57719	3.98347	0.04058	0.04287	0.00056	2.07237	0.08499	1.46658	0.51131	0.60331	0.72927	0.393	0.05192	0.04401	0.0	0.8242	0.00124	0.00694	0.0526	0.62416	0.54882	0.09985	0.04029	0.45698	0.0	0.02146	0.09168	0.00661	0.07442	0.18983	0.11009	0.23935	0.0	0.20553	0.20322	0.00854	0.05731	0.27744	0.42789
k__Bacteria.p__Firmicutes.c__Clostridia.o__Clostridiales.f__Ruminococcaceae.g__Gemmiger	0.06059	0.0	0.00213	0.07799	0.03127	0.01675	0.0	0.05166	0.0	0.07054	0.0	0.23738	0.00521	0.16416	0.00934	0.02277	0.01652	0.05301	0.0	0.04061	0.00952	0.03848	0.04629	0.09006	0.02083	0.0029	0.0	0.01772	0.17539	0.08631	0.01772	0.00484	0.37566	0.00362	0.0	0.20406	0.0	0.0	0.11603	0.01385	0.01117	0.0	0.03747	0.00208	0.02442	0.0	0.0	0.0	0.29252	0.02547	0.01104	0.02483	0.00958	0.0	0.08024	0.0	0.0	0.00278	0.1182	0.0	0.02352	0.00414	0.03158	0.0	0.0
k__Bacteria.p__Firmicutes.c__Clostridia.o__Clostridiales.f__Ruminococcaceae.g__Pseudoflavonifractor	0.0	0.0	0.0	0.0	0.0	0.0	0.0	0.0	0.0	0.0	0.0	0.0	0.0	0.0	0.0	0.0	0.0	0.0	0.0	0.0	0.0	0.0	0.0	0.0	0.0	0.0	0.0	0.0	0.0	0.0	0.0	0.0	0.0	0.0	0.0	0.0	0.0	0.0	0.0	0.0	0.0	0.00257	0.0	0.0	0.0	0.0	0.0	0.0	0.0	0.0	0.0	0.0	0.0	0.0	0.0	0.0	0.0	0.0	0.0	0.0	0.0	0.0	0.0	0.0	0.0
k__Bacteria.p__Firmicutes.c__Clostridia.o__Clostridiales.f__Ruminococcaceae.g__Ruminococcaceae_unclassified	0.0	0.0	0.00032	0.0	0.94039	0.0	0.02237	0.0	0.06488	0.12076	1.33192	0.0	0.0	0.0	0.0	0.31701	0.0	0.0	0.0	0.02332	0.0	0.92124	0.34487	0.0	0.11456	0.27185	0.0	0.0	0.0	0.0	0.1193	0.0	0.0	0.11113	0.0	0.00933	0.01421	0.0	1.56919	0.00977	0.0	6.72723	0.0	0.0	0.35231	0.00229	0.22102	0.0	0.0	0.0	0.0	0.46231	0.00347	0.05256	0.03854	0.0	0.0	0.00581	0.34269	0.02497	0.0036	0.18142	0.0	0.0	0.0
k__Bacteria.p__Firmicutes.c__Clostridia.o__Clostridiales.f__Ruminococcaceae.g__Ruminococcus	0.0	0.19519	0.2193	3.75571	0.44747	0.02229	0.0	0.0	0.02738	0.07266	0.0	0.06826	3.45789	0.27278	0.0	0.03513	1.00458	0.05704	0.17756	2.21413	0.0	0.75838	0.14246	0.00423	0.00259	0.99844	0.1177	0.15802	0.0	0.11412	0.09973	2.4854	0.0	0.15337	5.13763	0.0	0.57782	0.0	1.16959	1.02982	0.0	0.66776	1.37101	0.07185	0.98925	2.60758	0.80485	0.0	0.10856	0.13177	0.00069	0.94721	0.00604	0.16417	0.9614	0.0	0.97149	0.01876	1.32574	0.13225	1.10624	0.21999	0.00721	0.62252	0.72092
k__Bacteria.p__Firmicutes.c__Clostridia.o__Clostridiales.f__Ruminococcaceae.g__Ruthenibacterium	0.00446	0.60425	0.03987	0.00082	0.13022	0.00101	5.24047	0.08131	0.03338	0.36651	0.06679	0.00785	0.0181	0.0	0.09042	0.01888	0.00246	0.0	0.38516	1.65239	0.0	0.00981	0.0	0.0976	0.02668	0.18121	0.00556	0.17228	0.0	0.00237	0.0	0.28058	0.01359	0.0246	0.30181	0.08293	0.02317	0.0	0.03739	0.00208	0.0	0.09047	0.0	0.0	0.02404	0.20847	0.22183	0.0	0.0	0.0731	0.0	0.00372	0.01403	0.00218	0.01134	0.10993	0.0	0.00259	0.05049	0.09429	0.00944	0.01164	0.01878	0.08022	0.02047
k__Bacteria.p__Firmicutes.c__Erysipelotrichia.o__Erysipelotrichales.f__Erysipelotrichaceae.g__Absiella	0.0	0.0	0.0	0.0	0.0	0.0	0.0	0.0	0.0	0.0	0.0	0.0	0.0	0.0	0.0	0.0	0.0	0.0	0.0	0.0	0.0	0.0	0.0	0.0	0.0	0.0	0.0	0.0	0.0	0.0	0.0	0.0	0.0	0.0	0.0	0.0	0.03614	0.0	0.0	0.0	0.0	0.0	0.0	0.0	0.0	0.0	0.0	0.0	0.0	0.0	0.0	0.0	0.0	0.0	0.0	0.0	0.0	0.0	0.0	0.0	0.0	0.0	0.0	0.0	0.0
k__Bacteria.p__Firmicutes.c__Erysipelotrichia.o__Erysipelotrichales.f__Erysipelotrichaceae.g__Candidatus_Stoquefichus	0.0	0.0	0.0	0.0	0.0	0.0	0.0737	0.0	0.0	0.0	0.0	0.0	0.0	0.0	0.0	0.0	0.0	0.0	0.0	0.0	0.0	0.0	0.0	0.0	0.0	0.0	0.0	0.0	0.0	0.0	0.0	0.0	0.0	0.0	0.0	0.0	0.0	0.0	0.0	0.0	0.0	0.0	0.0	0.0	0.0	0.0	0.0	0.0	0.0	0.0	0.0	0.0	0.0	0.0	0.0	0.0	0.0	0.0	0.0	0.00564	0.0	0.0	0.0	0.0	0.0
k__Bacteria.p__Firmicutes.c__Erysipelotrichia.o__Erysipelotrichales.f__Erysipelotrichaceae.g__Catenibacterium	0.0	0.0	0.0	0.0	0.0	0.0	0.0	0.0	0.0	0.0	0.0	0.0	0.0	0.00092	0.0	0.0	0.0	0.0	0.0	0.0	0.0	0.0	0.0	0.0	0.0	0.0	0.0	0.0	0.0	0.0	0.0	0.0	0.0	0.0	0.0	0.0	0.0	0.0	0.0	0.0	0.0	0.0	0.0	0.0	0.0	0.0	0.0	0.0	0.0	0.0	0.0	0.0	0.0	0.0	0.0	0.0	0.0	0.0	0.0	0.0	0.0	0.0	0.0	0.0	0.0
k__Bacteria.p__Firmicutes.c__Erysipelotrichia.o__Erysipelotrichales.f__Erysipelotrichaceae.g__Coprobacillus	0.0	0.0	0.0	0.0	0.0	0.0	0.02799	0.0	0.0	0.0	0.0	0.0	0.0	0.0	0.0	0.0	0.0	0.0	0.0	0.0	0.0	0.0	0.0	0.0	0.0	0.0	0.0	0.0	0.0	0.0	0.0	0.0	0.0	0.0	0.00076	0.0	0.0	0.0	0.0	0.0	0.0	0.0	0.0	0.0	0.0	0.0	0.0	0.0	0.0	0.0	0.0	0.0	0.0	0.0	0.0	0.0	0.0	0.0	0.0	0.0	0.0	0.0	0.0	0.0	0.0
k__Bacteria.p__Firmicutes.c__Erysipelotrichia.o__Erysipelotrichales.f__Erysipelotrichaceae.g__Dielma	0.0	0.01004	0.0	0.0	0.0	0.0	0.07426	0.0	0.0	0.0	0.01024	0.0	0.0	0.0	0.0	0.0	0.0	0.0	0.00625	0.0	0.0	0.0	0.0	0.0	0.0	0.00266	0.0	0.0	0.0	0.0	0.0	0.0	0.0	0.0	0.00247	0.0	0.0	0.0	0.0	0.0	0.0	0.0	0.0	0.0	0.0	0.03256	0.0	0.0	0.0	0.0	0.0	0.0	0.0	0.0	0.0	0.0	0.0	0.0	0.0	0.00687	0.0	0.0	0.0	0.0	0.0
k__Bacteria.p__Firmicutes.c__Erysipelotrichia.o__Erysipelotrichales.f__Erysipelotrichaceae.g__Erysipelatoclostridium	0.0	0.0	0.0	0.0	0.0	0.0	0.02295	0.0	0.0	0.0	0.03621	0.0	0.0	0.0	0.00167	0.0	0.0	0.0	0.0	0.00369	0.0	0.0	0.0	0.0	0.0	0.0	0.0	0.0	0.0	0.0	0.0	0.0	0.0	0.0	0.0	0.0	0.0	0.0	0.0	0.0	0.0	0.02567	0.0	0.0	0.0	0.0	0.0	0.0	0.0	0.01788	0.0	0.0	0.0	0.00044	0.0	0.0015	0.0	0.0	0.0	0.0	0.0	0.0	0.0	0.0	0.0
k__Bacteria.p__Firmicutes.c__Erysipelotrichia.o__Erysipelotrichales.f__Erysipelotrichaceae.g__Faecalitalea	0.0	0.0	0.0	0.0	0.0	0.0	0.0	0.0	0.0	0.0	0.0	0.0	0.0	0.0	0.00763	0.0	0.0	0.0	0.0	0.0	0.0	0.0	0.0	0.0	0.0	0.0	0.0	0.0	0.0	0.0	0.0	0.0	0.0	0.0	0.0	0.0	0.0	0.0	0.0	0.0	0.0	0.0	0.0	0.0	0.0	0.0	0.0	0.0	0.0	0.0	0.0	0.0	0.0	0.0	0.0	0.0	0.0	0.0	0.0	0.0	0.0	0.0	0.0	0.0	0.0
k__Bacteria.p__Firmicutes.c__Erysipelotrichia.o__Erysipelotrichales.f__Erysipelotrichaceae.g__Holdemanella	0.0	0.0	0.0	0.0	0.01661	0.0	0.0	0.0	0.0	0.0	0.0	0.0	0.0	0.0	0.0	0.0	0.03565	0.0	0.0	0.0	0.0	0.04977	0.0	0.0	0.0	0.0	0.0	0.0	0.0	0.0	0.0	0.0658	0.0	0.0	0.0	0.0	0.0	0.0	0.0	0.0	0.0	0.0	0.0	0.0	0.0	0.0	0.0	0.0	0.0	0.0	0.0	0.0	0.09803	0.0	0.0	0.0	0.0	0.0	0.0	0.0	0.0	0.00033	0.0	0.0	0.0
k__Bacteria.p__Firmicutes.c__Erysipelotrichia.o__Erysipelotrichales.f__Erysipelotrichaceae.g__Holdemania	0.0	0.0	0.0	0.0	0.0	0.00344	0.0	0.0	0.0	0.00316	0.0323	0.00225	0.00469	0.0	0.0	0.0	0.00252	0.0	0.0	0.00747	0.0	0.0	0.0	0.0052	0.0	0.00228	0.00826	0.0	0.0	0.0	0.0	0.0	0.00672	0.0	0.0026	0.0069	0.0	0.0	0.0	0.0	0.0	0.05049	0.0	0.0	0.0	0.0	0.0	0.0	0.0	0.0	0.0	0.0	0.0	0.0	0.0	0.0068	0.0	0.0	0.0	0.0	0.0	0.0	0.0	0.0	0.0
k__Bacteria.p__Firmicutes.c__Erysipelotrichia.o__Erysipelotrichales.f__Erysipelotrichaceae.g__Turicibacter	0.0	0.0	0.0	0.0	0.0	0.0	0.0	0.0	0.0	0.0	0.0	0.0	0.0	0.0	0.00957	0.0	0.0	0.0	0.0	0.0	0.02396	0.0	0.0	0.0	0.0	0.0	0.0	0.0	0.0	0.0	0.0	0.0	0.0	0.0	0.0	0.0	0.0	0.0	0.0	0.0	0.0	0.0	0.0	0.0	0.0	0.0	0.0	0.0	0.0	0.0	0.0	0.0	0.0	0.0	0.0	0.0	0.00042	0.0	0.0	0.0	0.0	0.0	0.0	0.00864	0.0
k__Bacteria.p__Firmicutes.c__Firmicutes_unclassified.o__Firmicutes_unclassified.f__Firmicutes_unclassified.g__Firmicutes_unclassified	0.949	0.0	0.22995	0.29213	0.75611	0.25526	0.1073	0.0	0.00964	16.27425	2.27214	0.06221	0.07594	0.00787	0.03144	0.25752	1.49278	0.7077	0.1028	0.62904	0.0	0.82495	0.19714	0.13871	0.84284	0.02211	0.0	0.52528	0.11602	0.14586	0.00914	0.0	0.14856	0.05827	0.0	0.0	0.0	0.0	0.05057	0.24554	0.0	0.0	0.01401	0.0032	0.12926	0.08409	0.0	0.0	0.09823	0.01189	0.0	0.03084	0.85052	0.86737	0.24675	0.0	0.0	0.00382	1.29353	0.01205	0.11597	13.62232	0.0104	0.0	0.0
k__Bacteria.p__Firmicutes.c__Negativicutes.o__Acidaminococcales.f__Acidaminococcaceae.g__Acidaminococcus	0.0	0.0	0.0	0.0	0.0	0.0	0.0	0.0	0.0	0.0	0.0	0.0	0.0	0.0	0.0	0.0	0.0	0.0	0.0	0.0	0.0	0.0	0.0	0.0	0.0	0.34683	0.0	0.0	0.0	0.0	0.0	0.0	0.0	0.0	0.0	0.0	0.0	0.0	0.0	0.0	0.0	0.0	0.0	0.0	0.0	0.0	0.0	0.0	0.0	0.0	0.0	0.0	0.0	0.0	0.0	0.0	0.0	0.0	0.0	0.0	0.0	0.0	0.0	0.0	0.0
k__Bacteria.p__Firmicutes.c__Negativicutes.o__Acidaminococcales.f__Acidaminococcaceae.g__Phascolarctobacterium	5.38796	0.0	0.3368	0.33762	3.75502	0.2153	0.40048	12.34353	0.03418	1.26787	0.08808	0.3453	0.28263	0.06637	0.31682	0.32931	2.48102	0.22241	0.22637	0.06274	0.17351	0.00992	0.25522	0.05738	1.74487	0.07278	0.36833	0.30074	0.2567	0.00857	0.00931	0.52956	0.7995	0.5637	0.10597	0.53576	0.0	0.3851	0.0	0.0	0.0	0.0	0.03039	2.82619	0.72976	0.35746	1.329	0.0	2.80574	0.00095	1.14142	0.03025	0.14758	0.98015	0.08013	2.4462	0.10515	0.07355	0.0564	0.03145	0.05832	2.61086	0.0	0.56441	0.16208
k__Bacteria.p__Firmicutes.c__Negativicutes.o__Selenomonadales.f__Selenomonadaceae.g__Megamonas	0.20537	0.11555	0.0	0.00977	0.0	0.0	0.03679	0.0	3.02346	0.01906	0.0	0.0	0.3538	0.14887	0.00082	0.0	0.13444	0.0345	0.0	0.0	0.0	0.02809	0.00344	0.0	0.0	0.00328	0.17021	1.40788	0.21823	0.01121	0.0	0.28114	0.0	0.00484	0.0	0.0	0.0	0.0	1.52854	0.0	0.0	0.01415	0.00182	0.0	0.0	0.0	0.0	0	0.05455	0.0	0.00672	0.01079	0.0	0.00051	0.0	0.0	0.39624	0.0	0.0	0.0	0.0	0.0	0.03139	0.0043	0.09003
k__Bacteria.p__Firmicutes.c__Negativicutes.o__Selenomonadales.f__Selenomonadaceae.g__Mitsuokella	5.35257	0.0	0.0	0.0	2.92248	0.0	0.0	0.0	0.0	0.0	0.0	0.0	0.0	0.0	0.0	0.0	0.00085	0.0	0.0	0.0	0.0	0.0	0.0	0.0	0.0	0.0	0.0	0.0	0.0	0.0	0.0	0.0	0.0	0.04381	0.0	0.0	0.0	0.0	0.0	0.0	0.0	0.0	0.0	0.64527	0.0	0.0	0.0	0	0.0	0.34968	0.0	0.0	0.0	0.01146	4.05296	0.0	0.0	0.0	0.0	0.0	0.0	0.0279	0.0	0.0	0.0
k__Bacteria.p__Firmicutes.c__Negativicutes.o__Veillonellales.f__Veillonellaceae.g__Allisonella	0.0	0.0	0.0	0.0	0.0	0.02001	0.0	0.0	0.0	0.0	0.0	0.0	0.0	0.0	0.0	0.0	0.0	0.0	0.0	0.0	0.0	0.0	0.0	0.0	0.0	0.0	0.0	0.0	0.0	0.0	0.0	0.0	0.0	0.0	0.0	0.0	0.0	0.0	0.0	0.0	0.0	0.0	0.0	0.0	0.0	0.0	0.0	0	0.0	0.0	0.0	0.0	0.0	0.0	0.0	0.0	0.0	0.0	0.0	0.0	0.0	0.0	0.0	0.0	0.0
k__Bacteria.p__Firmicutes.c__Negativicutes.o__Veillonellales.f__Veillonellaceae.g__Dialister	0.0	0.0	0.0	0.0	0.0	0.0	0.0	0.0	0.0	0.0	1.88587	0.0	0.23103	0.0	0.0	0.0	0.0	0.0	0.0	0.0	0.0	0.4016	0.0	0.0	0.0	0.23929	0.0	0.00087	0.0	0.0317	0.0	0.0	0.0	0.0	0.0	0.0	0.05448	0.0	0.0	0.04781	0.19408	0.17597	1.08796	0.0	0.0	0.01133	0.00241	0	0.0	0.95311	0.00409	0.70596	0.0	0.00532	0.28083	0.0	0.0	0.0	0.00159	0.0	0.0	0.0	0.00191	16.58714	0.0
k__Bacteria.p__Firmicutes.c__Negativicutes.o__Veillonellales.f__Veillonellaceae.g__Megasphaera	0.08221	0.0	0.0	0.0	0.0	0.0	0.0	0.0	0.0	0.0	0.0	0.0	0.0	0.0	0.0	0.0	0.0	0.0	0.0	0.02904	0.0	0.0	0.00675	0.0	0.0	0.0	0.0	0.0	0.0	0.0	0.0	0.02921	0.0	0.0	0.0	0.01072	0.0	0.0	0.0	0.0	0.0	0.0	4.13474	0.07771	0.0	0.0	0.0	0	0.0	0.01576	0.0	0.0	0.0	0.00098	0.02988	0.01178	0.0	0.01583	0.0	0.0	0.24566	0.23339	0.0	0.0	0.0
k__Bacteria.p__Firmicutes.c__Negativicutes.o__Veillonellales.f__Veillonellaceae.g__Veillonella	0.01596	0.0	0.0	0.00745	0.0	0.0	0.0	0.0	0.0	0.0	0.02853	0.00603	0.0	0.00532	0.00214	0.0	0.0	0.0	0.07139	0.0	0.0	0.0	0.0	0.0	0.0	0.0	0.0	0.07946	0.01345	0.0	0.0	0.08129	0.0	0.0	0.0	0.0	0.0	0.0	0.0	0.0	0.0	0.0	0.00298	0.0	0.0	0.00387	0.04732	0	0.0	0.09583	0.04594	0.0	0.0	0.02268	0.0	0.0	0.0	0.31609	0.0	0.0	0.0	0.0	0.0	0.0	0.0
k__Bacteria.p__Fusobacteria.c__Fusobacteriia.o__Fusobacteriales.f__Fusobacteriaceae.g__Fusobacterium	0.0	0.0	0.0	0.02222	0.0	0.0	0.0	0.0	0.0	0.0	0.0	0.0	0.0	0.0	0.0	0.0	0.0	0.0	0.0	0.0	0.0	0.0	0.0	0.0	0.04874	0.0	0.0	0.0	0.0	0.01813	0.0	5.13255	0.0	0.0	0.00489	0.0	0.0	0.0	0.0	0.0	0.0	0.0	0.01008	0.0	0.0	0.0	0.0	0	0.0	0.0	0.05422	0.0	0.0	0.0	0.0	0.0	0.36149	0.02976	0.0	6.96583	0.0	0.0	0.0	0.02719	0.91903
k__Bacteria.p__Lentisphaerae.c__Lentisphaeria.o__Victivallales.f__Victivallaceae.g__Victivallis	0.13226	0.0	0.0	0.0	0.0	0.0	0.0	0.0	0.0	0.52388	0.0	0.0	0.0	0.0	0.03235	0.00422	0.13295	0.05703	0.0	0.0	0.0	0.09804	0.0	0.0	0.02885	0.0	0.0	0.0	0.0	0.0	0.0	0.0	0.17517	0.01716	0.0	0.0	0.0	0.0	0.0	0.0	0.0	0.0	0.0	0.0	0.00146	0.0	0.0	0.0	0.0	0.02481	0.0	0.0	0.0	0.0	0.01371	0.0	0.0	0.05229	0.79374	0.0	0.00291	0.0	0.0	0.0	0.0
k__Bacteria.p__Proteobacteria.c__Betaproteobacteria.o__Burkholderiales.f__Alcaligenaceae.g__Alcaligenes	0.0	0.0	0.0	0.0	0.0	0.0	0.0	0.0	0.0	0.0	0.0	0.0	0.0	0.0	0.0	0.0	0.0	0.0	0.0	0.0	0.0	0.0	0.0	0.0	0.0	0.0	0.0	0.0	0.00023	0.0	0.0	0.0	0.0	0.0	0.0	0.0	0.0	0.0	0.0	0.0	0.0	0.0	0.0	0.0	0.0	0.0	0.0	0.0	0.0	0.0	0.0	0.0	0.0	0.0	0.0	0.0	0.0	0.0	0.0	0.0	0.0	0.0	0.0	0.0	0.0
k__Bacteria.p__Proteobacteria.c__Betaproteobacteria.o__Burkholderiales.f__Burkholderiaceae.g__Lautropia	0.08834	0.0	0.00086	0.0	0.0	0.0	0.11595	0.0	0.0	0.01393	0.0	0.0	0.0	0.0	0.0	0.0	0.0	0.0	0.0	0.0	0.0	0.0	0.0	0.0	0.0	0.0	0.0	0.0	0.00313	0.0	0.00714	0.0	0.0	0.0	0.0	0.0	0.0	0.0	0.0	0.0	0.0	0.0	0.0	0.0	0.0	0.0	0.0	0.0	0.0	0.0	0.01722	0.0	0.00078	0.0	0.0	0.0	0.0	0.0	0.0	0.0	0.0	0.0	0.0	0.0	0.0
k__Bacteria.p__Proteobacteria.c__Betaproteobacteria.o__Burkholderiales.f__Burkholderiaceae.g__Paraburkholderia	0.0	0.0	0.0	0.1482	0.0	0.0	0.0	0.0	0.0	0.0	0.0	0.0	0.0	0.0	0.0	0.0	0.0	0.0	0.0	0.0	0.0	0.0	0.0	0.0	0.0	0.0	0.0	0.0	0.0	0.0	0.0	0.0	0.0	0.0	0.0	0.0	0.0	0.0	0.0	0.0	0.0	0.0	0.0	0.0	0.0	0.0	0.0	0.0	0.0	0.0	0.0	0.0	0.0	0.0	0.0	0.0	0.0	0.0	0.0	0.0	0.0	0.0	0.0	0.0	0.0
k__Bacteria.p__Proteobacteria.c__Betaproteobacteria.o__Burkholderiales.f__Comamonadaceae.g__Comamonas	0.0	0.0	0.0	0.0	0.0	0.0	0.0	0.0	0.0	0.0	0.0	0.0	0.0	0.0	0.0	0.0	0.0	0.00226	0.0	0.0	0.0	0.0	0.0	0.0	0.0	0.00483	0.0	0.0	0.0	0.0	0.0	0.0	0.0	0.0	0.0	0.0	0.0	0.0	0.0	0.0	0.0	0.0	0.0	0.0	0.01341	0.0	0.0	0.0	0.0	0.0	0.0	0.0	0.13286	0.0	0.02065	0.0	0.0	0.0	0.01768	0.40433	0.0	0.029	0.0	0.0	0.0
k__Bacteria.p__Proteobacteria.c__Betaproteobacteria.o__Burkholderiales.f__Oxalobacteraceae.g__Oxalobacter	0.0	0.0	0.0	0.0	0.0	0.0	0.70866	0.0	0.0	0.0	0.0	0.0	0.0	0.0	0.0	0.00421	0.0	0.0	0.0	0.0	0.0	0.0	0.0	0.0	0.0	0.00034	0.0	0.0	0.0	0.0	0.0	0.00033	0.24286	0.0	0.0	0.0	0.0	0.0	0.00044	0.0	0.0	0.03025	0.0	0.0	0.09773	0.0	0.0	0.0	0.0	0.0	0.0	0.0	0.0	0.0	0.00127	0.0	0.0	0.0	0.17772	0.01231	0.0	0.0	0.0	0.0	0.0
k__Bacteria.p__Proteobacteria.c__Betaproteobacteria.o__Burkholderiales.f__Sutterellaceae.g__Parasutterella	0.44055	0.0	0.02055	0.0	0.80649	0.17723	0.0	2.47389	0.02628	0.55498	0.04866	0.0	0.04546	0.05818	0.21874	3.90895	5.42627	0.01953	2.66663	0.06708	0.0	0.03024	0.0	0.54302	0.83005	1.86464	0.93144	0.48891	0.0153	0.02415	0.02922	0.00218	0.07954	0.40705	1.25965	0.0746	0.0	0.21286	0.1715	0.42416	0.11041	1.63829	0.27846	0.0	0.12935	2.95042	0.23524	0.0	0.5618	0.02195	0.00291	0.0692	0.66221	0.00114	0.10186	0.23492	0.11425	0.0	0.28596	3.24469	0.05114	0.0	0.01134	0.814	0.17087
k__Bacteria.p__Proteobacteria.c__Betaproteobacteria.o__Burkholderiales.f__Sutterellaceae.g__Sutterella	0.0	0.0	0.0	0.0	0.0	0.0	0.0	0.0	0.0	0.0	0.02795	0.04039	0.0	0.0	0.0	0.0	0.0	1.06851	0.0	0.0	0.0	0.06295	0.02707	0.0	0.00519	0.0	0.0	0.0	0.0	0.0358	0.0	0.05412	0.03289	0.00054	0.0	0.0	0.0	0.0	0.0	0.0	0.0	0.0	0.0	0.0	0.0	0.0	0.0	0.0	0.0	0.0	0.00491	0.0	0.0	0.0	0.0	0.0	0.0	0.01158	0.0	0.0	0.0	0.0	0.0	0.0	0.0
k__Bacteria.p__Proteobacteria.c__Betaproteobacteria.o__Burkholderiales.f__Sutterellaceae.g__Turicimonas	0.02005	0.0	0.0	0.0	0.04195	0.06745	0.0	0.03334	0.0	0.03588	0.0	0.0	0.0	0.00165	0.0641	0.12564	0.23619	0.0	0.09469	0.00158	0.0	0.0	0.0	0.0217	0.00635	0.21354	0.16446	0.0	0.0	0.0	0.00088	0.0	0.0	0.06681	0.00093	0.01714	0.0	0.00184	0.07868	0.01677	0.00381	0.07595	0.01353	0.0	0.0	0.00514	0.14368	0.0	0.0609	0.0	0.0	0.00835	0.01414	0.0	0.0	0.03242	0.05903	0.0	0.04266	0.00841	0.00968	0.0	0.0	0.00702	0.0
k__Bacteria.p__Proteobacteria.c__Betaproteobacteria.o__Neisseriales.f__Neisseriaceae.g__Neisseria	0.0	0.0	0.0	0.03873	0.0	0.0	0.0	0.0	0.0	0.0	0.0	0.07157	0.0	0.0	0.0	0.0	0.0	0.0	0.0	0.0	0.01457	0.0	0.0	0.0	0.0	0.0	0.0	0.0	0.0	0.0	0.0	0.0	0.0	0.0	0.0	0.0	0.0	0.0	0.0	0.0	0.0	0.0	0.0	0.0	0.0	0.0	0.0	0.0	0.0	0.0	0.0	0.0	0.0	0.0	0.0	0.0	0.00481	0.0	0.0	0.0	0.0	0.0	0.0	0.0	0.0
k__Bacteria.p__Proteobacteria.c__Deltaproteobacteria.o__Desulfovibrionales.f__Desulfovibrionaceae.g__Bilophila	0.03745	0.44852	0.07256	0.06558	0.06664	0.30396	0.22106	0.03092	0.03488	0.11419	0.39107	0.25393	0.16539	0.03703	0.01164	2.31831	0.02448	0.13499	0.39139	0.13768	0.0	0.0	0.00165	0.10966	0.05546	0.54	0.08538	0.13852	0.08813	0.03443	0.00347	0.33654	0.09723	0.00067	0.05187	0.12563	0.0	0.0	0.32883	0.12159	0.0	0.04194	0.0	0.02562	0.27983	0.20807	0.14165	0.0	0.13555	0.05373	0.0	0.32412	0.06814	0.00832	0.34126	0.0	0.00249	0.0304	0.01431	0.17856	0.07094	0.0	0.0	0.08112	0.05823
k__Bacteria.p__Proteobacteria.c__Deltaproteobacteria.o__Desulfovibrionales.f__Desulfovibrionaceae.g__Desulfovibrio	0.0	0.0	0.0	0.0	0.0	0.0	1.11862	2.13001	0.0	0.0	0.0	0.0	0.0	0.02373	0.0	0.0	0.64594	0.0	0.55695	0.0	0.0	0.0	0.0	0.91002	1.47994	0.0	0.0	0.0	0.0	0.0	0.02344	0.0	0.0	0.0	0.0	0.0	0.0	0.0	0.0	0.0	0.0	0.50832	0.0	0.01331	3.06747	0.0	0.0	0.0	0.0	0.0	0.0117	0.49577	0.0	0.0	0.0	0.0	0.0	0.14683	3.57537	0.0	0.15245	0.25898	0.0	0.0	0.0
k__Bacteria.p__Proteobacteria.c__Deltaproteobacteria.o__Desulfovibrionales.f__Desulfovibrionaceae.g__Desulfovibrionaceae_unclassified	0.0	0.0	0.0	0.0	0.12279	0.0	0.0	0.0	0.0	0.0	0.0	0.0	0.0	0.0	0.0	0.0	0.0	0.0	0.0	0.0	0.0	0.10057	0.0	0.0	0.28953	0.0	0.0	0.0	0.0	0.0	0.0	0.0	0.0	0.0	0.0	0.0	0.0	0.0	0.0	0.0	0.0	0.0	0.0	0.0	0.0	0.0	0.0	0.0	1.19889	0.0	0.0	0.0	0.0	0.0	0.0	0.0	0.0	0.0	0.0	0.0	0.0	0.20862	0.0	0.0	0.0
k__Bacteria.p__Proteobacteria.c__Epsilonproteobacteria.o__Campylobacterales.f__Campylobacteraceae.g__Campylobacter	0.0	0.0	0.0	0.0	0.0	0.0	0.0	0.0	0.0	0.0	0.0	0.0	0.0	0.0	0.0	0.0	0.0	0.0	0.0	0.0	0.0	0.0	0.0	0.0	0.0	0.0	0.0	0.0	0.0	0.0	0.0	0.0	0.0	0.0	0.0	0.0	0.0	0.0	0.0	0.0	0.0	0.0	0.0	0.0	0.0	0.0	0.0	0.0	0.0	0.0	0.01256	0.0	0.0	0.0	0.0	0.0	0.00221	0.0	0.0	0.0	0.0	0.0	0.0	0.0	0.0
k__Bacteria.p__Proteobacteria.c__Epsilonproteobacteria.o__Campylobacterales.f__Helicobacteraceae.g__Helicobacter	0.0	0.0	0.0	0.0	0.0	0.0	0.0	0.0	0.0	0.0	0.0	0.0	0.0	0.0	0.0	0.0	0.0	0.0	0.0	0.0	0.0	0.0	0.0	0.0	0.0	0.0	0.0	0.0	0.0	0.0	0.0	0.0	0.0	0.0	0.0	0.0	0.0	0.0	0.0	0.0	0.05049	0.0	0.0	0.0	0.0	0.0	0.0	0.0	0.0	0.0	0.0	0.0	0.0	0.0	0.0	0.0	0.0	0.0	0.0	0.0	0.0	0.0	0.0	0.0	0.0
k__Bacteria.p__Proteobacteria.c__Gammaproteobacteria.o__Aeromonadales.f__Aeromonadaceae.g__Aeromonas	0.0	0.0	0.0	0.0	0.0	0.0	0.0	0.0	0.0	0.0	0.0	0.0	0.0	0.0	0.0	0.0	0.0	0.0	0.0	0.0	0.0	0.0	0.0	0.0	0.0	0.0	0.0	0.0	0.01839	0.0	0.0	0.0	0.0	0.0	0.0	0.0	0.0	0.07049	0.0	0.0	0.0	0.0	0.0	0.0	0.0	0.0	0.0	0.0	0.0	0.0	0.0	0.0	0.0	0.0	0.0	0.0	0.0	0.0	0.0	0.0	0.0	0.0	0.0	0.0	0.0
k__Bacteria.p__Proteobacteria.c__Gammaproteobacteria.o__Aeromonadales.f__Succinivibrionaceae.g__Succinatimonas	0.0	0.0	0.0	0.0	0.0	0.0	0.0	0.0	0.0	0.0	0.0	0.0	0.0	0.0	0.0	0.0	0.0	0.0	0.0	0.0	0.0	0.0	0.0	0.0	0.0	0.0	0.1038	0.0	0.0	0.0	0.0	0.0	0	0.0	0.01175	0	0.0	0.0	0.0	0.0	0.0	0.0	0.0	0.0	0.0	0.0	0.0	0.0	0.0	0.0	0.0	0.0	0.0	0.0	0.0	0.0	0.0	0.0	0.0	0.0	0.0	0.0	0.0	0.0	0.0
k__Bacteria.p__Proteobacteria.c__Gammaproteobacteria.o__Cardiobacteriales.f__Cardiobacteriaceae.g__Cardiobacterium	0.00751	0.0	0.0	0.0	0.0	0.0	0.0	0.0	0.0	0.0	0.0	0.0	0.0	0.0	0.0	0.0	0.0	0.0	0.0	0.0	0.0	0.0	0.0	0.0	0.0	0.0	0.0	0.0	0.0	0.0	0.0	0.0	0	0.0	0.0	0	0.0	0.0	0.0	0.0	0.0	0.0	0.0	0.0	0.0	0.0	0.0	0.0	0.0	0.0	0.0	0.0	0.0	0.0	0.0	0.0	0.0	0.0	0.0	0.0	0.0	0.0	0.0	0.0	0.0
k__Bacteria.p__Proteobacteria.c__Gammaproteobacteria.o__Enterobacterales.f__Enterobacteriaceae.g__Citrobacter	0.0	0.0	0.0	0.0	0.0	0.0	0.0	0.0	0.04824	0.0	0.0	0.0	0.0	0.0	0.0	0.0	0.0	0.0	0.0	0.0	0.0	0.0	0.0	0.0	0.0	0.0	0.0	0.0	0.0	0.00442	0.0	0.0	0	0.0	0.0	0	0.00773	0.07375	0.0	0.0	0.0	0.0	0.0	0.0	0.0	0.0	0.0	0.0	0.0	0.0	0.0	0.0	0.0	0.0	0.0	0.03403	0.39377	0.0	0.0	0.0	0.0	0.0	0.0	0.0	0.0
k__Bacteria.p__Proteobacteria.c__Gammaproteobacteria.o__Enterobacterales.f__Enterobacteriaceae.g__Enterobacter	0.30629	0.0	0.0	0.0	0.0	0.0	0.0	0.0	0.37708	0.0	0.02106	0.0	0.0	0.0	0.0	0.0	0.0	0.0	0.0	0.0	0.0	0.0	0.0	0.0	0.0	0.0	0.0	0.0	0.0	0.0	0.0	0.0	0	0.0	0.0	0	0.0	0.15643	0.0	0.0	0.0	0.0	0.0	0.0	0.0	0.0	0.0	0.0	0.0	0.039	0.00141	0.0	0.00671	0.0	0.0	0.0	0.0355	0.0	0.0	0.0	0.0	0.0	0.0	0.0	0.0
k__Bacteria.p__Proteobacteria.c__Gammaproteobacteria.o__Enterobacterales.f__Enterobacteriaceae.g__Escherichia	1.99571	0.89218	0.10129	0.20142	0.13362	6.14928	1.34616	0.10312	29.4945	0.8227	0.03629	0.23588	0.12642	1.6425	0.79874	0.31835	0.0404	0.01971	0.76623	0.10885	0.30664	1.39252	0.01585	2.62716	0.57407	1.2941	0.04198	0.17934	0.59066	1.39043	0.00397	0.26296	0	0.59615	0.50638	0	1.24856	1.87397	0.07907	1.4572	0.08352	0.74866	39.77321	0.1246	0.10778	0.08059	0.14028	3.09874	0.03737	12.33799	0.03517	0.18709	2.3329	0.64728	0.69373	0.16811	1.59039	0.24983	0.11798	0.20119	3.87082	49.10221	0.14092	0.11316	0.06861
k__Bacteria.p__Proteobacteria.c__Gammaproteobacteria.o__Enterobacterales.f__Enterobacteriaceae.g__Klebsiella	4.6611	2.90716	0.29601	0.09574	0.0	0.0	0.07873	0.16055	18.57878	1.16297	0.0	0.01851	0.0379	0.10973	0.0	0.0	0.01168	0.0	0.06544	0.00786	0.491	0.0	0.0	0.0	0.42796	0.0	0.0	0.0	0.02855	3.0486	0.1364	0.03828	0	0.0021	0.08951	0	0.10419	0.26769	0.0	0.09922	0.0	0.0	22.83091	0.25228	0.0	0.02493	0.04577	0.01251	0.0	0.0	0.0052	0.01557	0.27863	0.1085	1.06865	0.13484	0.33071	13.28285	0.20912	0.00757	0.03913	0.00621	0.49221	0.0	0.06484
k__Bacteria.p__Proteobacteria.c__Gammaproteobacteria.o__Enterobacterales.f__Enterobacteriaceae.g__Kluyvera	0.00933	0.0	0.0	0.0	0.0	0.0	0.0	0.0	0.01724	0.0	0.0	0.0	0.0	0.0	0.0	0.0	0.0	0.0	0.0	0.0	0.0	0.0	0.0	0.0	0.0	0.0	0.0	0.0	0.00227	0.0	0.0	0.0	0	0.0	0.0	0	0.0	0.02153	0.0	0.0	0.0	0.0	0.0	0.0	0.0	0.0	0.0	0.0	0.0	0.0	0.0	0.0	0.0	0.0	0.0	0.0	0.09204	0.0	0.0	0.0	0.0	0.0	0.0	0.0	0.0
k__Bacteria.p__Proteobacteria.c__Gammaproteobacteria.o__Enterobacterales.f__Enterobacteriaceae.g__Kosakonia	0.0	0.0	0.0	0.0	0.0	0.0	0.0	0.0	0.00857	0.0	0.0	0.0	0.0	0.0	0.0	0.0	0.0	0.0	0.0	0.0	0.0	0.0	0.0	0.0	0.0	0.0	0.0	0.0	0.0	0.0	0.0	0.0	0	0.0	0.0	0	0.0	0.0	0.0	0.0	0.0	0.0	0.0	0.0	0.0	0.0	0.0	0.0	0.0	0.0	0.0	0.0	0.0	0.0	0.0	0.0	0.02478	0.0	0.0	0.0	0.0	0.0	0.0	0.0	0.0
k__Bacteria.p__Proteobacteria.c__Gammaproteobacteria.o__Enterobacterales.f__Enterobacteriaceae.g__Raoultella	0.0	0.0	0.0	0.0	0.0	0.0	0.0	0.0	0.0	0.0	0.0	0.0	0.0	0.0	0.0	0.0	0.0	0.0	0.0	0.0	0.0	0.0	0.0	0.0	0.0	0.0	0.0	0.0	0.0	0.0	0.0	0.0	0	0.0	0.0	0	0.0	0.0	0.0	0.0	0.0	0.0	0.0	0.0	0.0	0.0	0.0	0.0	0.0	0.0	0.0	0.0	0.0	0.0	0.0	0.0	0.01889	0.0	0.0	0.0	0.00822	0.00486	0.0	0.0	0.0
k__Bacteria.p__Proteobacteria.c__Gammaproteobacteria.o__Enterobacterales.f__Hafniaceae.g__Hafnia	0.0	0.0	0.0	0.0	0.0	0.0	0.0	0.0	0.0	0.0	0.0	0.0	0.0	0.0	0.0	0.0	0.0	0.0	0.0	0.0	0.0	0.0	0.0	0.0	0.0	0.0	0.0	0.0	0.0	0.0	0.0	0.0	0	0.0	0.0	0	0.00132	0.0	0.0	0.0	0.0	0.0	0.0	0.0	0.0	0.0	0.0	0.012	0.0	0.0	0.0	0.0	0.0	0.0	0.0	0.0	0.0	0.0	0.0	0.0	0.0	0.0	0.0	0.0	0.0
k__Bacteria.p__Proteobacteria.c__Gammaproteobacteria.o__Enterobacterales.f__Yersiniaceae.g__Rahnella	0.0	0	0	0.0	0.0	0.0	0.0	0.0	0.0	0.0	0.0	0.0	0.0	0.0	0.0	0.0	0.0	0.0	0.0	0.0	0.0	0.0	0.0	0.0	0.0	0.0	0.0	0.0	0.0	0.0151	0.0	0.0	0.0	0.0	0.0	0.0	0	0.0	0.0	0.0	0.0	0.0	0.0	0	0.0	0.0	0.0	0	0.0	0.0	0.0	0.0	0.0	0.0	0.0	0.0	0.0	0.0	0.0	0.0	0.0	0.0	0.0	0.0	0.0
k__Bacteria.p__Proteobacteria.c__Gammaproteobacteria.o__Pasteurellales.f__Pasteurellaceae.g__Aggregatibacter	0.0	0	0	0.0	0.0	0.0	0.0	0.0	0.0	0.0	0.0	0.03353	0.0	0.0	0.0	0.0	0.0	0.0	0.0	0.0	0.0	0.0	0.0	0.0	0.0	0.0	0.0	0.0	0.0	0.0	0.0	0.00347	0.0	0.0	0.0	0.0	0	0.0	0.0	0.0	0.0	0.0	0.0	0	0.0	0.0	0.0	0	0.0	0.0	0.00569	0.0	0.0	0.0	0.0	0.0	0.0	0.0	0.0	0.0	0.0	0.0	0.0	0.0	0.0
k__Bacteria.p__Proteobacteria.c__Gammaproteobacteria.o__Pasteurellales.f__Pasteurellaceae.g__Haemophilus	0.00898	0	0	0.05785	0.02175	0.0	0.00297	0.0	0.0	0.0	0.0037	0.88975	0.0	0.006	0.0	0.0	0.02751	0.0	0.0	0.0	0.06455	0.0	0.00478	0.0	0.0	0.10317	0.0	0.01006	0.10607	0.00897	0.00964	0.1098	0.0	0.00213	0.0	0.0	0	0.0	0.00317	0.0	0.00337	0.01204	0.0	0	0.0	0.0	0.09192	0	0.01376	0.0	0.1676	0.04226	0.0	0.01684	0.00526	0.0	0.01448	0.01873	0.0	0.0	0.0	0.00172	0.0	0.0	0.0
k__Bacteria.p__Proteobacteria.c__Gammaproteobacteria.o__Pasteurellales.f__Pasteurellaceae.g__Rodentibacter	0.0	0	0	0.0	0.0	0.0	0.0	0.0	0.0	0.0	0.0	0.0	0.0	0.0	0.0	0.0	0.0	0.0	0.0	0.0	0.0	0.0	0.0	0.0	0.0	0.0	0.0	0.0	0.0	0.0	0.0	0.0	0.0	0.0	0.0	0.0	0	0.0043	0.0	0.0	0.0	0.0	0.0	0	0.0	0.0	0.0	0	0.0	0.0	0.0	0.0	0.0	0.0	0.0	0.0	0.0	0.0	0.0	0.0	0.0	0.0	0.0	0.0	0.0
k__Bacteria.p__Proteobacteria.c__Gammaproteobacteria.o__Pseudomonadales.f__Pseudomonadaceae.g__Pseudomonas	0.0	0	0	0.0	0.0	0.0	0.0	0.0	0.0	0.0	0.0	0.0	0.0	0.0	0.0	0.0	0.0	0.0	0.0	0.0	0.0	0.0	0.0	0.0	0.0	0.0	0.0	0.0	0.0	0.0	0.0	0.0	0.0	0.0	0.0	0.0	0	0.0	0.0	0.0	0.0	0.0	0.0	0	0.0	0.0	0.0	0	0.0	0.0	0.0	0.0	0.0	0.0	0.0	0.0	0.0	0.0	0.0	0.00114	0.0	0.0	0.0	0.0	0.0
k__Bacteria.p__Proteobacteria.c__Gammaproteobacteria.o__Vibrionales.f__Vibrionaceae.g__Vibrio	0.0	0	0	0.0	0.0	0.0	0.0	0.0	0.0	0.0	0.0	0.0	0.0	0.0	0.0	0.0	0.0	0.0	0.0	0.0	0.0	0.0	0.0	0.0	0.0	0.0	0.0	0.0	0.0	0.0	0.0	0.0	0.0	0.0	0.0	0.0	0	0.0	0.0	0.0	0.0	0.0	0.0	0	0.0	0.0	0.00115	0	0.0	0.0	0.0	0.0	0.0	0.0	0.0	0.0	0.0	0.0	0.0	0.0	0.0	0.0	0.0	0.0	0.0
k__Bacteria.p__Proteobacteria.c__Proteobacteria_unclassified.o__Proteobacteria_unclassified.f__Proteobacteria_unclassified.g__Proteobacteria_unclassified	0.0518	0	0	0.03064	0.22409	4.81129	0.0	0.15691	0.0317	2.00509	0.00712	0.0	0.1301	0.12111	3.73004	0.24324	0.34417	0.00293	0.19041	0.15661	0.0	0.0169	0.00329	0.85727	0.05122	7.62925	3.29101	0.01395	0.0013	0.0	0.01182	0.0	0.0	2.23712	0.18857	1.46612	0	0.00623	2.40263	0.09679	0.31895	0.87357	0.42382	0	0.01769	0.08156	2.1447	0	1.7481	0.00568	0.00937	0.37368	0.0632	0.01695	0.14722	1.75683	0.7734	0.0	2.22075	0.05974	0.31097	0.0	0.0446	18.28737	1.29281
k__Bacteria.p__Synergistetes.c__Synergistia.o__Synergistales.f__Synergistaceae.g__Cloacibacillus	0.0	0	0	0	0	0	0	0	0.00102	0	0	0.0	0.0	0	0	0.0	0	0.0	0	0.0	0	0	0.0	0.0	0	0	0	0	0	0	0	0.0439	0.0	0.0	0	0	0	0	0	0	0	0.01019	0	0	0.0	0.00106	0.0	0	0.0	0.0	0	0	0.0	0.0	0	0	0	0.0	0.0012	0.00927	0	0.01042	0.0	0.0	0
k__Bacteria.p__Synergistetes.c__Synergistia.o__Synergistales.f__Synergistaceae.g__Fretibacterium	0.0	0	0	0	0	0	0	0	0.0	0	0	0.0	0.0	0	0	0.0	0	0.0	0	0.0	0	0	0.0	0.0	0	0	0	0	0	0	0	0.00155	0.0	0.0	0	0	0	0	0	0	0	0.0	0	0	0.0	0.0	0.0	0	0.0	0.0	0	0	0.0	0.0	0	0	0	0.0	0.0	0.0	0	0.0	0.0	0.0	0
k__Bacteria.p__Synergistetes.c__Synergistia.o__Synergistales.f__Synergistaceae.g__Pyramidobacter	0.0	0	0	0	0	0	0	0	0.01215	0	0	0.0	0.0	0	0	0.0	0	0.00657	0	0.0	0	0	0.0	0.0	0	0	0	0	0	0	0	0.00331	0.0	0.0	0	0	0	0	0	0	0	0.0	0	0	0.02479	0.0	0.0	0	0.0	0.2395	0	0	0.04886	0.0	0	0	0	0.0	0.0	0.0	0	0.0	0.00872	0.02473	0
k__Bacteria.p__Verrucomicrobia.c__Verrucomicrobiae.o__Verrucomicrobiales.f__Akkermansiaceae.g__Akkermansia	0.17964	0	0	0	0	0	0	0	0.04082	0	0	0.04919	0.01154	0	0	0.00409	0	0.0	0	0.24482	0	0	0.01835	0.03833	0	0	0	0	0	0	0	0.0	0.11364	0.04335	0	0	0	0	0	0	0	0.02232	0	0	2.99084	0.0	0.14007	0	0.0	0.06661	0	0	0.0	0.06333	0	0	0	0.31934	0.09673	0.00109	0	0.0	0.0	0.0	0
