dataset_name	ChngKR_2016	ChngKR_2016	ChngKR_2016	ChngKR_2016	ChngKR_2016	ChngKR_2016	ChngKR_2016	ChngKR_2016	ChngKR_2016	ChngKR_2016	ChngKR_2016	ChngKR_2016	ChngKR_2016	ChngKR_2016	ChngKR_2016	ChngKR_2016	ChngKR_2016	ChngKR_2016	ChngKR_2016	ChngKR_2016	ChngKR_2016	ChngKR_2016	ChngKR_2016	ChngKR_2016	ChngKR_2016	ChngKR_2016	ChngKR_2016	ChngKR_2016	ChngKR_2016	ChngKR_2016	ChngKR_2016	ChngKR_2016	ChngKR_2016	ChngKR_2016	ChngKR_2016	ChngKR_2016	ChngKR_2016	ChngKR_2016	ChngKR_2016	ChngKR_2016	ChngKR_2016	ChngKR_2016	ChngKR_2016	ChngKR_2016	ChngKR_2016	ChngKR_2016	ChngKR_2016	ChngKR_2016	ChngKR_2016	ChngKR_2016	ChngKR_2016	ChngKR_2016	ChngKR_2016	ChngKR_2016	ChngKR_2016	ChngKR_2016	ChngKR_2016	ChngKR_2016	ChngKR_2016	ChngKR_2016	ChngKR_2016	ChngKR_2016	ChngKR_2016	ChngKR_2016	ChngKR_2016	ChngKR_2016	ChngKR_2016	ChngKR_2016	ChngKR_2016	ChngKR_2016	ChngKR_2016	ChngKR_2016	ChngKR_2016	ChngKR_2016	ChngKR_2016	ChngKR_2016	ChngKR_2016	ChngKR_2016
study_condition	AD	AD	control	control	control	control	AD	AD	AD	AD	AD	AD	AD	AD	control	control	control	control	AD	AD	AD	AD	AD	AD	AD	AD	AD	AD	AD	AD	AD	AD	AD	AD	AD	AD	AD	AD	control	control	AD	AD	AD	AD	AD	AD	control	control	control	control	control	control	control	control	control	control	control	control	control	control	control	control	AD	AD	control	control	control	control	control	control	control	control	control	control	control	control	control	control
k__Bacteria.p__Actinobacteria.c__Actinobacteria.o__Actinomycetales	0.06079	0.18428	0.53528	0	0	0	0.38914	2.5169	0.39716	0.07702	0.07846	0.11342	0.08683	0.30173	0	0.0262	0	0	0.13761	0.12901	0.43915	0.42496	0.05347	0	0.17662	0	0.14576	0.14502	0.23081	0.04551	1.70778	1.52167	0	0	0.09411	0.02051	0.62544	2.71566	0.794	1.75521	2.60793	0.2525	0.35958	0.0184	0.18336	0.33142	0	0.64813	5.35961	0.7471	0.30208	0.23086	0	0	0.70009	0.66106	2.17667	1.05921	0.03405	0	0	0.15676	0.06327	6.30532	8.86934	14.39619	0	0.00158	0.71906	6.75274	0.00979	0	0.01012	0.11271	0.13283	0.02447	0	0.39553
k__Bacteria.p__Actinobacteria.c__Actinobacteria.o__Bifidobacteriales	0.0	0.0	0.0	0.0	0.0	0.0	0.0	0.03765	0.0	0.0	0.0	0.07122	0.0	0.0	0.0	0.0	0.0	0.0	0.0	0.0	0.0	0.0	0.0	0.0	0.0	0.0	0.0	0.0	0.0	0.0	0.0	0.0	0.0	0.0	0.0	0.0	0.0	0.00956	0.22529	0.0	0.0	0.0	0.0	0.0	0.0	0.0	0.0	0.0	0.12905	0.0	0.01999	0.0	0.0	0.0	0.0	0.0	0.0	0.0	0.0	0.0	0.0	0.0	0.4139	0.33587	1.48844	2.30445	0.45207	0.27394	0.10543	0.27227	0.0	0.0	0.0	0.0	0.0	0.0	0.0	0.0
k__Bacteria.p__Actinobacteria.c__Actinobacteria.o__Corynebacteriales	1.82307	2.64959	0.25418	0.78193	4.12457	5.07422	1.2892	1.76098	3.2524	3.29467	0.44712	1.28299	5.60291	0.32711	0.97207	2.226	2.46269	2.56239	1.62604	0.89732	3.14091	2.70313	1.15544	0.21801	1.42975	0.93783	0.83203	0.18271	2.21889	0.73455	2.05818	4.53429	16.28634	9.9199	1.40798	0.24312	8.45997	9.94194	3.41282	2.84306	4.15723	0.27634	0.56921	0.271	1.12585	1.72064	1.56833	1.12719	0.38199	0.28973	0.51689	0.76805	1.2024	0.32721	1.92207	1.37347	1.27855	1.2698	12.24511	11.17592	1.98058	2.78028	1.61058	7.96561	2.28687	3.32027	2.67977	2.63658	5.19129	5.2847	10.02506	17.29595	0.50498	2.44986	3.37213	1.36748	8.88394	3.39282
k__Bacteria.p__Actinobacteria.c__Actinobacteria.o__Micrococcales	1.37857	2.45927	11.652	4.52816	10.35635	9.4171	18.49826	17.45837	0.89336	0.33507	1.27844	2.50348	7.25161	9.3449	13.06148	20.54266	4.56448	6.89241	0.47436	0.64596	2.11536	1.51069	0.92192	0.19935	26.22107	15.89273	27.79152	30.21787	6.52419	7.40745	2.24338	2.99793	9.73144	7.0764	5.35717	3.27575	22.98499	21.46259	4.59518	3.73631	5.86027	0.30792	3.1074	0.61654	2.82671	3.03444	10.35261	12.06847	4.93698	3.84505	1.92667	0.94384	3.68995	1.85092	2.05667	1.90377	7.10054	4.83318	56.85395	61.85246	1.75784	3.36856	2.07846	5.62403	21.71215	12.63284	26.20269	33.32619	4.62894	7.11232	5.38905	8.89052	0.43513	2.89615	34.84163	27.0199	2.95665	4.50931
k__Bacteria.p__Actinobacteria.c__Actinobacteria.o__Propionibacteriales	41.24365	60.01147	58.5174	65.52291	45.47651	43.05746	42.3391	37.13907	66.0277	74.70312	78.21566	76.98719	55.20797	42.71805	63.17397	57.57197	22.09059	51.75688	75.6332	70.84878	76.49943	76.71416	87.21314	94.45214	53.64971	74.05409	25.99352	16.58922	78.81152	79.5719	55.61625	72.40651	64.81021	63.73376	86.25726	89.92949	44.719	36.61495	59.06485	45.00927	32.37378	42.53512	53.77348	79.75427	88.52174	83.43899	66.90921	57.59016	67.23686	68.2899	87.15962	91.47634	79.89455	82.63511	78.45964	84.34077	36.23893	52.10178	10.06622	8.41303	39.09785	39.17087	74.76219	36.8332	5.38276	4.33747	55.35182	49.76933	45.23716	21.81503	55.9518	44.49294	94.10967	81.96263	33.85758	50.20932	33.87157	48.13511
k__Bacteria.p__Actinobacteria.c__Actinobacteria.o__Pseudonocardiales	0.0	0.0	0.0	0.0	0.0	0.0	0.0	0.0	0.0	0.0	0.0	0.00254	0.0	0.0	0.0	0.0	0.0	0.0	0.0	0.0	0.0	0.0	0.0	0.0	0.0	0.0	0.0	0.0	0.0	0.0	0.0	0.0	0.0	0.0	0.0	0.0	0.0	0.0	0.0	0.0	0.0	0.0	0.0	0.0	0.0	0.0	0.0	0.0	0.0	0.0	0.0	0.0	0.0	0.0	0.0	0.0	0.0	0.0	0.0	0.0	0.0	0.0	0.0	0.0	0.0	0.0	0.0	0.0	0.0	0.0	0.0	0.0	0.0	0.0	0.0	0.0	0.0	0.0
k__Bacteria.p__Actinobacteria.c__Coriobacteriia.o__Coriobacteriales	0.0	0.0	0.0	0.0	0.0	0.0	0.0	0.0	0.0	0.0	0.0	0.07371	0.0	0.0	0.0	0.0	0.0	0.0	0.0	0.0	0.0	0.0	0.0	0.0	0.0	0.0	0.0	0.0	0.0	0.0	0.0	0.0	0.0	0.0	0.0	0.0	0.0	0.02938	0.0	0.0	0.0	0.0	0.0	0.0	0.0	0.0	0.0	0.0	0.0315	0.0	0.0	0.0	0.00384	0.00253	0.0	0.0	0.0	0.0	0.0	0.03023	0.0	0.0	0.0	0.0	0.0	0.0	0.0	0.009	0.0	0.0	0.0	0.0	0.0	0.0	0.0	0.0	0.0	0.0
k__Bacteria.p__Actinobacteria.c__Rubrobacteria.o__Rubrobacterales	0.0	0.0	0.01386	0.0	0.0	0.0	0.0	0.0	0.0	0.0	0.0	0.0	0.0	0.0	0.0	0.0	0.0	0.0	0.0	0.0	0.0	0.0	0.0	0.0	0.0	0.0	0.0	0.0	0.0	0.0	0.0	0.0	0.0	0.0	0.0	0.0	0.0	0.0	0.0	0.0	0.0	0.0	0.0	0.0	0.0	0.0	0.0	0.0	0.0	0.0	0.0	0.0	0.0	0.0	0.0	0.0	0.0	0.0	0.0	0.0	0.0	0.0	0.0	0.0	0.0	0.0	0.0	0.0	0.0	0.0	0.0	0.0	0.0	0.0	0.0	0.0	0.0	0.0
k__Bacteria.p__Actinobacteria.c__Thermoleophilia.o__Solirubrobacterales	0.0	0.0	0.0	0.0	0.0	0.0	0.0	0.0	0.0	0.0	0.0	0.00152	0.0	0.0	0.0	0.0	0.01376	0.00117	0.0	0.0	0.0	0.0	0.0	0.0	0.0	0.0	0.0	0.0	0.0	0.0	0.0	0.0	0.0	0.0	0.0	0.0	0.0	0.0	0.0	0.0	0.0	0.0	0.0	0.0	0.0	0.0	0.0	0.0	0.0	0.0	0.0	0.0	0.0	0.0	0.0	0.0	0.0	0.0	0.0	0.0	0.0	0.0	0.0	0.0	0.0	0.0	0.0	0.0	0.0	0.0	0.0	0.0	0.0	0.0	0.0	0.0	0.0	0.0
k__Bacteria.p__Actinobacteria.c__Thermoleophilia.o__Thermoleophilales	0.0	0.0	0.0	0.0	0.0	0.0	0.0	0.0	0.0	0.0	0.0	0.00532	0.0	0.0	0.0	0.0	0.01099	0.00622	0.0	0.0	0.0	0.0	0.0	0.0	0.0	0.0	0.0	0.0	0.0	0.0	0.0	0.0	0.0	0.0	0.0	0.0	0.0	0.0	0.0	0.0	0.0	0.0	0.0	0.0	0.0	0.0	0.0	0.0	0.0	0.0	0.0	0.0	0.0	0.0	0.0	0.0	0.0	0.0	0.0	0.0	0.0	0.0	0.0	0.0	0.0	0.0	0.0	0.0	0.0	0.0	0.0	0.0	0.0	0.0	0.0	0.0	0.0	0.0
k__Bacteria.p__Bacteroidetes.c__Bacteroidetes_unclassified.o__Bacteroidetes_unclassified	0.0	0.0	0.0	0.0	0.0	0.0	0.0	0.0	0.0	0.0	0.0	0.01946	0.0	0.0	0.0	0.0	0.0	0.0	0.0	0.0	0.0	0.0	0.0	0.0	0.0	0.0	0.0	0.0	0.0	0.0	0.0	0.0	0.0	0.0	0.0	0.0	0.0	0.0	0.0622	0.27941	0.0	0.0	0.0	0.0	0.0	0.0	0.0	0.0	0.0	0.0	0.0	0.0	0.0	0.0	0.0	0.0	0.0	0.0	0.0	0.0	0.0	0.0	0.0	0.0	0.0	0.0	0.0	0.0	0.0	0.13217	0.0	0.0	0.0	0.0	0.0	0.0	0.0	0.0
k__Bacteria.p__Bacteroidetes.c__Bacteroidia.o__Bacteroidales	0.00744	0.33615	0.0	0.0	0.0	0.0	0.4229	1.21035	0.13893	0.04266	0.3816	0.88463	0.0	0.00351	0.0	0.03254	0.0	0.0	0.0	0.0	0.11686	0.03268	0.21933	0.0	0.46139	0.0	0.0	0.03451	0.06433	0.02775	0.36014	0.40234	0.0	0.0	0.0	0.0	0.05518	1.95014	0.08226	1.25637	0.37865	0.0	0.03103	0.0	0.17499	0.35974	0.0	2.33874	0.14259	0.0	0.49462	0.002	0.0	0.01527	0.10344	0.02779	0.51503	0.1999	0.02811	0.00455	0.0	0.42094	0.00372	5.8136	2.61854	0.62771	0.80494	0.51593	0.41351	6.06673	0.24114	0.05362	0.0	0.03965	0.0	0.0	0.0	0.24972
k__Bacteria.p__Bacteroidetes.c__Flavobacteriia.o__Flavobacteriales	0.28317	0.15319	0.0	0.0	0.04583	0.25184	0.0	0.0135	0.09102	0.0	0.0	0.02504	0.06961	0.1863	0.0	0.02908	0.32356	0.00316	0.0	0.0	0.0	0.0	0.0	0.0	0.01591	0.0	9.87309	2.74327	0.0	0.0	0.09842	0.0	0.00807	0.0	0.0	0.0	0.01091	0.4495	0.0	0.01083	0.0	0.0	0.04601	0.0	0.01326	0.0301	0.0	0.01248	0.0	0.0	0.00276	0.0	0.0	0.0	0.43158	0.07197	0.0	0.0	0.0	0.0	0.0	0.0	0.03518	3.90603	0.84515	0.42158	0.11315	0.07099	0.21577	1.51516	0.0	0.0	0.0	0.01145	0.0	0.0	0.0	0.20066
k__Bacteria.p__Bacteroidetes.c__Sphingobacteriia.o__Sphingobacteriales	0.0	0.0	0.0	0.0	0.0	0.0	0.0	0.0	0.0	0.0	0.0	0.0	0.0	0.0	0.0	0.0	0.0	0.0	0.0	0.0	0.0	0.0	0.0	0.0	0.0	0.0	0.0	0.00784	0.0	0.0	0.0	0.0	0.0	0.0	0.0	0.0	0.0	0.0	0.0	0.0	0.0	0.0	0.0	0.0	0.0	0.0	0.0	0.0	0.0	0.0	0.0	0.0	0.0	0.0	0.0	0.0	0.0	0.0	0.0	0.0	0.0	0.0	0.0	0.0	0.0	0.0	0.0	0.0	0.0	0.0	0.0	0.0	0.0	0.0	0.0	0.0	0.0	0.0
k__Bacteria.p__Chlamydiae.c__Chlamydiia.o__Chlamydiales	0.0	0.0	0.0	0.0	0.0	0.0	0.0	0.0	0.0	0.0	0.0	0.0	0.0	0.0	0.0	0.01718	0.0	0.0	0.0	0.0	0.0	0.0	0.0	0.0	0.0	0.0	0.0	0.0	0.0	0.0	0.0	0.0	0.0	0.0	0.0	0.0	0.0	0.0	0.0	0.0	0.0	0.0	0.0	0.0	0.0	0.0	0.0	0.0	0.0	0.0	0.0	0.0	0.0	0.0	0.0	0.0	0.0	0.0	0.0	0.0	0.0	0.0	0.0	0.0	0.0	0.0	0.0	0.0	0.0	0.0	0.0	0.0	0.0	0.0	0.0	0.0	0.0	0.0
k__Bacteria.p__Cyanobacteria.c__Cyanobacteria_unclassified.o__Chroococcidiopsidales	0.0	0.0	0.03811	0.0	0.0	0.0	0.0	0.0	0.0	0.0	0.0	0.0	0.0	0.0	0.0	0.0	0.0	0.0	0.0	0.0	0.0	0.0	0.0	0.0	0.0	0.0	0.0	0.0	0.0	0.0	0.0	0.0	0.0	0.0	0.0	0.0	0.0	0.0	0.0	0.0	0.0	0.0	0.0	0.0	0.0	0.0	0.0	0.0	0.0	0.0	0.0	0.0	0.0	0.0	0.0	0.0	0.0	0.0	0.0	0.0	0.0	0.0	0.0	0.0	0.0	0.0	0.0	0.0	0.0	0.0	0.0	0.0	0.0	0.0	0.0	0.0	0.0	0.0
k__Bacteria.p__Cyanobacteria.c__Cyanobacteria_unclassified.o__Nostocales	0.0	0.0	0.0	0.0	0.0	0.0	0.0	0.0	0.0	0.0	0.0	0.0	0.0	0.0	0.0	0.0	0.00116	0.0	0.0	0.0	0.0	0.0	0.0	0.0	0.0	0.0	0.0	0.0	0.0	0.0	0.0	0.0	0.0	0.0	0.0	0.0	0.0	0.0	0.0	0.0	0.0	0.0	0.0	0.0	0.0	0.0	0.0	0.0	0.0	0.0	0.0	0.0	0.0	0.0	0.0	0.0	0.0	0.0	0.0	0.0	0.0	0.0	0.0	0.0	0.0	0.0	0.0	0.0	0.0	0.0	0.0	0.0	0.0	0.0	0.0	0.0	0.0	0.0
k__Bacteria.p__Cyanobacteria.c__Cyanobacteria_unclassified.o__Oscillatoriales	0.0	0.0	0.0	0.0	0.0	0.0	0.0	0.0	0.0	0.0	0.0	0.0	0.0	0.0	0.0	0.0	0.0	0.0	0.0	0.0	0.0	0.0	0.0	0.0	0.0	0.0	0.0	0.0	0.0	0.0	0.0	0.0	0.0	0.0	0.0	0.0	0.0	0.0	0.0	0.0	0.0	0.0	0.0	0.0	0.0	0.0	0.0	0.0	0.0	0.0	0.0	0.0	0.0	0.0	0.0	0.0	0.0	0.0	0.0	0.0	0.0	0.0	0.0	0.0	1.15588	0.0	0.0	0.0	0.0	0.0	0.0	0.0	0.0	0.0	0.0	0.0	0.0	0.0
k__Bacteria.p__Firmicutes.c__Bacilli.o__Bacillales	13.34549	15.13036	3.71578	7.68337	4.82454	6.24761	11.71362	7.59885	20.78502	14.51482	12.35703	6.42764	9.21584	6.49924	10.98704	7.96034	1.8029	3.33746	13.64021	18.94003	5.80707	6.12298	2.6365	0.85422	4.077	2.80821	2.97482	1.23273	5.7283	5.13812	6.65781	4.32759	3.245	13.72169	2.21414	2.98468	9.79954	6.76487	9.29663	8.56663	14.49801	33.80675	15.35427	11.61433	4.0182	5.35524	2.19413	2.3824	4.45766	14.40526	1.84789	2.00848	2.7393	3.83725	0.78247	0.38117	21.38655	3.11207	10.43942	5.21318	6.84026	14.92665	3.09609	2.44177	8.80642	29.93224	0.39533	0.43646	3.98796	4.89711	1.31394	4.65733	1.45574	1.24546	1.52751	1.5214	42.81444	24.14682
k__Bacteria.p__Firmicutes.c__Bacilli.o__Lactobacillales	0.82304	0.72086	0.52978	0.75843	1.40875	0.04729	8.11227	11.15761	1.42909	1.40904	1.70762	1.65927	0.42265	1.76466	1.246	1.51801	0.69004	0.15873	2.02151	1.45134	2.24708	1.71338	2.85611	0.98538	3.70115	0.44131	1.77037	1.73699	1.45243	3.30718	24.34989	7.14686	0.5436	0.53139	0.84442	1.02431	0.70025	4.04901	11.65538	16.91955	16.86915	2.4279	19.75193	1.02548	1.20222	2.54814	0.23492	4.26662	2.42847	1.20997	3.34902	1.22236	0.00151	0.00515	1.76121	0.76814	11.90775	9.4756	0.55447	0.11638	0.0	0.43904	0.62841	9.51895	8.27091	5.36601	0.2986	0.37357	2.25812	13.66794	0.19194	0.01029	0.24399	0.6574	0.74067	0.10824	0.16258	0.88702
k__Bacteria.p__Firmicutes.c__Clostridia.o__Clostridiales	0.03717	0.21208	0.0	0.0	0	0	0.0	0.0	0.0	0.0	0.0	0.05425	0.0	0.0	0.0	0.0	0.0	0.0	0.0	0.0	0.0	0.0	0.0	0.0	0.0	0.0	0.0	0.0	0.00982	0.0	0.0	0.0	0.0	0.0	0.0	0.0	0.0	0.00433	0.0	0.0	0.0	0.0	0.0	0.0	0.0	0.0	0.0	0.2072	0.0	0.0	0.0	0.0	0.0	0.0	0.0	0.0	0.01975	0.11217	0.0	0.0	0	0.0	0.0	0.16068	0.17566	0.16178	0.0	0.01955	0.0	0.72656	0.0	0.0	0.0	0.0	0.0	0.0	0.0	0.0
k__Bacteria.p__Firmicutes.c__Erysipelotrichia.o__Erysipelotrichales	0.0	0	0	0	0	0	0.0	0.0	0.0	0	0.0	0.0	0.0	0.0	0	0.0	0.0	0	0.0	0.0	0.0	0.0	0.0	0	0.0	0	0	0.0	0.0	0	0.0	0.0	0	0	0.0	0	0.0	0.0	0.0	0.0	0.0	0	0	0	0.0	0.0	0	0.0	0.0	0.0	0.0	0.0	0	0	0.0	0.0	0.0	0.0	0	0	0	0.0	0	0.08225	0.0	0.0	0.0	0.0	0	0.0	0.0	0	0	0	0.0	0	0	0.0
k__Bacteria.p__Firmicutes.c__Negativicutes.o__Acidaminococcales	0.0	0	0	0	0	0	0.0	0.05876	0.0	0	0.0	0.0	0.0	0.0	0	0.0	0.0	0	0.0	0.0	0.0	0.0	0.0	0	0.0	0	0	0.0	0.0	0	0.0	0.0	0	0	0.0	0	0.0	0.0	0.0	0.0	0.0	0	0	0	0.0	0.0	0	0.0	0.0	0.0	0.0	0.0	0	0	0.0	0.0	0.0	0.0	0	0	0	0.0	0	0.0	0.0	0.0	0.0	0.0	0	0.0	0.0	0	0	0	0.0	0	0	0.0
k__Bacteria.p__Firmicutes.c__Negativicutes.o__Selenomonadales	0.0	0	0	0.0	0.0	0.0	0.0	0.0	0.0	0.0	0.0	0.0	0.0	0.0	0.0	0.0	0.0	0.0	0.0	0.0	0.0	0.0	0.0	0	0.0	0	0	0.0	0.0	0	0.0	0.0	0	0	0.0	0.0	0.0	0.0	0.0	0.0	0.0	0	0	0	0.0	0.0	0.0	0.0	0.0	0.0	0.0	0.0	0.0	0.0	0.02314	0.0	0.0	0.0	0.0	0.0	0	0.0	0.0	0.3313	0.0	0.0	0.0	0.0	0	0.0143	0.0	0.0	0	0.0	0.0	0.0	0	0.0
k__Bacteria.p__Firmicutes.c__Negativicutes.o__Veillonellales	0.07858	0	0	0.0	0.0	0.0	0.25269	0.96231	0.01057	0.0	0.00587	0.01713	0.08771	0.14754	0.0	0.02564	0.12905	0.0	0.2512	0.13383	0.51709	0.38646	0.03872	0	0.32418	0	0	0.08248	0.03532	0	0.38427	0.55642	0	0	0.02094	0.0	0.28052	0.64981	0.29452	1.42982	1.11027	0	0	0	0.06329	0.23608	0.0	1.52343	0.69599	0.25776	0.37761	0.075	0.0	0.0	0.24305	0.05682	1.1429	0.54323	0.0	0.0	0	0.024	0.0	1.30739	3.16124	3.16162	0.057	0.00982	0	0.48788	0.02594	0.0	0	0.0	0.0172	0.0	0	0.17367
k__Bacteria.p__Firmicutes.c__Tissierellia.o__Tissierellales	0.80483	0	0	0.01335	0.12375	0.04778	0.0	0.04046	0.2725	0.30944	0.23348	0.92323	0.01262	0.00255	0.02284	0.04037	0.04905	0.00515	0.0	0.0	0.19917	0.13616	0.05665	0	0.0	0	0	0.0	0.0	0	0.7142	1.33608	0	0	0.07813	0.04506	0.0	0.01722	0.0	0.0	0.0	0	0	0	0.00872	0.04442	0.06429	0.02265	0.05688	0.0	0.04124	0.03439	0.00696	0.05632	0.26426	0.10897	0.11384	0.09784	0.16893	0.4801	0	1.06739	0.06552	0.0	0.48603	0.01981	0.58705	0.31068	0	0.0	0.11706	0.45039	0	0.00294	0.35878	0.03411	0	0.00125
k__Bacteria.p__Firmicutes.c__Tissierellia.o__Tissierellia_unclassified	0.0	0	0	0.0	0.0	0.0	0.0	0.0	0.0	0.0	0.0	0.0	0.0	0.0	0.0	0.0	0.0	0.0	0.0	0.0	0.0	0.0	0.0	0	0.0	0	0	0.0	0.0	0	0.0	0.0	0	0	0.0	0.0	0.0	0.0	0.0	0.0	0.0	0	0	0	0.0	0.0	0.0	0.0	0.0	0.0	0.0	0.0	0.02887	0.0273	0.0	0.0	0.0	0.0	0.0	0.0	0	0.0	0.0	0.0	0.0	0.0	0.0	0.0	0	0.0	0.0	0.0	0	0.0	0.0	0.0	0	0.0
k__Bacteria.p__Fusobacteria.c__Fusobacteriia.o__Fusobacteriales	0.0	0	0	0.0	0.0	0.0	0.05743	0.07301	0.0	0.0	0.00694	0.00467	0.0	0.0	0.0	0.0	0.0	0.0	0.0	0.0	0.0606	0.08306	0.0	0	0.0202	0	0	0.0	0.0	0	0.0	0.0	0	0	0.0	0.0	0.0	0.0	0.0	0.10159	0.0	0	0	0	0.0	0.08545	0.0	0.0	0.0	0.0	0.0	0.0	0.0	0.0	0.0	0.0	0.0	0.0	0.06711	0.0	0	0.0	0.0	0.75786	0.17635	0.20404	0.0	0.0	0	0.40619	0.0	0.0	0	0.0	0.0	0.0	0	0.0
k__Bacteria.p__Planctomycetes.c__Planctomycetia.o__Planctomycetales	0.0	0.0	0.0	0.0	0.0	0.0	0.0	0.0	0.0	0.0	0.0	0.0	0.0	0.0	0.0	0.0	0.00193	0.0039	0.0	0.0	0.0	0.0	0.0	0.0	0.0	0.0	0.0	0.0	0.0	0.0	0.0	0.0	0.0	0.0	0.0	0.0	0.0	0.0	0.0	0.0	0.0	0.0	0.0	0.0	0.0	0.0	0.0	0.0	0.0	0.0	0.0	0.0	0.0	0.0	0.0	0.0	0.0	0.0	0.0	0.0	0.0	0.0	0.0	0.0	0.0	0.0	0.0	0.0	0.0	0.0	0.0	0.0	0.0	0.0	0.0	0.0	0.0	0.0
k__Bacteria.p__Proteobacteria.c__Alphaproteobacteria.o__Caulobacterales	0.0	0.0	0.0	0.0	0.21899	0.13414	0.0	0.0	0.0	0.0	0.0	0.0	0.0	0.0	0.0	0.13776	0.74698	0.26289	0.0	0.0	0.0	0.0	0.0	0.0	0.0	0.0	0.94646	1.04502	0.0	0.0	0.0	0.0	0.0	0.0	0.0	0.0	0.0	0.0	0.0	0.04724	0.0	0.0	0.0	0.0	0.0	0.0	0.0055	0.0	0.0	0.0	0.0	0.0	0.0	0.00223	0.0	0.0	0.47878	0.58346	0.0	0.10049	0.0	0.0	0.0	0.0	0.0	0.0	0.0	0.0	0.0	0.0	0.0	0.0	0.0	0.0	0.0	0.0	0.01144	0.0707
k__Bacteria.p__Proteobacteria.c__Alphaproteobacteria.o__Rhizobiales	0.0	0.0	0.0	0.0	0.04594	0.07257	0.0	0.0	0.0	0.0	0.0	0.0	0.0	0.0	0.0	0.0	0.02475	0.0	0.0	0.0	0.0	0.0	0.0	0.0	0.0	0.0	0.0	0.06931	0.0	0.0	0.0	0.0	0.0	0.0	0.0	0.0	0.0	0.0	0.0	0.0	0.0	0.0	0.0	0.0	0.0	0.0	0.33049	0.24783	0.18867	0.05674	0.04643	0.02564	0.01145	0.01472	0.1051	0.0202	2.74155	13.39326	0.12978	0.41467	0.0	0.0	0.0	0.0	0.0	0.0	0.0	0.0	0.01801	0.0	0.0	0.0	0.0	0.0	0.0	0.0	0.0	0.0
k__Bacteria.p__Proteobacteria.c__Alphaproteobacteria.o__Rhodobacterales	2.96542	3.82613	6.02709	2.75074	11.22495	6.85454	1.51904	2.21244	0.01385	0.0	0.06846	0.44336	0.18434	0.48479	0.0	0.0	3.40536	1.77663	0.10544	0.08358	0.0	0.0	0.00124	0.0	1.72906	0.7911	0.0	0.18579	0.11771	0.01241	0.0	0.0	0.0056	0.0	0.0017	0.0	0.6366	0.78367	0.0	0.05053	0.0	0.0	0.0	0.0	0.34348	0.31101	0.36955	1.33346	0.10927	0.1349	0.02176	0.08469	0.10072	0.04217	0.24927	0.20739	0.31877	0.0	0.04391	0.37463	0.0	0.13434	0.9518	0.71894	0.99834	1.39808	0.7301	0.92242	0.02215	0.0	0.0	0.0	0.0	0.0	0.50761	0.38491	0.0	0.0
k__Bacteria.p__Proteobacteria.c__Alphaproteobacteria.o__Rhodospirillales	4.49452	2.5946	6.86464	6.43333	7.83533	11.34199	5.61658	6.73774	2.00188	1.81355	1.63822	3.53665	12.42993	22.344	0.20487	1.03071	35.12124	18.35425	1.16642	2.03316	0.22462	0.23756	0.26806	0.05199	1.52034	0.66677	10.12123	21.75302	1.37082	0.77809	0.15275	0.30667	2.54778	2.05214	1.31293	0.90809	1.51036	2.33032	3.73501	7.12238	5.32546	9.09399	3.20763	2.22239	0.06093	0.10555	7.39824	4.07732	4.09844	2.92818	0.259	0.19981	3.45612	1.20684	3.16128	2.08524	4.24188	1.42214	0.72394	1.27093	23.82984	15.09631	0.14941	0.06224	13.59915	9.73755	3.80963	3.58065	6.08989	3.48457	1.01801	1.45861	0.6622	2.29963	9.22025	6.93697	0.99277	1.08748
k__Bacteria.p__Proteobacteria.c__Alphaproteobacteria.o__Rickettsiales	0.0	0.0	0.0	0.0	0.0	0.0	0.0	0.0	0.0	0.0	0.0	0.0	0.0	0.0	0.0	0.0	0.0	0.0	0.0	0.0	0.0	0.0	0.0	0.0	0.0	0.0	0.0	0.0	0.0	0.0	0.0	0.0	0.0	0.0	0.0	0.0	0.0	0.0	0.0	0.0	0.0	0.0	0.0	0.0	0.0	0.0	0.0	0.0	0.0	0.0	0.0	0.0	0.0	0.0	0.0	0.0	0.0	0.0	0.0	0.0	0.0	0.0	0.0	0.0	0.0	0.0	0.3649	0.0	0.0	0.0	0.0	0.0	0.0	0.0	0.0	0.0	0.0	0.0
k__Bacteria.p__Proteobacteria.c__Alphaproteobacteria.o__Sphingomonadales	0.08658	0.0	0.0	0.0	0.35225	0.04107	0.0	0.0	0.0	0.0	0.0	0.01472	0.00596	0.0	0.0	0.0	0.1295	0.0	0.0	0.0	0.0	0.0	0.0	0.0	0.2518	0.0	0.0	0.2748	0.0	0.0	0.0	0.0	0.0	0.0	0.00167	0.0	0.0	0.0	0.0	0.0	0.0	0.0	0.0	0.0	0.0	0.0	0.06885	0.10639	0.00358	0.0	0.00605	0.0	0.00452	0.00189	0.0	0.0	0.682	1.87116	0.29795	0.95098	0.0	0.0	0.0	0.0	0.0	0.0	0.03532	0.0	0.0	0.0	0.0	0.0	0.0	0.02258	0.16336	0.12342	0.0	0.0
k__Bacteria.p__Proteobacteria.c__Betaproteobacteria.o__Burkholderiales	0.02185	0.09828	0.0	0.0	0.21405	1.29786	0.06511	0.1482	0.0	0.0	0.0	0.0	0.0	0.0	0.0	0.0	0.28454	0.09317	0.0	0.0	0.0	0.0	0.0	0.0	0.00608	0.0	0.0	0.0455	0.0	0.0	0.0	0.0	0.0	0.0	0.0	0.0	0.0	0.0	0.0	0.17836	0.64196	0.0	0.07406	0.0	0.0	0.01032	0.03276	0.0	0.09388	0.0	0.28796	0.0	0.0	0.0	0.08716	0.05347	0.0	0.11903	0.0	0.0	0.0	0.0	0.0	1.60988	0.0	0.0	0.04631	0.08809	0.51881	2.11926	0.0	0.0	0.00755	0.0684	0.0	0.0	0.32146	0.02592
k__Bacteria.p__Proteobacteria.c__Betaproteobacteria.o__Neisseriales	0.15708	0.06246	0.0	0.0	0.0	0.0	0.46777	0.74453	0.22732	0.00809	0.17419	0.21542	0.00853	0.0	0.0	0.01552	0.02745	0.0	0.14885	0.0	0.0	0.0	0.75409	0.27845	0.61194	0.0	2.32036	0.60611	0.0	0.0	0.97125	0.36868	0.01972	0.0	0.0	0.0	1.01315	3.85269	0.40801	1.70145	0.62213	0.0	0.71311	0.14851	0.42574	0.69303	0.0	0.87773	0.31265	0.14295	0.38087	0.12392	0.0	0.0	0.7449	0.32806	0.25109	0.01048	1.56406	0.1285	0.0	0.23564	0.36806	6.46053	0.57632	0.24707	0.0	0.0	1.43438	12.05513	0.28177	0.32763	0.00618	0.02405	0.04412	0.0	0.0	0.06635
k__Bacteria.p__Proteobacteria.c__Epsilonproteobacteria.o__Campylobacterales	0.0	0.0	0.0	0.0	0.0	0.0	0.0	0.0	0.0	0.0	0.0	0.0	0.0	0.0	0.0	0.0	0.0	0.0	0.0	0.0	0.0	0.0	0.0	0.0	0.0	0.0	0.0	0.0	0.0	0.0	0.0	0.0	0.0	0.0	0.0	0.0	0.0	0.0	0.0	0.0	0.0	0.0	0.0	0.0	0.0	0.0	0.0	0.0	0.0	0.0	0.0	0.0	0.0	0.0	0.0	0.0	0.0	0.0	0.0	0.0	0.0	0.0	0.0	0.50614	0.03009	0.01323	0.0	0.0	0.0	0.15341	0.0	0.0	0.0	0.0	0.0	0.0	0.0	0.0
k__Bacteria.p__Proteobacteria.c__Gammaproteobacteria.o__Aeromonadales	0.0	0.0	0.0	0.0	0.0	0.0	0.0	0.0	0.0	0.0	0.0	0.0	0.0	0.0	0.0	0.0	0.0	0.0	0.0	0.0	0.0	0.0	0.0	0.0	0.0	0.0	0.0	0.0	0.0	0.0	0.0	0.0	0.0	0.0	0.0	0.0	0.0	0.0	0.0	0.0	0.0	0.0	0.31939	0.0	0.0	0.0	0.0	0.0	0.0	0.0	0.0	0.0	0.0	0.0	0.0	0.0	0.0	0.0	0.0	0.0	0.0	0.0	0.0	0.0	0.0	0.0	0.0	0.0	0.36269	0.23897	0.0	0.07074	0.0	0.0	0.0	0.0	0.0	0.04157
k__Bacteria.p__Proteobacteria.c__Gammaproteobacteria.o__Cardiobacteriales	0.0	0.0	0.0	0.0	0.0	0.0	0.0	0.0	0.04125	0.0	0.0	0.0	0.0	0.0	0.0	0.0	0.0	0.0	0.0	0.0	0.0	0.0	0.0	0.0	0.0	0.0	0.0	0.0	0.0	0.0	0.0	0.0	0.0	0.0	0.0	0.0	0.0	0.0	0.0	0.0	0.0	0.0	0.0	0.0	0.0	0.0	0.0	0.0	0.0	0.0	0.0	0.0	0.0	0.0	0.07757	0.02007	0.0	0.0	0.0	0.0	0.0	0.0	0.0	0.83401	0.67454	1.1834	0.0	0.0	0.0	0.63012	0.0	0.0	0.0	0.0	0.0	0.0	0.0	0.0
k__Bacteria.p__Proteobacteria.c__Gammaproteobacteria.o__Enterobacterales	21.34867	0.08993	0.03716	0.0	0.0	0.05599	0.0	0.0	0.18907	0.01794	0.0	0.04982	0.02717	0.02442	0.0	0.00647	0.0	0.04841	0.0	0.0	0.03661	0.03365	0.22503	0.0	0.29425	0.0	0.0	0.0	0.0	0.0	0.07425	0.0	0.0	0.40056	0.0	0.05436	0.0	0.0	0.0	0.75217	0.0	0.0	0.0	0.0	0.0	0.0	0.0	0.0	0.0	0.0	0.0	0.0	0.0	0.0	0.0	0.0	0.02705	0.0	0.02008	0.10017	0.20239	0.01823	0.0	0.0	0.13033	0.0	0.00881	0.03051	0.72188	0.08204	0.05042	0.01727	0.0	0.0	0.0	0.0	0.0	0.03667
k__Bacteria.p__Proteobacteria.c__Gammaproteobacteria.o__Pasteurellales	0.26862	0.04569	0.0	0.0	0.0	0.0	0.33965	0.72045	0.06731	0.05553	0.12096	0.15547	0.07064	0.50401	0.0	0.03993	0.24987	0.01927	0.31853	0.25724	0.19527	0.00771	0.23213	0.10502	0.31848	0.0	0.13073	0.37839	0.0	0.0	2.11621	0.56115	0.0	0.0	0.29774	0.01756	1.31263	2.1295	1.39237	2.15536	4.68174	0.0	1.12134	0.98441	0.08851	0.28352	0.0	1.93968	0.24714	0.26528	0.28256	0.16058	0.0	0.0	1.17911	0.73078	0.37874	0.29952	0.05783	0.0	0.0	0.03894	0.05954	0.57271	0.39568	0.0	0.01097	0.05091	0.11899	1.10122	0.0148	0.07228	0.01912	0.11066	0.11314	0.0	0.0	0.07713
k__Bacteria.p__Proteobacteria.c__Gammaproteobacteria.o__Pseudomonadales	6.97584	4.63362	6.71529	4.95093	11.77188	14.41476	5.23141	6.73311	2.101	1.04319	1.31853	2.24764	8.21764	14.46058	0.48103	2.49242	27.05144	13.56581	2.18148	2.12764	0.32923	0.27086	0.30735	0.19044	2.05562	0.14804	16.95688	22.51649	0.99987	0.20371	0.28171	0.50526	1.63157	1.418	0.94722	0.34019	4.75267	3.7111	3.56005	4.75576	5.61116	3.87978	1.4313	3.19447	0.51787	0.53474	5.16602	5.00493	2.81508	2.27348	0.40992	0.22397	1.70252	0.78955	1.77975	1.82113	4.39305	1.18081	0.91026	1.04391	12.93868	11.15594	0.3888	0.1808	14.44858	7.88738	4.80105	4.7785	13.2082	4.07977	0.06585	0.07518	1.86234	7.24241	9.966	6.56799	2.57635	4.55569
k__Bacteria.p__Proteobacteria.c__Gammaproteobacteria.o__Vibrionales	0.0	0.0	0.0	0.0	0.0	0.0	0.0	0.0	0.0	0.0	0.0	0.0	0.0	0.0	4.44246	1.72043	0.0	0.0	0.0	0.0	0.0	0.0	0.0	0.0	0.0	0.0	0.0	0.0	0.0	0.0	0.0	0.0	0.0	0.0	0.0	0.0	0.0	0.0	0.0	0.0	0.0	0.0	0.0	0.0	0.0	0.0	0.0	0.0	0.0	0.0	0.0	0.0	0.0	0.0	0.0	0.0	0.0	0.0	0.0	0.0	0.0	0.0	0.0	0.0	0.0	0.0	0.0	0.0	0.0	0.0	0.0	0.0	0.0	0.0	0.0	0.0	0.0	0.0
k__Bacteria.p__Proteobacteria.c__Gammaproteobacteria.o__Xanthomonadales	0.0	0.0	0.0	0.0	0.10541	0.02503	0.0	0.0	0.0	0.0	0.0	0.00529	0.0	0.0	0.0	0.0	0.01744	0.0	0.0	0.0	0.0	0.0	0.0	0.0	0.0	0.0	0.0	0.0	0.0	0.0	0.0	0.0	0.0	0.0	0.0	0.0	0.0	0.0	0.0	0.0	0.0	0.0	0.0	0.03808	0.02382	0.05031	0.0	0.0	0.0	0.0	0.0	0.0	0.0	0.0	0.0	0.0	0.0	0.0	0.0	0.00286	0.0	0.11319	0.11989	0.03034	0.07827	0.02445	0.0	0.00552	0.0	0.06516	0.0	0.0	0.0	0.0	0.0	0.0	0.02466	0.02016
k__Bacteria.p__Proteobacteria.c__Proteobacteria_unclassified.o__Proteobacteria_unclassified	0.0	0.0	0.0	0.0019	0.0	0.0	0.0	0.00308	0.0	0.0	0.09809	0.15951	0.0	0.0	0.13965	0.18608	0.08404	0.0	0.0	0.0	0.0	0.0	0.2219	0.0046	0.0	0.0	0.0	0.05668	0.0	0.0	0.0	0.1537	0.0	0.0	0.0	0.0	0.0	0.0	0.0	0.0	0.0	0.0	0.0	0.0	0.00862	0.11419	0.0	0.0	0.05007	0.0	0.0	0.01234	0.0	0.0	0.00475	0.0	0.22401	0.08953	0.0	0.0	0.0	0.13152	0.0	0.0	0.15696	0.0794	0.45708	0.2774	0.22166	0.19043	0.28017	0.12434	0.0	0.00459	0.64269	0.52086	0.0	0.02305
k__Bacteria.p__Spirochaetes.c__Spirochaetia.o__Spirochaetales	0.0	0.0	0.0	0.0	0.0	0.0	0.0	0.0	0.0	0.0	0.0	0.0	0.0	0.0	0.0	0.0	0.0	0.0	0.0	0.0	0.0	0.0	0.0	0.0	0.0	0.0	0.0	0.0	0.0	0.0	0.0	0.0	0.0	0.0	0.0	0.0	0.0	0.0	0.0	0.0	0.0	0.0	0.0	0.0	0.0	0.0	0.0	0.0	0.0	0.0	0.0	0.0	0.0	0.0	0.0	0.0	0.0	0.0	0.0	0.0	0.0	0.0	0.0	0.08023	0.0	0.0	0.0	0.0	0.0	0.22765	0.0	0.0	0.0	0.0	0.0	0.0	0.0	0.0
k__Bacteria.p__Tenericutes.c__Mollicutes.o__Entomoplasmatales	0.0	0.0	0.0	0.0	0.0	0.0	0.0	0.0	0.0	0.0	0.0	0.0	0.0	0.0	0.0	0.00058	0.0	0.0	0.0	0.0	0.0	0.0	0.0	0.0	0.0	0.0	0.0	0.0	0.0	0.0	0.0	0.0	0.0	0.0	0.0	0.0	0.0	0.0	0.0	0.0	0.0	0.0	0.0	0.0	0.0	0.0	0.0	0.0	0.0	0.0	0.0	0.0	0.0	0.0	0.0	0.0	0.0	0.0	0.0	0.0	0.0	0.0	0.0	0.0	0.0	0.0	0.0	0.0	0.0	0.0	0.0	0.0	0.0	0.0	0.0	0.0	0.0	0.0
