dataset_name	HanniganGD_2017	HanniganGD_2017	HanniganGD_2017	HanniganGD_2017	HanniganGD_2017	HanniganGD_2017	HanniganGD_2017	HanniganGD_2017	HanniganGD_2017	HanniganGD_2017	HanniganGD_2017	HanniganGD_2017	HanniganGD_2017	HanniganGD_2017	HanniganGD_2017	HanniganGD_2017	HanniganGD_2017	HanniganGD_2017	HanniganGD_2017	HanniganGD_2017	HanniganGD_2017	HanniganGD_2017	HanniganGD_2017	HanniganGD_2017	HanniganGD_2017	HanniganGD_2017	HanniganGD_2017	HanniganGD_2017	HanniganGD_2017	HanniganGD_2017	HanniganGD_2017	HanniganGD_2017	HanniganGD_2017	HanniganGD_2017	HanniganGD_2017	HanniganGD_2017	HanniganGD_2017	HanniganGD_2017	HanniganGD_2017	HanniganGD_2017	HanniganGD_2017	HanniganGD_2017	HanniganGD_2017	HanniganGD_2017	HanniganGD_2017	HanniganGD_2017	HanniganGD_2017	HanniganGD_2017	HanniganGD_2017	HanniganGD_2017	HanniganGD_2017	HanniganGD_2017	HanniganGD_2017	HanniganGD_2017	HanniganGD_2017
study_condition	CRC	CRC	CRC	CRC	CRC	CRC	CRC	CRC	CRC	CRC	CRC	CRC	CRC	CRC	CRC	CRC	CRC	CRC	CRC	CRC	CRC	CRC	CRC	CRC	CRC	CRC	CRC	control	control	control	control	control	control	control	control	control	control	control	control	control	control	control	control	control	control	control	control	control	control	control	control	control	control	control	control
k__Archaea.p__Euryarchaeota.c__Methanobacteria.o__Methanobacteriales	0	2.65387	0	2.06922	0	3.61987	0	0.10064	0	0	0	0.40508	8.56939	0	0	1.0564	0	0	0	0	0	0.16822	0	0	0	0	4.88678	0	0	0	0	0	0	0	0	0	0	0	3.63518	0	0	0.35803	0	1.76247	0	0	0	0	3.99734	0.04154	0	0	0	3.23825	0.01009
k__Bacteria.p__Actinobacteria.c__Actinobacteria.o__Actinomycetales	0.14116	0	0.04663	0	0	0	0.02895	0.26895	0.47263	0.01624	0	0	0	0.01269	0	0	0	0	0	0	0	0	0	0	0	0	0	0	0	0.02999	0	0	0	0.02353	0	0.4137	0	0	0	0	0.08173	0.07999	0.34179	0	0	0	0.00672	0.07208	0	0.12066	0.0123	0	0.01351	0	0.26717
k__Bacteria.p__Actinobacteria.c__Actinobacteria.o__Bifidobacteriales	8.0156	0	9.31638	3.10217	12.62047	4.12886	46.59807	0.0	16.72463	0	0	13.43161	0	4.56578	4.03215	0.74203	0	6.09727	1.77361	2.43378	4.90697	28.31649	29.73815	27.22602	0.32433	7.31025	6.58672	0	0	4.32924	14.66715	48.21434	0.70754	0	10.1353	14.87207	14.23224	36.43415	0	0.06908	0	4.37116	57.77258	41.13176	6.77621	0	0.26945	6.56474	0	30.04765	0	13.19574	7.99502	0	1.71099
k__Bacteria.p__Actinobacteria.c__Actinobacteria.o__Micrococcales	0.24743	0.56125	0.0	0	0	0	0	0.09093	0	0	0	0	0	0	0	0	0	0	0	0	0.04257	0.00934	0.11432	0	0	0	0	0	0	0	0	0.00798	0	0.08909	0	0	0	0	0	0	0	0	0.00274	0.0	0.0	0	0	0.10335	0	0.17424	0	0	0	0	0.08592
k__Bacteria.p__Actinobacteria.c__Actinobacteria.o__Propionibacteriales	0.0	0.0	0.18189	0.0	0.0	0.0	0.0	0.0	0.0	0.0	0.0	0.0	0.0	0.0	0.0	0.0	0	0.0	0.0	0.0	0.0	0.0	0.0	0.0	0.0	0.0	0.0	0.0	0.0	0.0	0.0	0.0	0.0	0.0	0.0	0.0	0.0	0.0	0.0	0.0	0.0	0.0	0.0	0.01914	0.03334	0.0	0.0	0.0	0.0	0.0	0.0	0.0	0.0	0.0	0.0
k__Bacteria.p__Actinobacteria.c__Coriobacteriia.o__Coriobacteriales	3.0129	7.05855	10.15848	47.82234	10.94843	2.05688	14.35379	14.8971	11.87339	6.31974	7.76483	6.74588	0.0	0.0	3.38804	2.58915	0	7.24885	0.0	0.1039	26.02355	7.80137	0.0	0.0	0.24275	12.69789	12.76279	0.0	0.0	24.76136	0.0	14.60014	0.0	0.0	0.23087	28.46907	33.89524	0.40298	3.33886	0.0	0.0	11.12128	0.0	12.9393	5.22448	1.7032	6.01091	12.4162	3.62779	20.54305	8.27752	0.0	27.25855	6.6265	11.49025
k__Bacteria.p__Actinobacteria.c__Coriobacteriia.o__Eggerthellales	0.64433	1.54961	1.27124	5.35874	0.94626	0.14697	2.40889	17.70925	1.61254	4.61081	0.68353	3.74062	0.66344	0.60189	0.21905	0.71456	0	0.25433	0.2497	2.32172	2.00557	0.10711	3.89696	0.8962	0.60269	1.45834	2.10583	1.4219	4.03537	2.45816	5.24016	1.67894	1.59383	3.00587	1.37876	2.00384	2.46289	0.0	0.0	0.18334	5.51511	0.26325	0.76282	0.47732	3.56137	0.34118	1.48838	0.50317	0.01682	1.35799	1.33314	4.13708	2.79557	8.59328	1.60191
k__Bacteria.p__Bacteroidetes.c__Bacteroidia.o__Bacteroidales	0.78346	1.47016	0.0	1.86302	3.09038	6.35151	0.0	31.57109	6.61731	10.75926	0.0	0.15194	2.93842	0.0	8.22152	0.83973	0	13.02869	2.08031	3.25414	0.53846	0.15423	0.34261	0.09164	0.33901	0.84782	1.39926	4.95767	0.02393	0.0	0.00732	0.48424	17.8436	0.84934	3.61462	5.98415	0.8795	0.0	0.73692	74.86935	4.17025	5.22502	0.20564	10.47654	11.51953	8.1177	0.10291	0.30447	1.76906	0.033	10.82542	0.45345	8.75143	8.56505	0.51825
k__Bacteria.p__Firmicutes.c__Bacilli.o__Bacillales	0.04752	0.07843	0.0	0.0	0.0	0.0	0.0	0.0	0.0	0.11875	0.0	0.0	0.0	0.0	0.0	0.0	0	0.0	0.0	0.01017	0.0	0.0	0.02724	0.0	0.0	0.0	0.0	0.0	0.0	0.0	0.0	0.0	0.0	0.0	0.0	0.0	0.0	0.0	0.0	0.0	0.0	0.0	0.0	0.0	0.0	0.0	0.0	0.0	0.0	0.0	0.0	0.0	0.0	0.0	0.01619
k__Bacteria.p__Firmicutes.c__Bacilli.o__Lactobacillales	4.38483	16.94639	0.25951	0.04015	0.0	0.33235	0.56827	0.29904	0.09401	0.74818	0.06238	0.0	0.0	5.40406	0.0	0.14067	0	0.0	0.0436	0.75042	3.8884	8.32885	9.29726	0.03791	0.01218	3.50403	4.86956	1.32705	13.31929	0.23226	0.24173	3.10492	0.45611	2.72275	0.52063	0.55548	0.06174	15.47068	0.01174	0.29355	0.45723	2.96216	0.39488	2.91504	0.61607	0.87402	0.58076	14.89934	0.13501	1.27777	1.10801	0.77165	0.56131	1.49763	5.31904
k__Bacteria.p__Firmicutes.c__Clostridia.o__Clostridiales	79.96674	69.63557	67.08892	29.58186	70.94466	49.1182	35.30376	23.55826	46.0283	68.2963	90.30562	32.55023	66.45953	72.46862	81.76189	55.54914	0	70.29114	58.7248	84.00458	62.59448	35.50473	34.01887	69.42194	27.61308	72.77405	66.36432	67.71424	74.71415	67.34175	70.12534	31.10371	71.92547	90.57172	55.64135	41.23898	42.67964	43.67424	23.35832	22.06133	67.27303	74.59638	34.68939	26.16981	71.97229	82.2453	91.08118	47.71238	25.20025	46.04145	77.41286	78.21553	48.90617	64.19694	76.20644
k__Bacteria.p__Firmicutes.c__Erysipelotrichia.o__Erysipelotrichales	0.0	0.04616	9.80894	1.43447	0.0	0.12288	0.73828	0.21588	0.01033	1.63845	1.18001	0.04966	0.26777	0.1697	0.0	0.0	100	0.0	0.06721	0.48913	0.0	0.03624	10.03252	0.96686	0.13161	0.06991	0.65255	0.0	0.12756	0.70288	4.65242	0.80573	2.57055	2.73771	2.29508	0.0	0.29609	0.0	0.35709	0.01657	0.18431	0.32669	0.8728	0.0	0.09298	0.0	0.45969	11.38446	0.47766	0.13828	0.03757	2.55041	0.08589	0.13443	0.28468
k__Bacteria.p__Firmicutes.c__Firmicutes_unclassified.o__Firmicutes_unclassified	1.37955	0.0	0.0	8.6598	0.11276	0.15632	0.0	11.24819	0.37332	1.96428	0.00364	0.05885	0.0	0.0	2.09655	0.08858	0	0.64033	0.15453	4.55557	0.0	0.32244	0.0	0.75733	3.70578	1.25471	0.12957	6.62035	0.0	0.14436	0.0	0.0	0.5809	0.0	0.0	0.22883	0.0	0.0	0.1529	0.0	1.95977	0.69604	0.0	0.89775	0.07463	0.61414	0.0	0.0	0.27837	0.0	0.91594	0.1161	2.01609	0.0	0.00918
k__Bacteria.p__Firmicutes.c__Negativicutes.o__Acidaminococcales	0.0	0.0	0.0	0.06822	0.66877	0.26971	0.0	0.0	0.0	0.03691	0.0	0.0	0.0	0.0	0.0	0.03634	0	2.31851	0.44213	0.0	0.0	0.0	0.0	0.0	0.04004	0.0	0.0	0.0	0.0	0.0	0.0	0.0	0.00641	0.0	0.75987	1.06653	0.0	0.0	0.0	0.0	0.0	0.0	0.0	0.0	0.07367	0.19679	0.0	0.0	0.0646	0.0	0.0	0.0	0.0	0.0	0.0
k__Bacteria.p__Firmicutes.c__Negativicutes.o__Selenomonadales	0.0	0.0	0.63946	0.0	0.0	0.0	0	0.0	0.0	0.0	0.0	0.0	0.0	0.0	0.0	0.0	0	0.0	0.0	0.0	0	0.0	0.0	0.0	0.0	0.0	0.0	0.0	0.0	0.0	0.0	0.0	0.0	0.0	0.0	0.0	0.0	0	0.0	0.0	0.0	0.0	0.0	0.0	0.0	0.0	0.0	0	0.0	0.0	0.0	0.0	0.0	0.0	0.0
k__Bacteria.p__Firmicutes.c__Negativicutes.o__Veillonellales	0.0	0.0	0.0	0.0	0.0	0.0	0	0.03236	0.07864	0.0	0.0	0.0	0.0	0.0	0.03744	0.59698	0	0.0	0.0	0.0	0	0.0	0.06288	0.0	0.0	0.0209	0.0	1.16179	2.30891	0.0	0.0	0.0	0.0	0.0	0.0	0.0612	0.59793	0	0.0	0.87825	0.0	0.0	0.01295	0.0	0.0	0.0	0.0	0	0.0	0.0	0.0	0.31266	0.0	0.0	0.02278
k__Bacteria.p__Firmicutes.c__Tissierellia.o__Tissierellales	0.0	0.0	0.0	0.0	0.0	0.0	0	0.0	0.0	0.02451	0.0	0.0	0.0	0.0	0.0	0.0	0	0.0	0.0	0.0	0	0.0	0.0	0.0	0.0	0.0	0.0	0.0	0.0	0.0	0.0	0.0	0.0	0.0	0.0	0.0	0.0	0	0.0	0.0	0.0	0.0	0.0	0.0	0.0	0.0	0.0	0	0.0	0.0	0.0	0.0	0.0	0.0	0.0
k__Bacteria.p__Fusobacteria.c__Fusobacteriia.o__Fusobacteriales	0.0	0.0	0.0	0.0	0.0	0.0	0	0.0	0.0	0.0	0.0	1.13367	0.0	0.0	0.0	0.0911	0	0.0	0.0	0.0	0	0.0	0.0	0.0	0.0	0.0	0.0	0.0	0.0	0.0	0.0	0.0	0.0157	0.0	0.0	0.0	0.0	0	0.0	0.0	0.0	0.0	0.0	0.0	0.0	0.0	0.0	0	0.0	0.0	0.0	0.0	0.0	0.0	0.0
k__Bacteria.p__Proteobacteria.c__Betaproteobacteria.o__Burkholderiales	0	0	0	0	0.0	0.0	0	0.0	0.0	0.0	0	0.0	0	0.0	0.20757	0.0	0	0.12088	0.15809	0.0	0	0.0	0.0	0.0	0	0	0	0	0.15248	0	0	0	0.0	0	0.0708	0.0	0	0.0	0	0.38109	0.0	0	0.0	0	0.0	0.0	0	0.0	0.0	0	0.0	0.0	1.2192	0.0	0.0
k__Bacteria.p__Proteobacteria.c__Deltaproteobacteria.o__Desulfovibrionales	0	0	0	0	0.40905	0.0	0	0.0	0.0	0.0	0	0.0	0	0.0	0.0	0.0	0	0.0	0.01463	0.0	0	0.0	0.0	0.0	0	0	0	0	0.0	0	0	0	0.0	0	0.0	0.0	0	0.0	0	0.0	0.0	0	0.0	0	0.0	0	0	0.0	0.0	0	0.0	0.0	0.0	0.0	0.00679
k__Bacteria.p__Proteobacteria.c__Gammaproteobacteria.o__Enterobacterales	0	0	0	0	0	1.97572	0	0.00831	1.10887	5.46657	0	41.73247	0	16.70796	0	37.46977	0	0	0	2.07658	0	19.02176	12.4692	0.6021	0	0	0	0	0.0	0	0	0	4.29989	0	0	5.00747	0	4.01796	0	0	0.80404	0	4.94441	0	0.0	0	0	6.01612	0.28172	0	0.07723	0.24739	0	0.04274	0.61072
k__Bacteria.p__Proteobacteria.c__Gammaproteobacteria.o__Pasteurellales	0.0	0	0.0	0	0.0	0.0	0	0	0.0	0	0	0	0.0	0.0	0.0	0.0	0	0	0.0	0	0	0.0	0	0	0.0	0.0	0.0	0.0	0.03163	0	0.0	0	0	0	0.0	0.0	0.0	0	0.0	0.0	0.0	0	0	0.0	0.05542	0.0	0	0.0	0.0	0.0	0	0	0.0	0.0	0.0
k__Bacteria.p__Proteobacteria.c__Proteobacteria_unclassified.o__Proteobacteria_unclassified	0.0	0	0.0	0	0.0	0.0	0	0	0.0	0	0	0	0.0	0.0	0.0	0.0	0	0	0.0	0	0	0.0	0	0	0.0	0.0	0.0	0.0	0.0	0	0.0	0	0	0	0.0	0.09866	0.0	0	0.0	1.24742	0.0	0	0	0.0	0.0	0.00362	0	0.0	0.0	0.0	0	0	0.27395	0.0	0.0
k__Bacteria.p__Verrucomicrobia.c__Verrucomicrobiae.o__Verrucomicrobiales	1.37649	0	1.22855	0	0.25923	31.72071	0	0	15.00604	0	0	0	21.10144	0.06929	0.03578	0.08554	0	0	36.29139	0	0	0.22922	0	0	66.98852	0.0621	0.24262	16.79701	5.28667	0	5.06588	0	0	0	25.35271	0	4.89473	0	68.409	0	19.55452	0	0	3.21088	0	5.90405	0	0.02369	64.15138	0.22438	0	0	0.12331	7.10517	1.83959
