dataset_name	Heitz-BuschartA_2016	Heitz-BuschartA_2016	Heitz-BuschartA_2016	Heitz-BuschartA_2016	Heitz-BuschartA_2016	Heitz-BuschartA_2016	Heitz-BuschartA_2016	Heitz-BuschartA_2016	Heitz-BuschartA_2016	Heitz-BuschartA_2016	Heitz-BuschartA_2016	Heitz-BuschartA_2016	Heitz-BuschartA_2016	Heitz-BuschartA_2016	Heitz-BuschartA_2016	Heitz-BuschartA_2016	Heitz-BuschartA_2016	Heitz-BuschartA_2016	Heitz-BuschartA_2016	Heitz-BuschartA_2016	Heitz-BuschartA_2016	Heitz-BuschartA_2016	Heitz-BuschartA_2016	Heitz-BuschartA_2016	Heitz-BuschartA_2016	Heitz-BuschartA_2016	Heitz-BuschartA_2016	Heitz-BuschartA_2016	Heitz-BuschartA_2016	Heitz-BuschartA_2016	Heitz-BuschartA_2016	Heitz-BuschartA_2016	Heitz-BuschartA_2016	Heitz-BuschartA_2016	Heitz-BuschartA_2016	Heitz-BuschartA_2016	Heitz-BuschartA_2016	Heitz-BuschartA_2016	Heitz-BuschartA_2016	Heitz-BuschartA_2016	Heitz-BuschartA_2016	Heitz-BuschartA_2016	Heitz-BuschartA_2016	Heitz-BuschartA_2016	Heitz-BuschartA_2016	Heitz-BuschartA_2016	Heitz-BuschartA_2016	Heitz-BuschartA_2016	Heitz-BuschartA_2016	Heitz-BuschartA_2016	Heitz-BuschartA_2016	Heitz-BuschartA_2016	Heitz-BuschartA_2016
study_condition	T1D	T1D	T1D	control	control	control	control	control	control	T1D	T1D	T1D	control	control	T1D	T1D	T1D	T1D	T1D	T1D	T1D	T1D	T1D	control	control	control	T1D	T1D	control	control	control	control	control	T1D	T1D	T1D	T1D	T1D	control	control	T1D	T1D	T1D	T1D	T1D	control	control	control	control	control	control	control	control
k__Archaea.p__Euryarchaeota.c__Methanobacteria.o__Methanobacteriales	0.52288	0.22834	0.45593	0.00216	0.20628	0.02242	0	0	0	1.21879	1.696	0.25036	1.67828	0.65814	0.00634	0.0105	0.00739	0	0	0	0	0	0	0	0	0	0	0	0	0	0	0	0	0.02233	0.58628	0.70679	0	0	0	0	0	0	0	0	0	0	0	0	0	0	0	0.06331	1.81715
k__Archaea.p__Euryarchaeota.c__Thermoplasmata.o__Methanomassiliicoccales	0	0	0	0	0	0	0	0	0	0	0	0	0	0	0	0	0	0	0	0	0	0	0	0	0	0	0	0	0.37712	0.84453	0	0	0	0	0	0	0	0	0	0	0	0	0	0	0	0	0	0	0	0	0	0	0
k__Bacteria.p__Actinobacteria.c__Actinobacteria.o__Actinomycetales	0	0	0.00597	3.00E-04	0	0	0	0.02967	0.01166	0.03897	0.02745	0.01719	0.00296	0.00207	0.00096	0	0	0.00324	0.0023	0.00479	0	0	0	0	0	0.00328	0.01426	0.02152	0	0	0.08729	0.00257	0.00198	0.00292	0.02511	0.0343	0.00223	0.00162	0.00123	0.02791	0.00176	0.00604	0	0	0	0	0	0.00061	0.06064	0	0.00857	0	0.00156
k__Bacteria.p__Actinobacteria.c__Actinobacteria.o__Bifidobacteriales	1.82528	0.44247	1.2886	1.24529	0.28578	0.57279	0.49395	0.48662	0.7872	0.4323	4.03218	0.01091	2.07703	1.6871	0.66712	0.12919	1.35224	0.00306	0	0.17155	0	0	0	0.07729	0.03976	1.92653	1.32744	0.73479	3.96834	4.41874	9.79325	14.11818	24.50401	2.59783	2.20663	8.4127	0.81624	2.35119	4.45822	5.275	0.08603	4.28264	0.69232	0.44425	0.38153	3.66354	0.21079	6.54126	12.00059	0.23004	0.09625	0.11099	0
k__Bacteria.p__Actinobacteria.c__Actinobacteria.o__Micrococcales	0	0	0	0.00774	0	0	0.0	0.00213	0	0.0247	0.0	0.01006	0	0	0	0	0.00103	0.00187	0.03409	0.00414	0	0	0	0	0.0	0.0	0.00283	0.02048	0	0	0	0	0	0.01208	0.00025	0.01046	0	0	0	0.04711	0.01158	0	0.00039	0.00083	0	0	0	0	0.02609	0	0.02388	0	0
k__Bacteria.p__Actinobacteria.c__Actinobacteria.o__Propionibacteriales	0.0	0.0	0.0	0.0	0.0	0.0	0.00337	0.00096	0.0	0.0	0.03507	0.0	0.0	0.0	0.0	0.0	0.0	0.0	0.03606	0.0025	0.0	0.0	0.0	0.0	0.00281	0.01334	0.0	0.0	0.0	0.0	0.0	0.0	0.0	0.0	0.0	0.0	0.0	0.0	0.0	0.0	0.0	0.0	0.0	0.0	0.0	0.0	0.0	0.0	0.0	0.0	0.0	0.0	0.0
k__Bacteria.p__Actinobacteria.c__Coriobacteriia.o__Coriobacteriales	2.5614	0.51344	2.45457	1.49406	0.72716	0.63892	2.21764	1.83125	1.08472	0.65729	0.74472	0.32314	1.15343	0.80253	0.79223	0.40433	0.37488	0.72573	0.1987	0.25454	0.00203	0.0	0.0	0.71519	0.36386	0.53267	0.0	0.0	0.18115	0.369	6.2555	3.38668	4.97728	1.1025	1.12612	2.83713	0.20266	0.14859	3.9807	3.48127	3.88486	11.67189	0.98212	4.63338	1.34755	1.23312	1.11513	2.57726	4.95614	0.98429	1.06988	0.42817	2.16366
k__Bacteria.p__Actinobacteria.c__Coriobacteriia.o__Eggerthellales	0.50905	0.23514	0.47024	0.5025	0.63054	0.35042	0.50788	0.15916	0.32226	0.25241	0.4833	0.11419	0.16247	0.05051	0.44166	0.16122	0.26093	0.48917	0.6607	0.39978	0.26797	0.15747	0.13483	0.82104	0.24193	0.44825	0.56077	0.35724	0.32543	0.35497	0.36113	0.20451	0.29342	0.18527	0.27614	0.38308	0.25447	0.23921	0.08801	0.13363	0.05718	0.15615	0.04644	0.17867	0.02514	0.05594	0.01776	0.02649	0.03586	0.01855	0.01972	0.02363	0.127
k__Bacteria.p__Bacteroidetes.c__Bacteroidia.o__Bacteroidales	37.79552	46.16071	40.07862	37.81485	32.41927	31.08654	49.04297	39.2809	61.50404	50.81379	31.42296	71.67384	50.68096	62.32767	35.8236	57.53018	34.83053	18.20122	26.19681	25.24959	65.16145	70.66368	73.03227	40.04579	38.68615	53.70176	37.84319	37.59922	48.1887	43.21971	38.30119	49.39915	39.09433	45.94729	51.91678	28.40001	63.95411	60.08202	76.39223	56.24514	61.32674	58.51968	79.09246	55.97989	76.59458	59.82274	77.20023	58.1027	38.76758	79.13148	74.2351	74.32193	33.76476
k__Bacteria.p__Firmicutes.c__Bacilli.o__Bacillales	0.0	0.0	0.0	0.00856	0.0	0.0	0.0	0.0	0.0	0.0	0.0	0.0	0.0	0.0	0.0	0.00096	0.0	0.01384	0.00636	0.0124	0.0	0.0	0.0	0.0	0.0	0.0	0.0	0.0	0.0	0.00276	0.01114	0.0	0.0	0.0	0.00251	0.0	0.00236	0.0	0.0	0.04601	0.15073	0.0	0.0	0.0	0.01617	0.0	0.0054	0.0	0.05469	0.02582	0.02038	0.02142	0.0
k__Bacteria.p__Firmicutes.c__Bacilli.o__Lactobacillales	0.19841	0.38351	0.35028	1.18004	0.24699	0.45116	0.05037	0.28627	0.28086	1.37301	0.12834	3.1434	0.34137	0.39445	0.13929	0.05512	0.11409	0.55745	1.36855	0.92599	0.0	0.1979	0.0682	0.20226	0.14905	0.25288	0.81924	0.63156	1.07305	3.23324	0.25592	0.32962	0.24487	0.51622	0.4341	2.71618	0.28741	0.54682	0.1335	1.09886	0.48486	0.1672	0.05947	0.01759	0.05027	1.53654	0.02666	0.4249	0.95034	0.07683	0.11772	0.37526	0.21881
k__Bacteria.p__Firmicutes.c__Clostridia.o__Clostridiales	47.21262	41.287	41.32306	53.09178	61.54586	64.76229	45.6209	55.23172	33.36369	38.65892	49.80114	22.01221	40.67664	30.88223	46.81609	38.50372	52.98774	78.56047	68.86524	68.90193	28.14401	23.71396	21.29813	49.1973	33.55097	30.59696	57.94197	57.50647	42.55518	41.14386	31.19174	27.6705	25.40951	46.26873	39.43167	53.52748	33.27579	34.09732	8.42278	30.88074	31.29823	21.22729	18.0099	31.65803	19.16525	28.55305	18.19724	20.60753	32.19142	16.55004	11.8253	21.98278	57.53476
k__Bacteria.p__Firmicutes.c__Erysipelotrichia.o__Erysipelotrichales	1.06875	0.34309	0.93084	0.34972	0.05719	0.1124	0.01552	0.54365	0.01683	0.24953	0.08697	0.11911	0.04733	0.18419	0.48785	0.17036	0.14093	0.17811	0.20516	0.25607	0.04539	0.09699	0.07523	1.90141	1.88158	1.5127	0.76183	0.40469	0.24197	0.5269	0.66152	0.47603	0.50927	0.0	0.05997	0.02407	0.46543	0.16157	1.02987	1.30995	1.4572	1.28357	0.60361	0.73555	0.2964	0.72537	0.34644	1.62791	5.25924	0.38477	2.13067	0.37772	0.9641
k__Bacteria.p__Firmicutes.c__Firmicutes_unclassified.o__Firmicutes_unclassified	0.74169	1.07808	1.95741	0.25847	0.14842	0.14808	0.21342	0.18195	0.18176	0.75639	2.21337	0.04953	0.33879	0.04581	0.89346	0.75524	0.26821	0.1561	0.24931	0.24652	0.16571	0.22793	0.10322	0.93922	1.36383	3.08448	0.01165	0.19503	0.72552	1.31526	1.49809	0.60066	0.51243	0.86551	0.73939	0.60116	0.7393	2.11491	0.05788	0.03993	0.00834	1.94	0.09918	2.22857	0.04493	0.56601	0.03904	1.03384	1.02272	0.03225	0.02311	0.0206	0.70829
k__Bacteria.p__Firmicutes.c__Negativicutes.o__Acidaminococcales	4.55566	7.21873	6.8999	0.02673	0.02324	0.00118	0.0	0.0	0.0	0.0	0.00606	0.0098	0.00945	0.0163	0.0	0.0	0.0	0.77693	0.83076	1.15125	0.81713	0.4102	0.25732	0.0	0.0	0.0	0.0	0.0	0.0	0.0	1.08205	0.7873	0.68068	1.36988	1.72657	1.54182	0.0	0.0	3.39762	0.37927	0.0	0.0	0.0	0.0	0.0	0.0	0.0	1.86454	2.31265	0.0	9.01056	1.99977	2.47224
k__Bacteria.p__Firmicutes.c__Negativicutes.o__Selenomonadales	0.0	0.0	0.0	0.0	0.0	0.00554	0.0	0.0	0.0	0.25788	0.28561	0.04981	0.0	0.0	0.0	0.0	0.0	0.0	0.0	0.0	0.0	0.0	0.0	0.0	0.0	0.0	0.0	0.0	0.0	0.0	0.0	0.0	0.0	0.0	0.0	0.0	0.0	0.0	0.0	0.0	0.0	0.0	0.01759	3.2714	1.65838	0.0	2.44812	0.0	0.0	2.3081	0.0	0.0	0.0
k__Bacteria.p__Firmicutes.c__Negativicutes.o__Veillonellales	0.0	0.03912	0.18419	0.67644	0.26347	0.11526	0.09742	0.70606	0.00634	1.8474	1.16633	1.41364	1.15637	0.53921	0.03013	0.33383	0.35223	0.0	0.01092	0.0	0.0	0.0	0.01417	0.00517	0.0	0.01391	0.34239	0.34076	0.15432	0.50486	0.0153	0.0	0.0	0.02164	0.10226	0.05697	0.0	0.05424	0.16729	0.28943	0.10338	0.04024	0.03856	0.63368	0.27128	0.0627	0.27343	0.0	0.5425	0.17585	0.29259	0.02162	0.01247
k__Bacteria.p__Firmicutes.c__Tissierellia.o__Tissierellales	0.0	0.0	0.0	0.0	0.0	0.0	0.00044	0.00574	0.00284	0.00259	0.00345	0.00038	0.0	0.0	0.0	0.0	0.0	0.0	0.0	0.0	0.0	0.0	0.0	0.0	0.0	0.0	0.0	0.0	0.0	0.0	0.01768	0.0	0.00157	0.0	0.00972	0.0	0.0	0.0	0.0	0.01137	0.15386	0.00491	0.02013	0.01207	0.01835	0.0	0.01652	0.0	0.0	0.02031	0.0	0.0	0.0
k__Bacteria.p__Fusobacteria.c__Fusobacteriia.o__Fusobacteriales	0.0	0.0	0.0	0.0	0.0	0.0	0.0	0.0	0.0	0.00237	0.0	0.0	0.0	0.0	0.0	0.0	0.0	0.0	0.0	0.0	0.0	0.0	0.0	0.40217	0.11679	0.23911	0.0	0.0	0.0	0.0	0.0	0.0	0.0	0.0	0.0	0.0	0.0	0.0	0.0	0.01862	0.3778	0.0	0.01276	0.0	0.00172	0.0	0.00385	0.0	0.00058	0.0	0.0	0.0	0.0
k__Bacteria.p__Lentisphaerae.c__Lentisphaeria.o__Victivallales	0.04584	0.10953	0.07234	0.0	0.0	0.0	0.0	0.0	0.0	0.12741	0.06145	0.0	0.0	0.0	0.0	0.0	0.0	0.0	0.0	0.0	0.01741	0.02962	0.02791	0.00243	0.20219	0.02385	0.0	0.0	0.0	0.0	0.0	0.0	0.0	0.0232	0.02317	0.02323	0	0.0	0.0	0.0	0.0	0.0	0.0	0.0	0.0	0.0	0.0	0.0	0.0	0.0	0.0	0.0	0.0
k__Bacteria.p__Proteobacteria.c__Alphaproteobacteria.o__Pelagibacterales	0.0	0.0	0.0	0.0	0.0	0.0	0.0	0.0	0.0	0.0	0.0	0.0	0.0	0.0	0.0	0.0	0.0	0.0	0.0	0.0	0.0	0.0	0.0	0.0	0.0	0.0	0.00067	0.0	0.0	0.0	0.0	0.0	0.0	0.0	0.0	0.0	0	0.0	0.0	0.0	0.0	0.0	0.0	0.0	0.0	0.0	0.00207	0.0	0.0	0.0	0.0	0.0	0.0
k__Bacteria.p__Proteobacteria.c__Betaproteobacteria.o__Burkholderiales	0.05492	0.05174	0.04603	0.5173	0.43706	0.27214	0.16092	0.1299	0.26737	0.0893	0.09039	0.05147	0.07164	0.06504	0.20329	0.53641	0.39505	0.17296	1.00623	0.72099	1.08692	0.62766	1.17125	1.11626	1.05967	1.20853	0.0	0.0	1.78059	1.93913	1.4319	1.07839	0.87327	0.55427	0.39936	0.39365	0	0.0	0.96658	0.11085	0.0884	0.09879	0.04687	0.03761	0.03949	3.48578	0.01522	0.34395	1.54244	0.01133	0.08266	0.09013	0.20949
k__Bacteria.p__Proteobacteria.c__Betaproteobacteria.o__Neisseriales	0.0	0.0	0.0	0.0	0.0	0.0	0.0	0.0	0.0	0.0	0.0	0.0	0.0	0.0	0.0	0.0	0.0	0.0	0.0	0.0	0.0	0.0	0.0	0.0	0.0	0.0	0.0	0.0	0.0	0.0	0.0	0.0	0.0	0.0	0.0	0.0	0	0.0	0.0	0.01925	0.0	0.0	0.0	0.0	0.0	0.0	0.0	0.0	0.0	0.0	0.00177	0.0	0.0
k__Bacteria.p__Proteobacteria.c__Deltaproteobacteria.o__Desulfovibrionales	0.31215	0.20835	0.39053	0.0	0.0	0.0	0.0	0.0	0.0	0.37155	0.33271	0.069	0.379	0.37481	0.01603	0.0285	0.00426	0.14949	0.11093	0.07896	0.04034	0.02565	0.02128	0.01321	0.00644	0.00834	0.02101	0.03282	0.0614	0.04124	0.09549	0.15318	0.11649	0.15262	0.29089	0.15384	0	0.0	0.0	0.0	0.0105	0.09307	0.00956	0.08726	0.02044	0.14109	0.01123	0.11346	0.0	0.00712	0.63172	0.03034	0.0
k__Bacteria.p__Proteobacteria.c__Epsilonproteobacteria.o__Campylobacterales	0.0	0.0	0.0	0.0	0.0	0.0	0.0	0.0	0.0	0.0	0.0	0.00241	0.0	0.0061	0.0	0.0	0.0	0.0	0.0	0.0	0.0	0.0	0.0	0.0	0.0	0.0	0.0	0.0	0.0	0.0	0.0	0.0	0.0	0.0	0.0	0.0	0	0.0	0.0	0.00793	0.01277	0.0	0.0	0.0	0.0	0.0	0.0	0.0	0.0	0.0	0.0	0.0	0.0
k__Bacteria.p__Proteobacteria.c__Gammaproteobacteria.o__Enterobacterales	2.34775	0.61072	1.87462	0.30635	0.00104	0.02348	0.01028	0.0	0	1.00031	0.52516	0.00392	0.00148	0.61401	13.67037	1.34457	8.67378	0.00545	0.03374	1.57726	0.24148	0.04224	0.07866	0.05751	13.09509	0.35435	0.13001	0.08216	0	0.08159	0.26843	0.20607	0.10592	0.10155	0.19991	0.07012	0	0.15355	0.82718	0.22041	0.06503	0.50662	0.20496	0.01818	0.00104	0.00147	0.0	6.71522	0.0	0.0	0.2311	0.12572	0.0
k__Bacteria.p__Proteobacteria.c__Gammaproteobacteria.o__Pasteurellales	0.00494	0.02746	0.12239	0.2312	0.06525	0.00762	0.0	0.06006	0.0	0.21834	0.07168	0.66349	0.09783	0.02931	0.0	0.0	0.00531	0.0	0.13891	0.01023	0.0	0.00321	0.01864	0.00158	0.0	0.00968	0.06467	0.07367	0.0	0.0	0.00905	0.0	0.0	0.11134	0.02898	0.02717	0	0.04896	0.03567	0.35733	0.27187	0.00109	0.06369	0.01704	0.06749	0.00861	0.07088	0.00849	0.22853	0.04322	0.0293	0.00659	0.00192
k__Bacteria.p__Proteobacteria.c__Proteobacteria_unclassified.o__Proteobacteria_unclassified	0.0	0.0	0.00162	2.1961	1.60462	1.3053	1.56492	1.06395	2.17041	0.0021	0.0136	0.0	0.0	0.0	0.01159	0.03588	0.0176	0.00491	0.04525	0.03153	0.05349	0.0314	0.06019	0.05436	0.0494	0.05528	0.0	0.0	0.12654	0.21954	0.08054	0.05848	0.05054	0.14483	0.41419	0.07985	0	0.0	0.04123	0.0	0.0	0.0	0.0	0.0	0.0	0.14404	0.0	0.01183	0.04799	0.0	0.0	0.0	0.00379
k__Bacteria.p__Spirochaetes.c__Spirochaetia.o__Spirochaetales	0.0	0.0	0.0	0.0	0.0	0.0	0.0	0.0	0.0	0.0	0.0	0.0	0.0	0.0	0.0	0.0	0.0	0.0	0.0	0.0	0.0	0.0	0.0	0.0	0.0	0.0	0.0	0.0	0.0	0.0	0.0	0.0	0.0	0.0	0.0	0.0	0	0.0	0.0	0.0	0.14264	0.0	0.0	0.0	0.0	0.0	0.0	0.0	0.0	0.0	0.0	0.0	0.0
k__Bacteria.p__Synergistetes.c__Synergistia.o__Synergistales	0.0	0.0	0.0	0.0	0.0	0.0	0	0	0	0.0	0.0	0.0	0.02994	0.00252	0	0	0.0	0	0	0	0.0	0.0	0.0	0.0	0.0	0.0	0.0	0.0	0.0	0.0	0.0	0.0	0.0	0	0	0	0	0	0	0	0.00623	0.00082	0	0.0	0	0	0	0	0	0	0.0	0	0
k__Bacteria.p__Verrucomicrobia.c__Verrucomicrobiae.o__Verrucomicrobiales	0.24315	1.06257	1.09285	0.0904	1.33783	0.12444	0	0	0	1.60464	6.77206	0.01212	1.09501	1.31798	0	0	0.21381	0	0	0	3.95668	3.77209	3.63869	4.44781	9.19045	6.0141	0.09078	1.83929	0.24073	1.7847	8.58281	1.52869	2.62444	0	0	0	0	0	0	0	0.0	0.0	0	0.04602	0	0	0	0	0	0	0.14973	0	0
