dataset_name	ThomasAM_2018b	ThomasAM_2018b	ThomasAM_2018b	ThomasAM_2018b	ThomasAM_2018b	ThomasAM_2018b	ThomasAM_2018b	ThomasAM_2018b	ThomasAM_2018b	ThomasAM_2018b	ThomasAM_2018b	ThomasAM_2018b	ThomasAM_2018b	ThomasAM_2018b	ThomasAM_2018b	ThomasAM_2018b	ThomasAM_2018b	ThomasAM_2018b	ThomasAM_2018b	ThomasAM_2018b	ThomasAM_2018b	ThomasAM_2018b	ThomasAM_2018b	ThomasAM_2018b	ThomasAM_2018b	ThomasAM_2018b	ThomasAM_2018b	ThomasAM_2018b	ThomasAM_2018b	ThomasAM_2018b	ThomasAM_2018b	ThomasAM_2018b	ThomasAM_2018b	ThomasAM_2018b	ThomasAM_2018b	ThomasAM_2018b	ThomasAM_2018b	ThomasAM_2018b	ThomasAM_2018b	ThomasAM_2018b	ThomasAM_2018b	ThomasAM_2018b	ThomasAM_2018b	ThomasAM_2018b	ThomasAM_2018b	ThomasAM_2018b	ThomasAM_2018b	ThomasAM_2018b	ThomasAM_2018b	ThomasAM_2018b	ThomasAM_2018b	ThomasAM_2018b	ThomasAM_2018b	ThomasAM_2018b	ThomasAM_2018b	ThomasAM_2018b	ThomasAM_2018b	ThomasAM_2018b	ThomasAM_2018b	ThomasAM_2018b
study_condition	CRC	CRC	control	CRC	CRC	CRC	CRC	CRC	CRC	CRC	control	control	control	CRC	control	CRC	control	CRC	CRC	CRC	CRC	CRC	CRC	CRC	control	CRC	CRC	control	CRC	CRC	CRC	control	control	CRC	CRC	CRC	CRC	CRC	CRC	CRC	control	control	CRC	control	CRC	control	control	control	control	control	control	control	control	control	control	control	control	control	control	control
k__Archaea.p__Euryarchaeota.c__Methanobacteria.o__Methanobacteriales	0	3.62723	0.17269	0.10067	0	0.24287	7.03473	2.90302	0	1.35646	0	0	0	0.95707	0.17658	0.0121	0	2.18754	0	3.64012	0	0	2.18173	0.03032	0	0	0	0	0	0.71279	6.26791	0.31428	0	0.97207	0.67338	1.26395	0.81047	1.49031	0.43324	3.54576	2.65331	0	0	0	0.20632	0.16062	1.75904	0	0	0.01263	0	0	0	0	0	0.13739	0	0	0.05425	0
k__Archaea.p__Euryarchaeota.c__Thermoplasmata.o__Methanomassiliicoccales	0	0	0	0	0	0	0	0	0	0	0	0	0	0	0	0	0	0	0	0	0	0	0	0	0	0	0	0	0	0	0	0	0	0	0	0.11418	0	0	0	0	0	0	0	0	0	0	0	0	0	0	0	0	0	0	0	0	0	0	0	0
k__Bacteria.p__Actinobacteria.c__Actinobacteria.o__Actinomycetales	0.45042	0.36247	0.13688	0.09778	0.07527	0.06273	0.02881	0.00505	0.99122	0.00613	0.01442	0.06779	0	0.0425	0.07816	0.04639	0.07113	0.07425	0.13736	0.06125	0.15289	0.022	0.01838	0.02491	0.01976	0.2497	0.2396	0.12604	0.06412	0.07476	0.04892	0.02917	0.03541	0	0.03617	0.0665	0.00664	0.07335	0.01133	0.15179	0.08268	0.0819	0.07625	0.10104	0.34174	0.118	0.00722	0.09318	0.10845	0.07722	0.02591	0.02418	0.02487	0.06557	0.04427	0.04957	0.02852	0.02683	0.02671	0.02183
k__Bacteria.p__Actinobacteria.c__Actinobacteria.o__Bifidobacteriales	0.24272	5.39271	12.55324	4.43617	4.83572	13.03933	6.64145	4.19047	10.87326	0.16869	13.90721	17.26291	6.015	17.59326	1.96197	0.63192	9.65333	2.43749	4.43642	22.81127	0.27619	4.83362	2.22243	1.59903	0.64874	13.82013	4.2958	3.00378	5.97808	3.95213	1.49866	14.03688	2.17731	37.51478	0.96631	20.96535	1.89288	5.19774	0.33101	1.93243	14.94743	0.20678	0.0	7.66076	8.20335	9.59703	8.95047	16.91552	1.3764	0.10405	8.0631	21.30607	1.39164	4.23811	13.46787	9.37454	37.62774	5.05345	0.46513	1.63698
k__Bacteria.p__Actinobacteria.c__Actinobacteria.o__Corynebacteriales	0.0	0.0	0.0	0.0	0.0	0.0	0.0	0.0	0.00545	0.0	0.0	0.00098	0.0	0.0	0.00058	0.0	0.0	0.0	0.0154	0.0	0.07351	0.0	0.0	0.0	0.0	0.00108	0.0	0.0	0.00479	0.0	0.01679	0.0	0.00182	0.0	0.0	0.0	0.0	0.0	0.0	0.0	0.0	0.0	0.00176	0.0	0.0	0.0	0.0	0.0	0.0	0.0	0.0	0.0	0.0	0.0	0.0	0.0	0.0	0.0	0.0	0.0
k__Bacteria.p__Actinobacteria.c__Actinobacteria.o__Micrococcales	0.12845	0.00102	0.01555	0	0.00659	0	0	0	0.03085	0	0	0.0	0	0	0.00259	0	0.01642	0	0.03334	0	0.04395	0.02737	0	0.00744	0.00797	0.0	0	0.02362	0.0	0	0.0	0.01421	0.12273	0	0.01848	0	0	0	0	0.01115	0	0.02205	0.00199	0.03871	0	0.0073	0	0	0.00823	0.02425	0	0	0	0	0.00142	0	0.0005	0	0	0
k__Bacteria.p__Actinobacteria.c__Actinobacteria.o__Propionibacteriales	0.0	0.0	0.0	0.0	0.0	0.0	0.0	0.0	0.0	0.0	0.0	0.0	0.0	0.0	0.0	0.0	0.0	0.0	0.0	0.0	0.0	0.0	0.0	0.0	0.0	0.0	0.0	0.0	0.0	0.0	0.0	0.0	0.0	0.0	0.0	0.0	0.0	0.0	0.0	0.0	0.0	0.0	0.0	0.0	0.0	0.0	0.0	0.0	0.0	0.0	0.0	0.0	0.0	0.0	0.0	0.0	0.00031	0.0	0.0	0.0
k__Bacteria.p__Actinobacteria.c__Coriobacteriia.o__Coriobacteriales	1.89033	2.84707	13.81634	0.0	5.88097	3.55891	0.54309	2.47432	6.50204	0.39982	3.70274	0.01087	4.59042	6.1778	1.9805	3.93294	0.95341	1.25042	1.2774	10.63772	2.23643	2.56547	3.51163	2.5237	0.57527	2.21238	2.21575	3.24822	2.78682	7.72374	4.57746	3.20396	2.66291	3.93597	2.56368	6.71041	3.37221	4.25753	0.53861	1.984	2.55547	1.51798	0.0	2.13054	4.41107	3.17324	6.91846	6.66536	0.0	3.32873	1.53858	4.98231	3.51445	2.58232	4.68742	1.07094	3.45081	0.0	1.91056	1.90842
k__Bacteria.p__Actinobacteria.c__Coriobacteriia.o__Eggerthellales	1.66341	0.16031	2.45656	1.27129	0.47756	0.40329	0.09833	0.09354	1.55719	0.07835	0.16646	0.2948	0.08305	0.76163	0.27675	0.15771	0.15944	0.27728	0.13941	0.0127	0.13936	0.04376	0.3378	0.16915	0.48578	1.89128	0.42714	0.31326	0.27076	0.14846	0.18047	0.10932	0.0524	0.2619	0.17266	0.15937	0.29947	1.04241	0.20059	0.54886	0.80521	0.56628	1.72121	0.43172	0.05462	0.00287	0.36499	0.39635	1.26189	0.41932	0.34359	0.17136	0.85463	0.26015	1.85548	0.64856	1.05823	1.11249	0.00277	0.36426
k__Bacteria.p__Bacteroidetes.c__Bacteroidia.o__Bacteroidales	27.52496	14.37512	45.944	9.96392	43.22211	10.58297	47.6535	37.48817	40.15689	9.71306	17.3322	63.24656	45.84112	28.19299	24.77146	21.62143	20.31215	9.45191	30.86852	38.24265	25.31871	41.03563	39.11762	6.04599	25.95704	20.79246	27.07338	33.84277	22.67457	12.08044	28.02467	32.19024	41.86135	23.306	44.52255	19.07401	29.13284	16.64018	26.31751	15.33442	17.25466	48.07586	28.7578	49.62879	23.14018	12.20742	31.89573	14.62624	41.91007	18.32261	21.3953	17.61822	41.57468	39.2907	16.34711	19.71084	37.40184	33.73477	46.77401	37.36672
k__Bacteria.p__Candidatus_Melainabacteria.c__Candidatus_Melainabacteria_unclassified.o__Candidatus_Gastranaerophilales	0.0	0.0	0.0	0.00788	0.0	0.0	0.0	0.0	0.0	0.0	0.0	0.0	0.0	0.0	0.0	0.0	0.0	0.0	0.0	0.0	0.0	0.0	0.0	0.0	0.0	0.0	0.0	0.0	0.0	0.0	0.0	0.0	0.0	0.01703	0.0	0.0	0.0	0.0	0.0	0.0	0.0	0.0	0.0	0.0	0.0	0.0	0.0	0.0	0.0	0.0	0.0	0.0	0.14962	0.0	0.0	0.0	0.0	0.0	0.0	0.0
k__Bacteria.p__Firmicutes.c__Bacilli.o__Bacillales	0.05808	0.16104	0.02166	0.00925	0.00747	0.00477	0.56395	0.03501	0.03101	0.03167	0.01757	0.02058	0.00319	0.09043	0.0	0.00939	0.04043	0.01273	0.17301	0.00725	0.01368	0.06904	0.00193	0.0	0.0	0.19522	0.00295	0.01043	0.0081	0.12817	0.83775	0.00227	0.06971	0.00227	0.00808	0.03354	0.0	0.0	0.0	0.0	0.0	0.06741	0.07777	0.02342	0.101	0.03892	0.0	0.0	0.0	0.01327	0.00943	0.09676	0.0	0.01473	0.0087	0.00517	0.02228	0.0	0.01636	0.02278
k__Bacteria.p__Firmicutes.c__Bacilli.o__Lactobacillales	2.84423	14.82984	0.29018	0.20944	4.95377	0.28392	0.30967	0.13552	10.32564	2.31251	0.59104	2.11886	0.58196	0.59186	1.75892	0.4758	7.79571	0.0666	4.80125	0.66382	4.40956	6.99216	0.48204	2.10403	0.45153	1.23728	0.65905	1.04807	1.70258	1.21117	1.0229	0.83008	15.3217	0.27477	2.60138	0.30288	1.06164	0.90937	15.73318	3.92516	0.08237	1.31863	1.53696	14.44159	2.21557	1.70365	1.04267	8.02045	0.35802	3.5293	0.35371	1.06699	0.27233	6.80805	0.23762	0.66345	0.66218	0.30015	3.28583	0.10549
k__Bacteria.p__Firmicutes.c__Clostridia.o__Clostridiales	57.87991	49.35234	19.5482	83.45115	35.52602	58.22017	17.45091	48.23961	26.17884	83.24346	62.97536	15.96132	36.68253	41.22359	67.72185	71.88166	32.90923	76.6395	55.03031	17.5945	61.91719	37.61573	44.96646	84.92939	68.38079	56.66626	58.84665	55.39008	61.78373	67.8027	45.18325	46.9835	33.14668	27.58814	40.91799	49.41257	48.73991	67.83852	54.3051	69.42691	58.60482	47.34016	53.5017	19.65983	58.95775	71.85075	46.96962	48.55809	52.63092	71.9441	67.08559	47.90858	50.57869	42.50645	53.07269	66.68313	15.23218	58.1071	44.90568	51.7557
k__Bacteria.p__Firmicutes.c__Erysipelotrichia.o__Erysipelotrichales	0.08153	2.01588	0.06139	0.0	0.16148	0.31786	0.83938	0.02171	0.13688	1.04411	0.18216	0.30573	0.01999	0.71698	0.04673	0.14063	2.06253	0.28649	0.24742	2.02745	2.13085	0.4935	0.03482	0.23559	0.08979	0.25111	0.0	0.0	0.07918	0.01153	1.02485	0.01931	0.2391	0.21645	0.58878	0.08266	1.57616	0.03366	0.34449	0.8052	0.00312	0.04646	0.76401	1.11501	0.01615	0.29236	0.59236	0.16753	0.66194	0.131	0.05146	0.20885	0.27509	2.81581	1.91212	0.0249	0.0935	0.08352	0.06513	3.37083
k__Bacteria.p__Firmicutes.c__Firmicutes_unclassified.o__Firmicutes_unclassified	1.63414	1.34895	0.0503	0.1691	0.72329	0.20733	0.65324	0.35447	1.02287	0.39821	0.16906	0.0	0.17323	0.30408	0.09367	0.54331	0.56746	1.04293	1.52919	0.1368	0.21976	0.46262	2.32092	0.57993	1.53585	0.14533	1.10979	0.49415	2.13007	0.61472	0.50949	0.25808	0.53105	2.30998	0.59248	1.26688	2.29686	0.78463	0.30858	1.49961	0.61149	0.1693	0.02782	2.78414	0.02472	0.06295	0.72936	1.06497	0.51776	0.139	0.12415	3.01866	0.90319	0.89911	5.96929	0.41513	1.27836	0.0	0.00679	0.32851
k__Bacteria.p__Firmicutes.c__Negativicutes.o__Acidaminococcales	1.60749	3.68352	3.65542	0.0	0.8657	3.2539	3.57634	1.37136	0.67733	0.63983	0.46283	0.0	1.57734	1.31622	0.43813	0.0	3.52317	1.74532	0.45916	0.25245	0.00058	2.7627	3.40465	0.0	0.13409	1.03357	0.0124	0.27514	0.0	2.7848	0.31763	0.07552	0.0	1.18983	3.71665	0.0	1.52506	0.0	1.13529	0.81262	0.0	0.0968	0.06729	0.9054	0.26038	0.59125	0.16045	0.29509	0.19834	0.0	0.05961	0.0	0.32074	0.0	0.94794	1.19637	2.6621	0.0	2.12838	2.17849
k__Bacteria.p__Firmicutes.c__Negativicutes.o__Selenomonadales	0.0	0.79531	0.0	0.0	0.07024	0.0	11.04584	0.0	0.0	0.00907	0.1105	0.0	3.31758	0.0	0.0	0.0	0.0	0.0	0.10386	0.0	0.19575	0.99949	0.0	0.46371	0.0	1.01361	1.32789	1.34822	0.0	0.0	0.00997	0.0	0.0	0.78437	0.31776	0.0	0.77446	0.0	0.0	0.0	0.0	0.0	0.0	0.00299	0.0	0.09946	0.20803	0.0	0.0	0.0	0.0	0.0	0.0	0.0	0.0	0.0	0.0	0.0	0.0	0.0
k__Bacteria.p__Firmicutes.c__Negativicutes.o__Veillonellales	0.16672	0.17528	0.0	0.0	0.15005	0.05356	0.29633	0.34335	0.01042	0.0	0.0	0.0	0.62629	0.72721	0.03592	0.32344	0.78793	0.0	0.31587	1.63746	0.79812	1.42425	0.14172	0.1061	0.00339	0.22101	1.09622	0.2049	0.29909	0.01009	0.54019	0.8088	2.75351	0.0	1.81619	0.21738	0.0	0.41331	0.01833	0.0	1.6155	0.02017	0.0	0.03871	1.66544	0.02714	0.0636	0.0	0.0	1.19126	0.14867	0.56565	0.02152	0.35277	0.0	0.0	0.12055	0.0053	0.12828	0.0
k__Bacteria.p__Firmicutes.c__Tissierellia.o__Tissierellales	0.01341	0.0	0.0	0.0	0.02037	0.0	0.21184	0.10247	0.0	0.01951	0.0	0.00751	0.0	0.18833	0.0	0.01807	0.0	0.02222	0.0011	0.0	0.0	0.03139	0.00323	0.0	0.0	0.07204	0.0	0.0	0.0	0.2118	0.3388	0.0	0.0	0.0	0.0	0.06685	0.06712	0.0	0.00272	0.0	0.0	0.0	0.36319	0.0	0.00525	0.0	0.0	0.0	0.0	0.0	0.0	0.0	0.0	0.0	0.0	0.0	0.0	0.0	0.0	0.0
k__Bacteria.p__Fusobacteria.c__Fusobacteriia.o__Fusobacteriales	0.02003	0.0	0.0	0.00075	0.0	0.0	0.011	0.35978	0.0	0.0	0.0	0.0	0.0	0.00807	0.0	0.0	0.0	0.01009	0.0	0.0	0.0	0.13733	0.0	0.0	0.0	0.0	0.0	0.0	0.0	0.00451	0.07921	0.0	0.0	0.0	0.0	0.00859	0.0	0.0	0.0	0.0	0.0	0.0	0.00559	0.0	0.0	0.0	0.0	0.0	0.0	0.0	0.0	0.0	0.00203	0.0	0.0	0.0	0.0	0.0	0.0	0.0
k__Bacteria.p__Lentisphaerae.c__Lentisphaeria.o__Victivallales	0.0	0.0	0.0	0.0	0.0	0.0	0.01885	0.04806	0.0	0.0	0.0	0.0	0.0	0.0	0.0	0.0	0.0	0.03216	0.0	0.0	0.02041	0.0	0.006	0.04324	0.0	0.0	0.0	0.0	0.0	0.0	0.0	0.0	0.0	0.0	0.0	0.0	0.0	0.00147	0.0	0.0	0.0	0.0	0.0	0.0	0.0	0.0	0.01113	0.0	0.0	0.00483	0.0	0.0	0.0	0.0	0.0	0.0	0.0	0.0	0.0	0.0
k__Bacteria.p__Proteobacteria.c__Betaproteobacteria.o__Burkholderiales	0.0416	0.0	0.01213	0.27132	0.04822	0.01258	0.0	0.0	0.0	0.006	0.13811	0.1701	0.01722	0.0	0.032	0.0	0.0	0.0	0.00042	0.0	0.50626	0.029	0.20772	0.00455	0.0	0.0	0.09562	0.25057	0.0	0.08656	0.00037	0.0	0.12796	0.34966	0.0	0.0	0.09325	0.16052	0.11041	0.00268	0.04021	0.07352	0.03491	0.05156	0.15947	0.0	0.00719	0.07332	0.00473	0.0	0.63286	0.0	0.0	0.08019	0.0	0.0	0.0	0.1556	0.0	0.0
k__Bacteria.p__Proteobacteria.c__Betaproteobacteria.o__Neisseriales	0.0	0.0	0.0	0.0	0.0	0.0	0.0	0.0	0.0	0.0	0.0	0.0	0.0	0.01385	0.0	0.0	0.0	0.0	0.0	0.0	0.0	0.0	0.0	0.0	0.0	0.0	0.0	0.0	0.0	0.0	0.0	0.0	0.0	0.0	0.0	0.0	0.0	0.0	0.0	0.0	0.0	0.0	0.00276	0.0	0.0	0.0	0.0	0.0	0.0	0.0	0.0	0.0	0.0	0.0	0.0	0.0	0.0	0.0	0.0	0.0
k__Bacteria.p__Proteobacteria.c__Deltaproteobacteria.o__Desulfovibrionales	0.11398	0.16167	0.04643	0.0	0.07384	0.04282	0.05991	0.08003	0.0	0.02254	0.16984	0.30385	0.47107	0.03701	0.0	0.08537	0.0138	0.04648	0.03944	0.0	0.03537	0.06543	0.45619	0.00904	0.03713	0.19614	0.0	0.00489	0.12648	0.04516	0.20892	0.01937	0.0	0.0	0.06399	0.09106	3.4693	0.05776	0.05832	0.00676	0.0304	0.13774	0.2065	0.0	0.05879	0.0	0.06974	0.07993	0.18	0.0	0.01442	0.05345	0.03999	0.01249	0.11989	0.02001	0.18041	0.0	0.01233	0.25997
k__Bacteria.p__Proteobacteria.c__Epsilonproteobacteria.o__Campylobacterales	0.0	0.0	0.0	0.0	0.0	0.0	0.00021	0.00291	0.0	0.0	0.0	0.0	0.0	0.0	0.0	0.0	0.0	0.0	0.0	0.0	0.0	0.0	0.0	0.0	0.0	0.0	0.0	0.0	0.0	0.0	0.00158	0.0	0.0	0.0	0.0	0.0	0.0	0.0	0.0	0.0	0.0	0.0	0.0	0.0	0.0	0.0	0.0	0.0	0.0	0.0	0.0	0.0	0.0	0.0	0.0	0.0	0.0	0.0	0.0	0.0
k__Bacteria.p__Proteobacteria.c__Gammaproteobacteria.o__Aeromonadales	0.0	0.0	0.94236	0.0	0.0	0.0	0.0	0.0	0.0	0.0	0.0	0.0	0.0	0.0	0.0	0.0	0.0	0.0	0.0	0.01438	0.0	0.0379	0.0	0.0	0.0	0.0	0.0	0.0	0.01384	0.91719	0.0	0.0	0.0	0.0	0.34541	0.0	0.0	0.0	0.0	0.0	0.0	0.0	0.0	0.0	0.0	0.0	0.0	0.0	0.0	0.0	0.0	0.0	0.0	0.0	0.0	0.0	0.0	0.0	0.0	0.0
k__Bacteria.p__Proteobacteria.c__Gammaproteobacteria.o__Enterobacterales	3.58788	0.39643	0.21822	0	0	8.79445	0.23608	0.2205	1.50013	0.35187	0.00575	0.21906	0	0.75762	0.42254	0.05462	21.09679	1.92338	0.16817	0.13757	1.44778	0.00447	0.2615	1.1068	0.01174	0.0014	2.59539	0.19816	0.24237	1.24678	2.67668	0.24715	0.00753	0.00619	0.05667	0.16296	1.90823	0.0278	0.01144	0.01265	0	0.0019	12.85248	0.75673	0.17011	0.0	0.24994	1.15159	0	0.39636	0.0	1.24897	0	0	1.32818	0	0.18051	0	0.18892	0
k__Bacteria.p__Proteobacteria.c__Gammaproteobacteria.o__Pasteurellales	0.05071	0.0	0.0	0.0	0.0	0.0	0.00736	0.0	0	0.0	0.0	0.0	0	0.00872	0.0	0.0	0.03706	0.0	0.22296	0.05321	0.03057	0.00402	0.0	0.0171	0.0	0	0.0	0.01678	0.0	0.0	0.0	0.0	0.76276	0.0	0.0153	0.0	0.0	0.0	0.01642	0	0.0	0.0344	0	0.00882	0.0	0.06704	0	0.0	0.0	0.12129	0.01389	0.0	0.0	0.0	0	0	0	0.0	0.02888	0.0
k__Bacteria.p__Proteobacteria.c__Gammaproteobacteria.o__Pseudomonadales	0.0	0.0	0.0	0.0	0.0	0.0	0.0	0.0	0	0.0	0.0	0.0	0	0.0	0.0	0.0	0.0	0.0	0.0	0.0	0.0	0.0	0.0	0.0	0.0	0	0.0	0.0	0.0	0.0	0.0	0.0	0.0	0.0	0.0	0.0	0.0	0.0	0.0	0	0.0	0.0	0	0.0	0.0	0.0	0	0.0	0.0	0.01574	0.0	0.0	0.0	0.0	0	0	0	0.0	0.0	0.0
k__Bacteria.p__Proteobacteria.c__Proteobacteria_unclassified.o__Proteobacteria_unclassified	0.0	0.0	0.0	0.00699	0.0	0.0	0.01762	0.0	0	0.0	0.04339	0.00908	0	0.0	0.06212	0.0	0.0	0.0	0.0	0.0	0.03308	0.0	0.32322	0.0	0.0	0	0.00238	0.0	0.0	0.05325	0.0	0.0	0.12607	0.0	0.0	0.0	0.0	0.0	0.00218	0	0.0	0.22267	0	0.21399	0.0081	0.0	0	0.0	0.0	0.0	0.0	0.0	0.0	0.0	0	0	0	0.73039	0.0	0.0
k__Bacteria.p__Spirochaetes.c__Spirochaetia.o__Spirochaetales	0.0	0.0	0.0	0.0	0.0	0.0	0.0	0.0	0	0.0	0.0	0.0	0	0.0	0.0	0.0	0.0	0.0	0.0	0.0	0.0	0.0	0.0	0.0	0.0	0	0.0	0.0	0.0	0.0	0.02859	0.0	0.0	0.0	0.0	0.0	0.0	0.0	0.0	0	0.0	0.0	0	0.0	0.0	0.0	0	0.0	0.0	0.0	0.0	0.0	0.0	0.0	0	0	0	0.0	0.0	0.0
k__Bacteria.p__Synergistetes.c__Synergistia.o__Synergistales	0	0.0	0.0	0.00187	0.0	0.0	0.0	0.05732	0	0.0	0.0	0	0	0.02131	0.0	0.0	0	0.04654	0	0.02913	0	0.0	0	0	0.0	0	0	0.0	0.0	0.0	0.02547	0.0	0	0.01862	0.00609	0.00084	0.0	0.0	0.0	0	0.0	0	0	0.00623	0	0	0	0.0	0.0	0.0	0.0	0.0	0.0	0.0	0	0	0	0.0	0	0.0
k__Bacteria.p__Verrucomicrobia.c__Verrucomicrobiae.o__Verrucomicrobiales	0	0.3138	0.05846	0.00243	2.90133	0.91854	2.70155	1.47332	0	0.0	0.0	0	0	0.26949	0.13955	0.06523	0	2.44666	0	2.0403	0	0.34312	0	0	1.66112	0	0	0.20092	1.83542	0.17594	6.57948	0.85787	0	1.25198	0.0	0.0	2.9735	1.07144	0.12127	0	0.71333	0	0	0.0	0	0	0	1.89237	0.78324	0.22503	0.13973	1.72996	0.07653	0.07357	0	0	0	0.6904	0	0.68001
